BuId,Rim,TotalCards
952404,1000165,1
851883,1000304,1
851658,1000371,1
851734,1000397,1
956646,1000453,1
851811,1000499,1
851888,1000598,1
851813,1000632,1
851890,1000718,1
851892,1000841,1
851817,1000859,1
851894,1000916,2
851744,1000921,1
851745,1000965,1
851562,1001007,1
851897,1001122,1
851747,1001128,1
851672,1001131,2
851822,1001133,1
851748,1001154,1
851902,1001365,1
851903,1001439,1
851829,1001622,1
851755,1001699,1
851680,1001726,1
851906,1001762,1
851759,1001957,1
851760,1002030,1
851912,1002158,3
851762,1002162,1
851837,1002180,1
955434,1002230,1
851838,1002265,2
955374,1002321,1
851841,1002355,1
851767,1002377,1
851919,1002435,1
850878,1002446,1
851844,1002536,1
957055,1002615,1
851921,1002638,1
851851,1003007,1
851928,100318,1
851710,1003656,2
851860,1003661,3
851711,1003702,1
851939,1003865,1
851940,1003994,1
851865,1004047,1
851866,1004077,1
954069,1004095,1
851717,1004132,1
949118,1004145,1
851943,1004207,1
851793,1004343,1
851945,1004370,1
851720,1004377,1
954351,1004428,1
851721,1004434,1
851871,100444,1
851947,1004454,1
851796,1004474,3
851872,1004502,1
851592,1004900,1
850883,1004924,1
851956,1005137,1
851881,1005152,1
851957,1005268,1
852110,1005391,1
851960,100541,1
852036,1005464,2
852113,1005490,1
852114,1005542,2
852191,100556,1
852038,1005614,2
851967,1005823,1
851968,1005910,1
851971,1006052,2
851972,1006085,1
852123,1006087,1
852046,1006102,1
852124,1006159,2
852047,1006179,1
851974,1006224,1
852204,1006341,1
852050,1006344,2
852128,1006349,2
851978,100641,2
951032,1006520,1
852208,100654,1
852054,100655,1
852133,100657,1
852059,1006829,1
852063,1007013,1
852227,1007401,1
946646,1007403,1
852228,1007485,1
852074,1007486,2
852229,1007570,1
852153,1007622,1
852154,1007764,1
852004,1007814,1
852006,1007922,1
852234,1007968,1
852235,1007992,1
852082,1008099,2
852084,1008213,1
852162,1008226,1
852239,100823,1
852014,1008374,1
852166,1008426,1
947861,1008488,1
852244,1008545,1
852245,1008577,2
852091,1008578,1
852170,1008679,1
852248,100876,1
852175,1008950,2
852176,1008998,1
946664,1009147,1
852029,1009297,2
852103,1009355,1
852182,1009426,1
852412,1009638,1
852263,1009654,1
851270,1009679,1
852487,1009700,1
852265,1009748,1
852340,1009923,1
958469,101001,1
852342,1010096,1
958300,1010180,1
852420,1010185,1
959801,1010323,1
952241,1010602,1
852277,1010643,1
852500,1010654,1
852501,1010698,1
852352,1010732,2
852431,1010886,1
852434,1011009,1
852287,1011041,1
852510,1011044,1
950806,1011084,1
852516,1011314,2
852517,1011344,3
953520,1011394,1
852296,1011452,1
852370,101157,1
852523,101167,1
958405,1011833,1
852526,1011904,1
852303,1011955,2
852527,1011987,1
852453,1011996,1
852304,1012022,3
852457,1012138,1
852381,1012144,2
852382,1012171,1
852383,1012207,1
852460,1012268,1
852312,1012372,1
852463,1012440,1
852467,1012616,1
852319,1012626,1
852544,1012647,1
852321,1012711,2
852323,1012825,1
852324,1012917,3
852551,1013072,1
852328,1013093,2
852552,1013102,1
852477,1013105,1
852331,1013341,2
852480,1013392,2
851809,1000430,1
851735,1000459,1
851660,1000465,1
851889,1000641,1
851665,1000767,1
851818,1000915,1
851819,1000954,2
851671,1001069,1
851673,1001179,1
851824,1001242,1
952438,1001264,1
851751,1001329,1
851827,1001427,1
851828,1001514,1
851679,1001612,1
851905,1001672,1
851756,1001787,1
958979,1002018,1
851911,1002098,1
851686,1002126,1
851687,1002165,1
851913,100220,2
947173,1002211,1
851688,1002236,1
851696,1002656,1
851772,1002694,1
851924,1002822,1
949326,1002859,1
851849,1002890,1
946071,1002920,1
851926,1002990,1
851778,1003295,1
851779,100334,1
851855,1003390,2
947845,1003397,1
851706,1003423,1
851935,1003643,2
851938,1003825,1
851787,1003831,1
851789,1004035,1
851715,1004043,1
851791,1004130,1
851718,1004263,1
851868,1004311,1
851944,1004325,1
851869,1004368,1
958561,1004395,1
851948,1004554,1
851724,1004677,1
851950,1004687,1
851800,1004754,1
851878,1004961,1
851729,1005079,1
851880,1005096,1
851730,1005142,1
852184,1005165,1
851962,100547,1
851963,1005530,1
947146,1005546,1
852039,1005771,1
851966,1005793,1
852197,1005976,1
852122,1006058,1
851973,1006147,1
852202,100624,1
851975,1006277,1
852129,1006472,1
851980,1006527,1
852131,1006534,1
852209,1006557,1
851986,1006832,1
947858,1006895,1
945704,1006917,1
852217,1007003,1
852218,1007042,1
851992,1007105,1
851993,1007157,1
852144,1007174,1
852221,1007179,1
851995,1007218,1
852069,1007245,1
852224,1007272,2
852071,1007315,1
852075,1007585,1
852231,1007777,3
852232,1007860,2
852158,1007979,1
852159,1008049,1
852010,1008205,1
852161,1008209,1
852238,1008212,1
852011,1008220,2
852086,1008285,1
852015,1008403,1
852019,1008659,1
852020,1008728,1
852174,1008918,2
852026,1009077,1
852255,1009133,1
852105,1009438,1
852106,1009483,1
852411,1009522,1
852485,1009616,1
852489,100984,3
852267,1009853,3
852341,1009935,1
852269,1009956,1
852418,1010056,2
852493,1010133,1
852421,1010232,1
852273,1010253,1
852496,1010265,1
852346,1010288,1
959598,1010617,1
852349,101064,2
852351,1010707,1
852505,1010877,1
852506,1010939,1
852507,1010984,1
852509,1011028,3
852361,1011088,2
852438,1011136,1
852442,1011321,2
852294,1011342,1
852520,1011565,1
852297,1011577,1
852448,1011611,2
947868,1011636,1
852373,1011709,1
852524,1011729,1
947869,1011754,1
852378,1012069,1
852455,1012081,2
852308,1012158,1
852309,1012176,1
852459,1012195,2
852385,1012367,1
852462,1012384,1
852388,1012484,1
852315,1012492,2
852539,1012494,1
852317,1012585,1
852318,1012613,1
852468,1012634,1
852472,1012861,1
852326,1012970,1
959211,1013017,1
852401,101309,1
953921,1013124,1
852402,1013145,2
852404,1013321,1
950115,1013440,1
852406,1013453,1
852409,1013550,1
852786,101374,1
851258,1013869,2
850688,1013872,1
954853,1014016,1
956801,1014155,1
852643,1014186,1
852794,10142,1
852573,1014210,1
852645,1014231,1
852796,1014271,1
852647,101432,2
852649,1014399,1
959650,1014406,1
852726,1014452,1
852581,1014541,1
852582,1014560,1
852804,1014578,1
852655,1014636,1
852731,1014638,1
852656,1014644,2
852585,1014649,1
852407,1013514,2
852334,1013517,1
852408,1013533,2
852709,1013564,1
959717,101373,1
852635,1013790,1
852566,1013847,1
852789,1013857,1
852640,1014027,1
852792,1014140,1
852642,1014142,1
852572,1014190,1
852574,1014232,1
852576,1014346,1
852799,1014394,1
852578,1014405,1
852801,1014461,1
852802,1014527,1
852583,1014601,3
852586,1014702,1
852660,1014846,1
852736,1014852,1
852738,1015021,1
852816,1015112,2
852595,1015115,1
852742,1015120,1
852817,1015129,2
852818,101515,2
852668,1015168,1
852744,1015174,1
946548,1015178,1
954558,1015249,1
852600,1015301,2
852822,1015308,1
852601,1015325,1
852673,101536,2
852749,1015376,1
952608,1015595,2
852608,1015602,1
852757,1015641,1
852682,1015646,1
951952,1015709,1
852836,1015881,2
852686,1015891,1
852616,1015930,1
954666,1016062,1
852768,1016103,1
953162,1016129,1
852693,1016140,1
852622,1016142,1
852844,1016179,1
852695,1016189,2
852772,1016222,1
852625,1016227,1
852699,1016288,1
851406,1016359,1
852629,101644,1
852778,101645,1
852853,1016459,1
952260,1016462,1
852630,1016493,1
852857,1016622,1
852707,1016624,1
852859,1016626,1
852932,101669,1
853007,1016703,1
852865,1016773,1
953813,1016785,1
853010,1016799,1
853011,1016883,1
853090,1016948,1
853014,1017073,1
852874,1017308,1
852945,1017321,1
852878,101745,2
853024,1017512,1
853103,1017562,1
852956,1017904,1
853031,101794,1
852957,1017950,1
853032,1017960,2
852889,1018002,1
852890,1018044,1
852961,1018129,1
949214,1018208,1
853039,1018317,1
852965,1018328,1
853117,101840,1
852897,1018515,3
853042,1018525,2
853119,1018528,2
853122,1018715,2
853046,1018804,2
852972,1018819,1
852902,101885,1
852974,1018892,2
853049,1018901,1
853050,1018944,1
852976,1018950,2
958691,1019035,1
852977,1019134,2
853130,1019250,1
853132,1019367,1
852911,1019374,2
853133,1019383,2
852913,1019512,1
853058,1019533,1
852914,1019575,1
853059,1019585,1
853140,1019728,1
852990,1019789,2
852920,1019796,2
852991,1019829,1
853066,1019889,1
853143,1019898,1
853068,1019938,1
853145,1019946,1
852924,1019955,2
853146,1019987,1
852926,1020043,1
853071,1020045,1
852927,1020093,1
959843,1020128,1
853072,1020130,1
852928,1020174,1
853151,1020203,1
853075,1020213,1
853157,1020358,1
853004,1020531,1
853080,102058,1
853305,1020667,1
853232,1020797,1
853308,1020880,2
853238,1021148,1
853389,1021291,1
853170,1021323,1
853171,1021384,1
853242,1021390,1
946316,1021489,1
853399,102164,1
853321,1021644,1
853246,1021676,1
853403,1021839,2
853254,1022064,4
853411,1022116,1
853187,1022136,2
853257,1022150,1
946487,1022288,1
853413,1022332,1
853189,1022368,1
853416,1022508,1
853419,1022713,1
958306,1022761,1
853196,1022884,2
853197,1023034,1
853345,1023135,1
947865,1023195,1
853348,1023233,1
853350,1023322,1
853352,1023398,1
853208,1023454,1
959696,1023489,1
853278,1023504,1
853210,1023558,1
940507,1023584,1
853355,1023650,2
853211,1023652,1
853437,1023683,1
853357,1023762,1
853218,1024080,2
853444,1024216,1
853364,1024293,1
958662,1024409,1
853225,1024538,2
853296,1024662,1
852732,1014669,1
852812,1015000,1
852813,1015035,1
852663,1015036,2
852592,1015055,1
852664,1015091,2
852740,1015098,1
852815,1015099,1
852819,1015179,1
852670,101526,2
852821,1015282,1
852671,1015293,1
852747,1015303,1
852672,101532,1
954352,1015323,1
852748,1015327,4
852675,1015468,1
852826,1015496,1
852676,1015500,2
852606,1015546,1
852753,1015562,1
852607,1015566,1
852679,1015587,1
852610,101564,2
852611,1015669,1
852833,1015686,1
852687,1015921,1
852838,1015955,1
852617,1015958,2
852689,1015979,1
852765,1015987,1
852770,1016184,2
852624,1016194,1
852696,1016210,1
852773,1016249,1
947849,1016319,1
852775,1016332,1
956642,1016355,1
852776,1016370,1
852701,1016378,2
959575,1016385,1
852780,1016537,1
951992,1016557,1
852782,1016599,2
852861,1016658,1
852862,1016693,1
853085,1016705,1
852864,1016752,1
853087,1016761,1
852935,1016771,1
852936,1016839,1
853089,1016904,2
852868,1016956,2
853013,1016992,1
947851,1017001,1
853092,1017077,1
852870,1017170,1
852941,1017184,3
853016,101719,1
853094,1017207,1
852872,1017223,1
853017,1017228,2
853095,1017260,1
852873,1017290,1
853096,1017296,1
853019,1017311,2
852947,1017396,1
952691,1017400,1
852948,1017438,1
853101,1017490,2
852949,1017496,1
850864,1017513,1
852950,1017531,1
853105,1017745,1
852954,1017764,1
958589,1017809,1
853106,1017855,1
852955,1017887,1
852959,1018001,2
956679,1018065,1
959338,1018236,1
853115,1018269,1
853040,1018394,1
852896,1018439,1
953831,1018659,1
952038,1018692,1
852971,1018732,1
946778,1018752,1
852973,101887,1
956736,1019012,1
852906,1019040,1
853128,1019110,1
853052,1019168,2
852979,1019271,1
852909,1019284,1
953973,1019300,1
853054,1019301,2
955109,1019349,1
852982,1019402,1
853057,1019427,1
853135,1019557,2
853061,1019625,1
852917,1019645,1
853062,1019666,1
852988,1019682,1
852992,1019903,2
853073,1020156,1
853000,1020209,1
853002,1020264,1
959565,1020265,1
852931,1020266,1
946774,1020325,1
956695,1020386,1
850669,1020419,2
853156,1020523,1
853159,1020564,1
853378,1020601,1
853304,1020611,1
951483,1020644,1
945401,1020653,1
853231,1020714,1
853386,1021137,1
853313,1021188,1
853314,1021272,1
853241,1021335,1
853245,1021559,2
853400,1021687,1
853322,1021698,1
853177,1021717,1
853179,1021837,1
853181,1021918,1
853182,1021984,1
853328,1022023,1
853185,1022068,1
853255,1022071,1
853414,102241,1
853335,1022419,1
946711,1022571,1
853261,1022586,1
853263,1022708,1
853195,1022729,1
853341,1022779,1
853342,1022930,1
850948,1023074,1
853425,1023128,2
853203,102326,1
853273,1023265,1
853430,1023313,1
853205,1023330,1
853207,102340,1
851638,1023447,1
951982,1023625,1
853282,1023790,2
853440,1023845,1
853359,1023852,1
853363,1024219,1
853292,1024487,1
853369,1024520,1
853294,1024559,1
853370,1024567,1
853228,1024710,1
853297,1024712,1
952787,1024719,1
853229,1024732,2
853459,1025048,1
853685,1025122,1
853538,1025303,1
853690,1025479,2
853543,1025700,2
853621,1025851,1
853476,1025871,1
853623,1026072,1
853700,1026107,1
853552,1026280,1
853557,1026602,2
853455,1024746,2
853299,1024769,1
853458,1024996,2
853610,1025114,1
853687,1025196,1
853614,1025469,1
946505,1025482,1
853470,1025542,1
853541,1025552,2
945684,1025574,1
853471,1025584,1
853542,1025590,1
853617,1025604,2
853693,1025631,2
953892,1025754,1
853695,1025768,1
947866,1025949,1
853699,1026080,1
949604,1026103,1
853550,1026137,1
853483,1026386,1
853554,1026388,1
853705,1026436,2
853560,1026744,1
853635,1026748,2
946621,1026767,1
853490,1026771,1
958304,102704,1
853717,1027042,1
853643,102713,1
853569,1027153,1
853644,1027162,1
853722,1027293,1
955089,1027354,1
853725,1027392,1
950280,1027517,1
853651,1027587,1
853728,1027735,2
853730,1027806,1
853510,1027871,1
853734,1028029,1
853583,1028072,3
853659,1028113,1
853738,1028342,1
853518,1028416,1
853663,1028476,1
959269,1028502,1
853520,1028546,1
853591,1028700,1
853743,1028712,1
956661,1028721,1
853749,1028983,1
853674,1029062,1
853751,1029072,1
853601,1029219,1
853753,1029239,1
853678,1029289,1
853535,1029340,1
853682,1029478,1
853761,1029488,1
853988,1029578,1
853765,1029687,1
853842,1029922,1
853918,1029959,1
853994,1029961,1
853920,1030070,2
955114,1030198,1
853922,1030199,1
854004,1030532,2
854005,1030580,1
853781,1030594,1
853857,1030752,1
949984,1030768,1
854010,1030885,1
853787,1030975,1
853789,1031032,1
853790,1031069,1
854015,1031087,1
853940,1031115,2
853942,1031202,1
853943,1031245,1
853945,1031383,3
853946,1031460,2
853798,1031498,1
853873,1031633,3
853800,1031689,2
853949,1031792,1
853803,1031902,1
952606,1031924,1
947235,1032089,1
853881,1032189,1
853807,1032213,1
951185,1032269,1
854033,1032299,1
853957,1032398,1
958971,1032420,1
853810,1032437,1
854035,1032466,1
853959,1032526,1
854038,1032748,1
853962,1032797,1
854040,1032974,1
854041,1033026,1
853892,1033100,1
853819,1033127,2
854045,1033161,1
854047,1033238,1
853897,1033262,1
854053,1033551,1
853829,1033617,1
854059,1033994,1
854140,1034012,1
853911,1034123,1
954698,1034152,1
854143,1034174,1
854292,1034284,1
950268,1034303,1
854293,1034423,1
950911,1034470,1
854067,1034610,1
854068,1034685,1
854219,1034717,1
854220,1034774,1
947679,1034999,1
854224,1035012,1
854302,1035068,1
854157,103525,1
952043,1035304,1
854085,1035557,1
854165,1035582,1
854236,103561,1
854237,1035680,1
854240,1035826,1
854241,1035834,1
854091,1035836,2
854320,1035886,1
854244,1035954,1
854096,1036063,1
954892,1036066,1
854324,1036112,1
854329,1036295,1
947518,1036318,1
854183,1036357,2
854104,1036404,1
854184,1036409,1
854258,1036540,1
947236,1036639,1
854260,1036643,1
854263,1036710,2
854113,1036711,2
947854,1036807,1
854268,1036877,1
854199,1036990,1
854348,1036996,1
854202,1037071,1
959373,1037076,1
854203,1037079,1
854274,1037080,1
854352,1037114,1
854353,1037178,1
854276,1037182,2
854355,1037255,2
854279,1037295,1
854280,1037319,1
945548,1037544,1
950877,1037703,1
854363,1037791,2
854368,1037910,1
854445,1038120,1
854597,1038237,1
854376,1038246,1
956743,1038266,1
854377,1038300,2
854600,1038379,1
853488,102671,1
853561,1026772,1
853712,1026791,1
853640,1026978,1
959507,102698,1
853716,102699,2
853497,1027111,1
853720,1027167,1
853571,1027235,1
853646,1027257,1
853723,1027327,1
850967,102735,1
853573,1027383,1
853578,1027789,1
853654,1027795,1
853509,1027814,1
853656,1027928,1
853582,1027985,1
853513,1028071,1
959566,1028340,1
853739,1028377,1
853740,1028505,2
853590,1028555,1
853665,1028559,1
853742,1028569,1
853668,1028836,1
853747,102894,2
853596,1028947,1
853750,1029019,1
853531,1029207,2
949603,1029256,1
853533,1029273,1
853534,1029296,1
853758,1029465,1
853760,1029466,1
853607,1029474,1
853836,1029503,2
853987,1029520,1
951248,1029580,1
853914,1029727,1
853841,1029768,1
949777,1029776,2
853768,1029936,1
853917,1029940,1
853995,1030022,1
853847,1030155,1
955530,1030157,2
853923,1030242,2
853777,1030398,2
854002,1030418,1
853778,1030464,1
853927,1030497,1
853780,1030568,2
955211,1030600,1
853783,1030758,2
853932,1030770,1
954503,1030834,1
853859,1030843,1
854012,1030988,1
853863,1031023,1
853865,1031093,1
854016,1031116,1
853941,1031129,1
950141,1031260,1
853944,1031298,1
854022,1031463,1
853953,1032034,2
854029,1032060,1
854031,1032185,1
853808,1032288,2
853812,1032616,1
853960,1032694,2
853963,1032949,2
952453,1032968,1
853893,1033115,1
853820,1033148,1
854049,1033337,1
853825,1033360,1
853900,1033387,1
853901,1033445,1
853975,1033474,2
853976,1033507,1
853903,1033571,1
853904,1033667,1
853831,1033722,1
853834,1033875,1
853909,1034010,1
853983,1034015,2
854060,103403,1
854061,1034115,1
946442,1034156,1
854291,1034216,1
854218,1034661,1
854148,103471,1
854149,1034740,1
854298,1034792,1
854073,103497,2
854155,1035125,1
854226,1035133,1
854076,1035143,1
956681,1035188,1
854227,103523,1
854231,1035410,1
854161,1035451,2
854162,1035490,2
854083,1035507,1
854163,1035512,1
854167,1035757,1
854321,1035928,1
854174,1035973,1
950193,1036252,1
854330,1036326,1
854253,1036332,1
854331,103635,1
854254,1036362,1
854333,1036440,1
854107,1036522,1
854190,1036656,1
854340,1036700,1
854343,1036772,1
854116,1036788,1
854117,1036808,1
854119,1036948,1
854270,1036993,1
854351,1037078,2
854124,1037084,1
854127,1037233,1
854207,103726,1
854209,1037318,1
854210,1037343,1
854359,1037386,1
854211,1037397,1
854282,1037455,2
854132,1037459,1
854364,10379,1
854365,1037934,1
854288,1037947,2
854372,1038069,1
854374,1038160,1
854526,1038334,1
854527,1038444,1
854602,1038558,1
854381,1038617,1
854604,1038726,1
951050,1038992,1
854534,1039137,1
854387,1039238,1
854389,1039348,2
947872,1039380,1
854612,1039403,1
854613,1039507,1
854392,1039559,1
854393,1039693,1
854615,1039760,2
854394,1039868,3
854620,1040249,1
854408,1040944,1
854485,1041373,1
854634,1041374,1
854637,1041504,1
952664,1041505,1
954753,1041891,1
854420,1041948,1
854492,1042027,3
854569,1042059,1
854570,1042129,2
854571,1042170,1
854573,104243,1
854497,1042504,2
854644,1042534,1
854500,1042723,2
854501,1042815,1
854648,1042825,1
854431,1042997,1
854503,1043010,2
854530,1038681,1
854531,1038730,1
854605,1038818,1
854384,1038853,1
854606,1038924,1
854457,1039067,2
854607,1039129,1
854458,1039145,1
854388,1039268,1
854610,1039338,1
947873,1039401,2
854391,1039423,2
854463,103948,2
854464,1039561,2
951208,1039642,1
945951,1039672,1
854541,1039683,1
854465,1039751,1
854542,1039866,1
854544,1040043,1
854546,1040194,1
953518,1040339,1
854471,1040348,1
854621,1040373,1
854400,1040394,1
854401,1040437,2
854473,1040440,1
854551,1040504,1
854407,1040868,1
854629,1040879,1
854480,1040952,1
854558,104108,1
854410,1041095,1
854559,1041116,1
854560,1041151,1
854635,1041408,1
949619,1041412,1
854567,1041583,1
952460,1041789,1
851461,1041792,1
951491,1042356,1
854647,1042730,1
854649,1042968,1
854651,1043051,1
854504,1043074,2
854582,1043204,1
854506,1043229,1
854583,1043276,1
854436,1043287,2
854584,1043321,1
854656,1043344,1
854585,1043345,1
955496,1043431,1
854658,1043575,1
854588,1043822,2
854442,1043907,2
854513,1043943,1
854592,1044242,1
854668,1044277,1
854516,1044284,1
854664,1044348,1
854741,1044462,1
854671,1044564,1
854742,1044588,3
854818,1044609,2
854745,1044954,1
950369,1045160,1
854825,1045167,1
854680,1045220,2
854828,1045291,1
854908,1045549,1
854755,1045575,1
854909,1045716,3
854688,1045899,1
854760,1045921,1
854914,1046019,2
854915,1046163,2
854839,1046190,1
854918,1046362,1
854766,1046377,2
854845,104661,1
854849,1046873,1
854926,10469,1
854703,1046929,2
854931,1047400,1
854710,1047607,1
854712,1047700,1
854861,1047767,1
854939,1047973,1
854867,1048244,1
854947,1048342,1
854872,1048500,1
854726,1048583,2
854957,1049156,1
952803,1049203,1
854806,1049256,1
959238,1049259,1
854882,1049263,1
854883,1049300,1
854808,1049326,1
854811,1049771,1
854964,1049849,2
854813,1049999,1
854814,1050045,1
854815,1050087,2
854816,1050128,1
855047,1050280,1
855199,1050310,1
855048,105034,1
855049,1050415,1
855131,105078,1
854983,1050798,2
855054,1050801,1
854984,1050821,1
855055,1050841,1
855207,1050856,1
854989,1051220,1
855062,1051390,2
855064,1051523,2
855216,1051543,1
855142,1051550,1
855065,1051578,2
854995,10516,1
855219,1051690,1
855078,1052515,1
855081,1052687,1
855011,1052718,1
855160,105275,1
855235,1052864,1
946133,1053016,1
855164,1053038,1
855016,1053039,2
855017,1053077,1
855240,1053102,2
855090,1053185,1
855242,1053190,2
855020,1053214,1
855169,1053271,1
855021,1053282,1
855092,1053322,3
855244,105334,2
855024,1053510,1
855174,1053650,1
855098,1053775,1
850679,1053804,2
855101,1054038,1
850889,1054102,1
855254,1054141,1
855181,1054142,2
855033,1054213,1
855105,105422,1
855259,1054352,1
855260,1054380,1
855187,1054395,1
855112,1054530,2
855191,1054598,1
855042,1054636,1
855194,1054747,1
855268,1054772,1
956697,1054823,1
956852,1054938,1
855424,1055147,1
855281,1055330,1
855353,1055405,1
855285,1055608,2
950765,1055709,1
950492,1055777,1
855288,1055797,1
855593,1056179,1
945646,1056226,1
855295,1056236,2
855297,1056342,1
855299,1056521,1
855453,1056946,1
855608,1056966,1
854433,1043065,1
854581,1043095,2
854509,1043383,2
854439,1043439,1
854510,1043504,1
854589,1043900,2
854666,1043979,1
854591,1044097,1
854663,1044216,1
854744,1044857,1
854822,1045013,1
854900,1045023,1
854676,1045034,1
854901,1045043,1
854677,1045057,1
854749,1045164,1
854903,1045169,2
954665,1045392,1
854683,1045567,1
850969,1045598,1
854689,1045973,1
854690,1046052,1
953981,1046160,1
854765,1046281,1
854841,1046289,1
854920,1046501,1
952536,1046504,1
854922,1046637,1
854698,1046703,1
854771,1046761,1
854847,1046784,1
854851,1046967,1
854854,1047376,1
854780,1047447,1
854782,1047611,1
854935,1047661,1
854783,1047676,1
854859,1047677,1
854936,1047682,1
854784,1047701,1
854860,1047738,3
854713,1047754,1
854788,1048020,1
854717,1048041,1
949922,1048117,1
854942,1048127,1
854793,1048284,1
854869,1048285,1
854724,1048426,1
854875,1048671,1
854728,1048696,1
854953,104881,1
854733,1049211,1
854959,1049267,1
854807,1049274,2
854884,1049333,1
854737,1049550,1
854809,1049563,1
854885,104957,1
851338,1049730,1
959299,1050033,1
854967,1050042,2
854892,1050130,1
855122,1050132,2
855045,1050152,1
854975,1050213,1
855046,1050214,1
855201,105044,1
855127,1050483,1
855128,105056,1
854980,1050573,1
855203,1050599,1
855130,1050712,1
855208,1050943,1
947848,1050952,1
855209,1051041,1
855059,1051185,1
855213,1051305,1
953202,1051524,1
855143,105159,1
855218,1051666,1
952609,1051862,1
958565,1051921,1
855149,1051943,1
855002,1052155,1
855074,1052216,1
855226,1052240,2
855004,105226,1
855228,1052387,2
855006,1052400,1
855232,1052645,1
855158,1052657,1
855084,105292,1
855085,1052963,1
855237,1052974,1
949975,1053135,1
855168,1053200,1
855171,105347,1
855023,1053473,1
855094,1053474,1
855172,1053500,1
855247,1053575,2
855173,1053578,1
855096,1053592,1
955121,1053840,1
855100,1053901,2
855252,1053932,1
855178,105398,1
855032,1054159,1
953473,1054180,1
855182,1054193,1
855257,105425,1
855258,1054308,1
855185,1054311,1
855108,1054318,1
855262,1054482,1
855041,105458,1
855192,1054650,1
949259,1054743,1
855117,1054771,2
855195,1054778,1
855574,1054982,1
855575,1055005,1
855277,1055033,1
855351,1055245,1
855426,1055359,1
855355,1055552,1
855584,1055554,2
947091,1055689,1
855586,1055744,2
855587,1055796,1
855289,1055891,1
855293,1056141,1
855365,1056212,1
855366,105624,1
855370,1056491,1
855446,105662,1
855447,1056643,1
855448,1056709,1
855603,105674,1
855376,105684,1
855451,1056875,1
855606,1056887,1
855379,1056947,2
855380,1057017,1
855309,1057072,1
855610,1057089,1
855388,1057675,1
855319,1057794,3
855620,1057834,2
855621,1057915,1
855468,1058000,1
855324,1058127,2
855470,1058134,1
855325,1058197,1
855326,1058216,1
950921,1058228,1
855628,1058271,1
855329,1058370,1
855403,1058517,1
855479,1058559,1
855481,1058762,2
855337,1058836,2
855484,1058862,1
855485,1058931,1
855409,1058940,1
855641,1059013,1
855488,1059141,1
855416,1059309,1
855500,1059358,1
855801,1059591,2
959189,1059625,1
855803,1059693,1
855654,1059701,1
855804,1059737,1
855508,1059761,3
855805,1059799,1
855728,1059835,1
855807,1059901,1
855730,1059951,1
950315,1060011,1
855810,1060145,1
855662,1060196,1
855812,1060223,1
855736,1060261,1
855737,1060339,1
855668,1060616,1
855669,1060656,1
855741,1060697,1
947734,1060867,1
855821,1060922,1
945421,1061035,1
855825,1061218,1
855529,1061245,1
855826,1061252,1
855679,1061374,2
855534,1061578,2
956920,1061638,1
855833,1061711,1
855537,1061728,1
855755,1061745,1
855756,1061775,2
855541,1061942,1
855689,1061952,1
958983,1061954,1
855690,1061973,1
855841,1062054,1
855545,1062064,1
855694,1062254,1
855695,1062336,1
855548,1062341,2
946827,1062438,1
855697,1062479,2
945580,1062527,1
855848,1062598,1
953453,1062637,1
855856,1063027,1
855857,1063097,2
855564,1063342,1
855864,1063444,1
949713,1063548,1
855790,1063735,1
855872,1063883,1
855958,1064255,1
856028,1064423,1
855961,1064470,1
856110,1064697,1
856111,1064818,1
855969,1064990,2
856118,1065106,1
949323,1065211,1
856123,1065493,1
856045,1065562,1
947773,1065778,2
855901,106585,1
856127,1065871,1
855904,1066047,3
856051,1066073,1
959344,1066269,1
855910,1066570,1
855911,1066610,1
855991,1066746,1
856060,1066861,1
856063,106714,1
954420,1067163,1
855998,1067478,1
856144,1067530,1
856067,1067605,1
855922,1067630,1
856147,1067644,1
856149,1067694,2
856006,1067847,1
856074,1067969,1
856009,1068052,1
856155,1068072,1
856010,1068079,1
856079,1068218,1
856013,106824,1
856080,1068285,1
855935,1068299,1
856014,1068301,1
856159,1068330,1
856087,1068987,1
855943,1069138,1
856022,1069146,1
856026,1069414,2
856095,1069633,1
856401,1069889,1
856332,1069904,1
856100,1069914,1
856406,1070190,4
856407,1070226,1
856408,1070300,1
856409,1070411,1
856257,1070454,1
850648,1070530,1
856189,1070538,1
856259,1070617,1
856342,1070659,3
856260,1070668,1
856261,1070761,1
856413,1070763,1
856415,1070914,1
952824,1071093,1
856348,1071166,1
856198,1071290,1
856268,1071382,1
856351,1071403,2
856274,1071680,1
856426,1071682,2
856207,1071782,2
856208,1071844,1
856210,1071937,1
856280,1071961,2
856361,1071979,1
856433,1071994,1
856213,1072026,1
856435,1072065,1
856436,1072198,1
856437,1072249,1
856371,1072493,1
856372,1072606,1
856444,1072633,1
955285,1072733,1
856375,1072757,1
856376,1072897,1
954477,1073001,1
856230,1073108,1
856453,1073158,1
856454,1073174,1
856383,1073249,1
856303,1073310,1
950763,1073733,1
856461,1073833,1
856390,1073862,1
856310,1073879,1
856241,1073904,1
856244,1074026,1
856395,107407,2
856246,1074162,1
856397,1074185,1
856469,1074205,1
856470,1074222,1
856319,1074261,1
856320,1074290,2
856475,1074403,1
856700,1074506,1
856705,1074733,1
856482,1074743,1
856483,1074780,1
856561,1074803,1
856563,1074846,1
856489,1075035,1
946461,1075073,1
856568,1075155,1
856636,1075162,1
856715,1075180,1
856492,1075190,2
856569,1075197,1
856493,1075234,1
856570,1075235,1
956781,1075250,1
856639,1075288,1
856718,1075290,1
856640,107536,1
856574,1075469,1
856642,1075477,1
856722,107551,1
850899,1075614,1
856646,1075650,1
855454,1056973,1
855609,1057059,1
855455,1057077,1
855456,1057096,1
855457,1057171,1
956878,1057220,1
855314,1057393,1
855387,1057574,1
855390,1057814,2
855624,1058122,1
855625,1058158,2
855626,1058214,1
855328,1058292,1
855630,1058407,1
855478,1058509,2
954373,1058538,1
855404,1058571,1
855334,1058608,1
855408,1058868,1
855339,1058911,3
855487,1059020,2
855642,1059114,1
855643,1059181,1
855491,1059264,1
855499,1059313,1
855502,1059420,1
855513,1060123,1
855734,1060208,1
855735,1060238,1
855815,1060376,1
855740,1060653,1
855819,1060727,1
855526,1061029,1
850960,1061109,1
855747,1061251,1
855678,1061324,2
855828,1061342,1
855532,1061375,1
955169,1061406,1
855681,1061548,1
855831,1061607,1
855682,1061626,1
855535,1061633,1
855832,1061641,1
855538,1061773,1
855688,1061934,1
855542,1061953,1
855843,106222,1
855547,1062266,1
855844,1062300,1
855845,1062379,1
855549,1062400,1
855846,1062477,2
855550,1062537,1
855699,10626,1
855553,1062692,1
953368,1062694,1
855773,1062792,1
855557,1062873,1
855854,1062919,1
855859,1063193,2
855711,1063366,1
855862,1063383,1
855787,1063577,1
855716,1063605,1
855867,1063656,1
855717,1063661,1
855868,106370,1
855869,1063754,3
855791,1063812,1
855720,1063856,1
855792,1063859,1
855721,1063872,1
855793,1063879,1
855954,1063994,2
855873,1064054,1
947881,1064076,1
946462,1064121,1
855877,1064201,1
855797,106421,1
855960,1064412,1
856109,1064644,1
949402,1064662,1
855885,1064709,1
855966,1064833,1
856038,106503,1
951109,1065110,1
856040,1065213,2
855973,1065235,1
855895,1065327,1
856121,1065348,1
856043,1065390,2
856044,1065477,1
855981,1065886,1
856128,1065980,1
855982,1066006,1
856050,1066030,1
851072,1066044,1
856133,1066538,1
856057,1066601,1
856058,1066628,1
855914,1066901,1
856140,1067072,2
856064,1067248,1
855918,1067287,1
856145,1067565,1
856000,106760,1
856069,1067654,1
856004,1067726,1
856150,1067740,1
856005,1067778,1
856073,1067874,1
856153,1067988,1
855934,1068238,2
850951,1068288,2
856016,1068391,1
855938,1068481,1
958783,1068899,1
856021,1069034,2
856166,1069076,1
856089,1069181,1
856023,1069297,1
856169,1069362,1
856093,1069446,1
856171,1069457,2
856326,1069486,1
856173,1069643,1
856177,1069803,1
856400,1069833,1
856180,1069999,1
856333,1070019,1
856101,1070028,1
856334,1070063,1
856182,1070107,1
856335,1070119,1
856339,1070372,2
856256,1070387,1
856412,1070676,2
856344,1070814,1
856193,1070859,1
856264,1071011,1
856353,1071446,1
856273,1071638,1
856357,1071721,1
954690,1071939,1
856432,1071972,1
952585,1071975,1
856215,1072216,1
856285,1072237,1
949612,1072256,1
856286,1072257,1
856438,1072283,1
950688,1072366,1
856370,1072433,1
856221,1072481,1
856443,1072534,1
856222,1072570,1
856292,1072626,1
856295,1072800,1
856380,1073117,1
856452,1073133,1
952987,1073391,1
946647,1073413,1
856235,1073433,1
947879,1073455,1
959204,107349,1
856457,1073559,1
856236,1073597,1
856399,1074242,1
856551,1074388,1
856474,1074451,1
951214,1074458,1
856701,1074539,2
945381,1074568,1
856556,1074644,1
856647,1075722,1
851008,1075808,1
856727,1075871,2
856582,1075899,1
856728,1075905,1
856506,107591,2
856729,1075944,1
856653,1076110,1
856736,1076302,1
856591,1076316,3
856737,1076338,1
856661,1076530,1
856596,1076657,1
947901,1076930,1
850728,1076939,1
949776,1077168,1
950617,1077331,1
856753,1077417,1
856677,1077590,1
856533,1077606,1
856678,1077621,1
856679,1077669,1
952528,1077770,1
856759,1077837,1
856616,1077921,1
856683,1077969,1
856685,1078051,1
856763,1078053,1
856620,1078135,1
856687,1078141,2
856766,1078211,2
856546,1078341,1
856769,1078369,1
856776,1078493,1
856773,1078517,1
856777,1078529,1
857077,1078602,1
856779,1078631,1
856852,1078811,1
857005,1078818,2
857006,1078850,1
856786,1078882,1
857085,1078915,1
856787,1078920,1
850802,107917,1
857014,1079222,2
856861,1079232,1
857016,1079336,2
856798,1079573,1
857020,1079599,1
856867,1079686,1
959478,1079727,1
857102,1079980,1
856873,1080117,2
856874,1080213,1
857107,1080276,1
856809,1080287,1
856811,1080394,1
857111,1080561,1
856817,1080725,1
856821,1081082,1
857042,1081091,1
856822,1081103,1
856889,1081140,1
947689,1081234,1
857045,1081235,1
857123,1081287,2
856826,1081310,1
856827,108133,1
856830,1081425,1
953798,1081449,1
856898,1081474,1
856833,1081534,1
857054,1081538,3
856834,1081545,1
857134,1081595,1
856838,1081643,1
856839,1081726,2
857063,1081862,1
857064,1081896,1
947555,1082006,1
857071,1082109,1
856925,1082138,1
856919,1082196,1
857149,108227,1
857228,1082272,1
857229,1082300,1
857301,1082311,1
945679,1082459,1
857235,1082621,1
949241,1082629,1
857307,1082643,1
857158,1082653,2
857160,1082705,2
856940,1082739,1
856941,1082793,1
955038,1082796,1
857242,1082859,1
856943,1082869,2
857315,1082963,1
956701,108310,1
857171,1083429,1
857250,1083448,2
856951,1083455,1
856952,1083495,1
857178,1083784,1
857257,1083794,1
857328,1083802,1
856960,1083850,1
857260,1083865,1
857332,1083960,1
857262,1083966,1
857264,1084000,1
946446,1084030,1
857187,1084057,1
951725,1084115,1
857337,1084143,1
945770,1084150,1
857191,1084272,1
856972,1084345,1
857193,1084396,1
945630,1084400,1
856974,1084488,1
856975,1084534,1
857276,1084648,1
856977,1084651,1
857202,1084981,1
857203,1085045,2
857283,1085101,2
857284,1085150,1
857356,1085235,1
857207,1085250,1
857287,1085298,1
947132,1085346,1
856990,1085452,1
856994,1085629,1
856995,1085664,1
857365,1085666,1
857366,1085717,1
857217,1085730,1
856998,1085841,2
857452,1085966,1
857453,1086003,2
947751,1086015,1
857378,108604,1
857223,1086140,1
857457,1086275,1
850999,1086307,1
857606,1086622,1
857607,1086659,1
857536,1086667,2
857537,1086762,1
857466,1086765,1
857538,1086795,1
857467,1086798,1
857391,1086842,1
952175,1086902,1
857612,1086989,2
857470,1087013,1
949863,1087067,1
857615,1087083,1
857473,1087123,1
857476,108727,1
950563,1087307,1
857401,1087378,1
857479,1087381,2
851385,1087509,1
857624,1087533,1
952850,1087664,1
857485,1087920,1
857629,1087921,1
857408,1088003,1
857486,1088004,2
857560,1088130,1
857488,1088140,2
946760,1074679,1
856630,1074809,1
856708,1074810,1
856485,107482,1
856486,1074834,1
856712,1074952,1
856566,1075036,1
856635,1075059,1
856494,1075274,1
856721,1075483,1
856575,1075503,1
856499,1075510,1
955425,1075564,1
856501,1075623,1
856726,1075813,1
856648,1075868,1
856508,1076006,1
856733,1076189,2
856589,1076249,1
856735,1076281,3
856660,1076484,1
950874,1076521,1
856742,1076681,1
856598,1076754,1
856523,1076868,1
856601,1076870,1
856602,1076932,1
856608,1077389,1
856532,107754,1
856610,1077549,1
856611,1077607,1
856618,1078041,1
856764,1078118,1
856621,1078181,1
856690,1078266,1
856768,1078268,1
856625,1078380,1
856548,1078395,2
856775,1078455,1
856772,1078484,1
950181,1078504,1
952127,1078576,1
857001,1078637,1
856699,1078654,1
857080,1078705,1
947480,1078708,1
950784,1078877,1
856856,1078947,2
952311,1079047,1
856791,1079155,1
857090,1079184,1
856792,1079200,1
857015,1079264,2
953416,1079340,1
856864,1079442,1
950603,1079488,1
856865,1079505,1
857019,1079542,1
851120,1079578,3
857100,1079764,1
857024,1079811,2
856871,1079996,1
856805,1080051,1
856806,1080114,1
857106,1080218,1
856877,1080350,1
856878,1080411,1
856812,1080508,2
857034,1080579,3
857113,1080632,1
856816,1080678,1
857037,1080701,1
856818,108085,2
856885,1080899,1
857039,1080907,1
857040,1081023,1
856890,1081167,1
955071,1081182,1
857121,1081184,1
958950,1081291,1
857047,1081321,1
857124,1081328,1
856894,1081336,1
857050,1081423,1
949895,1081457,1
856832,1081506,1
959361,1081558,1
856835,1081564,1
856903,1081585,1
856905,1081652,1
945830,1081701,1
856840,1081756,1
856841,1081773,1
857062,1081808,1
959651,1081875,1
857065,1081929,1
857066,1081957,1
857067,1081977,1
856916,1082080,3
856917,1082108,1
857073,1082198,1
947888,1082252,1
857150,108230,1
857151,1082305,1
857230,1082306,1
857233,1082471,1
857155,1082546,1
857234,108255,1
856937,1082641,1
857237,1082654,1
856938,1082659,1
857238,1082695,3
857161,1082782,1
857241,1082819,1
857163,1082853,1
857165,1082939,1
856945,1082960,1
958362,1083105,1
857169,1083260,1
856949,1083273,1
945547,1083302,1
857251,1083487,1
857322,1083498,1
857173,1083504,1
857254,1083590,1
856955,1083604,1
857176,1083647,2
857326,1083726,1
857327,1083779,1
857179,1083805,2
857331,1083885,1
857261,1083948,1
856962,1083954,1
857333,1083973,2
857334,1083992,2
856965,1084005,1
949700,1084088,1
857268,1084209,1
857190,1084229,1
857269,1084235,1
947702,1084250,1
856970,1084253,1
856971,1084305,1
857194,1084480,2
857273,1084483,1
857196,1084550,1
857197,1084645,1
857351,1084980,1
947309,1084989,1
856982,108501,1
857355,1085186,1
857360,1085470,1
857212,1085515,1
857363,1085601,2
857364,1085636,1
857296,1085769,3
857368,1085864,1
958857,1085883,1
857299,1085964,1
857221,1085978,1
857300,1086000,1
857222,1086027,3
857379,1086143,1
857527,1086195,1
857456,108622,1
857530,1086301,1
857460,1086374,1
857603,1086410,1
857604,1086524,1
857386,1086612,1
857388,108670,1
945871,1086733,1
857389,1086763,1
857539,1086809,1
857468,1086867,1
857414,1088307,1
857493,108837,1
857638,1088455,1
857570,1088728,1
857420,1088730,1
857642,1088758,2
857644,1088851,1
857424,108891,1
857576,1088995,1
857426,1089011,1
857577,1089022,1
857505,1089030,1
857506,1089075,1
857581,1089203,1
857655,1089551,1
857585,1089553,1
857656,1089570,1
959357,1089601,1
857437,1089698,1
857588,1089739,2
857517,1089873,1
857590,1089902,1
857591,1089919,1
857519,1089932,2
857592,1089985,1
954187,1089989,1
857442,1089993,1
857523,1090112,1
857673,1090486,1
951905,1090487,1
857675,1090655,1
857759,1090705,2
857760,1090735,1
857761,1090776,2
857905,1090942,1
857837,1091048,1
857910,1091260,1
857692,1091283,1
857840,1091292,1
857912,1091307,1
857842,1091337,1
857773,1091351,1
857914,109136,1
857844,1091402,1
857775,1091414,1
955419,1091431,1
857698,1091432,1
857700,1091570,1
857848,1091598,2
857779,1091646,1
857920,1091656,2
857922,1091768,1
857851,1091811,1
857704,1091823,1
945285,1091824,1
857705,1091833,1
954824,1091838,1
857924,1091846,1
851508,1091876,1
857707,109198,1
857927,1092003,2
857713,1092306,1
857860,1092368,1
857789,1092386,1
851262,1092528,1
857863,1092543,1
857792,1092574,1
947655,1092589,1
950787,1092642,1
857719,1092660,1
857937,1092693,1
857938,1092737,1
857722,1092856,1
857797,1092877,3
857943,1093115,2
857726,1093125,1
857801,1093142,1
851041,1093178,1
857873,1093192,1
857878,109357,1
953179,1093581,1
857807,1093585,1
857880,1093729,1
857953,109379,1
857738,1093909,1
857813,1093917,1
857957,1094066,1
857958,1094126,1
857817,1094151,3
947304,1094299,2
857746,1094342,1
947322,1094373,1
953959,1094378,1
857748,1094390,1
857969,1094676,1
857977,1094748,1
858127,1094976,2
947043,1095032,1
949287,1095093,1
858058,1095126,2
858198,1095190,1
858133,1095229,1
955187,1095243,1
851165,1095280,1
858202,1095322,1
857990,1095359,2
858064,1095362,3
857991,1095396,1
858138,1095479,3
857993,1095482,1
851435,1095565,2
858208,1095592,2
858142,1095617,1
950053,109563,1
946975,1095661,2
858073,1095683,1
858144,1095752,1
858000,1095765,1
858145,1095789,2
949132,1095819,1
858075,1095821,1
953197,1095836,1
956660,1095892,1
858215,1095913,1
858080,1096000,1
949599,1096017,1
858083,1096110,1
952751,1096215,1
858012,1096225,2
858087,1096251,1
858158,1096318,1
945289,1096338,1
858159,1096369,1
858228,1096393,1
946119,1096397,1
851236,1096412,1
858091,1096421,1
858017,1096445,2
956594,1096464,1
858093,1096549,1
858019,1096562,1
858095,1096580,1
953398,1096599,1
858165,1096636,1
858022,1096638,1
858097,1096645,1
858170,1096836,1
858102,1096850,1
858171,1096959,1
858173,1097039,1
851603,1097083,1
858032,1097154,1
858176,1097169,1
858112,1097305,1
858251,1097354,1
858040,1097474,1
858186,1097560,1
858043,1097585,1
858119,1097590,1
858188,1097645,1
955509,1097738,1
858193,1097865,1
858194,1097936,1
858266,1097998,1
858347,1098038,1
858348,1098064,1
858276,1098089,1
858277,1098154,1
858505,1098293,1
858508,1098459,1
858356,1098488,1
949251,1098492,1
858358,1098571,1
946406,1098646,1
858433,1098713,1
857540,1086923,1
850901,1086931,2
857543,1087065,2
857472,1087072,1
857395,1087109,1
857399,108731,1
957043,1087322,1
857549,1087329,1
857622,1087395,2
857625,1087651,1
949043,1087802,1
857630,1088013,1
857559,1088023,1
954293,1088115,1
857410,1088134,1
857411,108818,1
857412,1088221,2
857491,1088287,1
857565,1088350,1
857416,1088445,1
857494,1088452,1
857568,1088573,1
857496,1088587,2
857571,1088769,1
857573,1088856,1
951825,1088989,1
857647,1088992,1
857427,1089028,1
857649,1089037,1
857428,1089051,1
851097,1089149,1
857580,1089168,1
857432,1089294,1
857583,1089352,1
857654,1089365,1
857584,1089370,1
945716,1089371,1
857586,1089578,1
946683,1089618,1
857514,1089619,1
857438,1089750,2
857516,1089766,1
857659,1089797,1
857439,1089870,1
857440,1089904,1
857444,1090049,2
857447,1090245,1
857525,1090248,1
857526,1090287,1
857600,1090422,1
857678,1090453,1
857672,1090470,1
857757,1090578,1
857674,1090592,1
857676,1090724,1
857829,109073,1
857683,1090767,1
857902,1090783,1
857904,1090867,1
857764,1090938,3
857907,1090980,1
950300,1091040,1
952072,1091095,1
857691,1091223,1
950091,1091264,2
857839,1091272,1
857694,1091314,1
857843,1091368,1
857915,1091399,1
857697,1091412,1
857776,1091442,1
857847,1091554,1
857778,1091582,1
946622,1091673,1
857781,1091755,1
857852,1091832,1
857853,1091859,1
857855,1091987,1
857929,1092158,1
857931,1092235,1
857859,1092264,1
959764,1092418,1
857861,1092425,1
857717,1092552,1
857935,1092580,1
857796,1092817,1
857868,1092843,1
857724,1093045,1
857799,1093057,1
857942,1093078,1
857871,1093081,1
857802,1093220,1
857728,1093273,2
857945,1093374,1
857879,1093678,1
857808,1093701,1
857950,1093707,1
857809,1093744,1
857737,1093837,1
857739,1093933,2
857956,1093965,1
857816,1094097,1
955360,1094103,1
955363,1094153,1
857960,1094247,1
857890,1094249,1
857819,1094255,1
857891,1094283,1
857892,1094324,2
949054,1094362,1
946093,1094449,1
858049,1094596,2
858125,1094884,1
858057,1095092,2
858130,1095107,1
858132,1095203,1
858134,1095241,2
858063,1095311,1
858207,1095549,1
857995,1095554,1
850826,109556,2
857996,1095569,1
858209,1095607,1
857998,1095637,1
858074,1095771,2
952274,1095817,1
858001,1095818,1
858002,1095850,1
858214,1095866,1
858216,1095936,1
858005,1095957,1
858150,1095970,1
858007,1096025,1
850882,1096058,1
858082,1096069,1
858152,1096076,1
858153,1096126,1
858086,1096219,1
858013,1096273,1
858090,1096382,1
858229,1096430,3
858021,1096608,2
858234,1096623,1
858235,1096656,1
858166,1096677,1
858023,1096689,1
858024,1096729,1
858099,1096732,3
858169,1096784,1
858026,1096807,1
858240,1096890,1
947892,1096919,1
858103,1096945,1
858105,1097008,1
858031,1097040,2
858035,1097225,2
858250,1097320,1
858037,1097338,2
858252,1097390,2
858039,1097428,1
858115,1097435,1
858183,1097468,1
858117,1097522,1
858185,1097529,2
858042,1097546,2
858256,1097549,1
953212,1097565,1
953895,1097629,1
858259,1097668,3
858190,10977,1
858124,1097814,2
858270,1097860,1
946141,1097899,1
858496,1097903,2
858516,1098742,1
858291,1098757,2
858434,1098761,1
858517,1098784,1
858435,1098813,1
946797,1098891,1
858367,1098899,1
858295,1098911,1
858521,1098931,1
858298,1099005,1
858372,1099037,1
858443,1099054,1
858528,1099188,1
858447,109921,1
858380,1099376,1
858307,1099415,1
858534,1099452,1
858308,1099484,1
858309,1099547,1
858536,1099591,1
858310,1099594,1
858455,1099615,1
858385,1099619,1
858538,1099627,1
858312,1099629,1
858387,1099706,1
858542,1099767,1
858390,1099778,1
858543,1099796,2
946085,1099816,1
858392,1099891,1
858465,1099944,2
858322,1099966,2
858549,1100005,1
858467,1100020,1
858324,1100042,1
858469,1100081,1
858399,1100094,2
858401,1100170,1
858554,1100177,1
858555,1100192,1
858329,1100198,1
850984,1100206,1
858330,1100213,3
858474,1100224,1
858559,1100372,2
858563,1100584,1
858413,1100675,2
858566,1100767,1
950950,11009,1
950064,1101028,1
858644,1101109,1
858573,1101116,1
858645,1101150,1
858574,1101224,1
958421,1101236,1
858646,1101266,1
947907,1101425,1
858794,1101444,1
858648,1101449,1
858728,1101650,1
858653,1101713,1
858800,1101725,1
858731,1101761,1
858733,1101895,1
858804,1101964,1
858589,1102074,1
858806,1102097,1
858737,1102177,2
858807,1102213,1
858661,1102290,1
858592,1102308,1
858811,1102412,1
858747,1102729,1
858818,1102816,1
858602,1102831,1
858819,1102851,1
858603,1102866,1
858754,1103065,1
858677,1103082,2
858758,1103181,2
858611,1103203,1
858829,110325,1
858685,1103355,1
858832,1103377,1
858764,1103465,1
858617,1103475,1
858765,1103479,1
858835,1103580,1
858691,110366,2
959756,1103731,1
858839,110375,1
946949,1103811,1
858775,1103995,1
858776,1104037,1
858847,1104220,1
858780,1104361,2
858781,1104497,2
858782,1104548,2
956845,1104609,1
858640,1105033,2
951231,1105168,1
858790,1105192,1
858714,1105218,1
858716,1105330,1
858862,1105385,2
858864,1105575,1
859095,1105628,2
950120,1105690,1
858866,1105701,1
858952,1105828,1
859099,1105839,1
859020,1105865,1
859021,1105898,1
859101,1105900,1
950671,1105934,1
858877,1105939,1
858883,1106345,1
858885,1106502,1
859030,1106503,1
858886,1106524,1
858887,1106640,1
858967,1106774,1
859114,1106811,1
858890,1106847,1
858970,1106967,1
858893,1107042,1
859118,1107088,2
858972,1107090,1
858894,1107113,2
859039,1107143,1
952572,1107170,1
959525,1107182,1
850903,1107212,1
858895,1107230,1
859040,1107235,1
859042,1107370,1
859122,1107377,1
858898,1107395,1
858900,1107477,1
858978,1107532,1
958516,1107569,1
858902,1107670,1
858903,1107747,1
859131,1108027,1
947914,1108054,1
859133,1108259,1
858986,1108329,1
858989,1108417,1
859138,1108523,1
859059,1108554,1
858915,1108610,1
859061,1108662,1
858993,1108690,1
859065,1108835,1
859000,1109056,1
858924,1109082,1
859149,1109103,1
951259,1109117,1
859070,1109183,1
859003,1109290,1
858927,1109333,1
947896,1109537,1
859156,1109597,2
859009,1109705,1
951205,1109856,1
858939,1110149,1
953843,1110252,1
859017,1110255,1
947898,111028,1
859087,1110375,1
859395,1110568,2
859396,1110617,1
859173,1110640,1
859174,1110701,2
858346,1098002,2
858269,1098094,2
858349,1098108,2
858421,1098160,1
951702,1098315,1
858424,1098401,1
950701,1098403,1
858509,1098489,1
858427,1098503,1
858359,1098607,1
858287,1098624,1
858360,1098640,1
858364,1098767,1
858365,1098824,1
858436,1098861,1
858366,1098876,1
951921,1098945,1
858439,1098948,2
858369,1098975,1
858297,109898,1
858371,1099021,1
858525,1099040,1
858527,1099086,1
858529,1099202,1
858448,1099269,1
858449,1099309,1
858379,1099315,1
858381,1099434,1
858382,1099538,2
858535,109954,1
858537,1099600,1
858313,1099648,1
858458,1099718,1
858389,1099762,2
949419,1099890,1
858321,1099941,1
858548,1099957,1
858396,1099985,1
947745,1100018,1
858552,1100134,1
858553,1100142,2
858471,1100167,1
858473,11002,1
858332,1100267,1
858478,1100387,1
858335,1100434,2
858479,1100444,2
858409,1100471,1
851394,1100566,1
858414,1100742,1
858485,1100784,1
858567,1100821,1
858486,1100837,2
858568,1100845,1
858343,1100851,1
959237,1100965,1
858570,1100970,1
858489,1100985,1
858419,1100987,2
858571,1101011,1
858572,1101055,1
858720,1101133,1
858721,1101226,1
858493,1101238,1
858793,1101358,1
952682,1101360,1
858577,1101388,1
858795,1101494,1
858580,11016,1
958951,1101656,1
954559,1101701,1
858729,1101705,1
959253,1101752,1
858734,110195,2
858588,1102017,3
954047,1102118,1
858808,1102287,1
858809,1102314,1
858664,1102416,1
858665,1102489,1
956971,1102599,1
858668,1102667,1
858746,1102711,1
858816,1102715,1
858674,1102873,1
858605,1103012,1
858827,1103187,1
858683,1103251,1
858761,1103272,2
858830,1103279,1
858762,1103338,1
858615,1103365,1
858616,1103458,1
858833,1103472,1
858688,1103500,1
858620,1103638,1
858770,1103745,2
858629,1104173,2
858630,1104235,1
851459,1104254,1
858849,1104311,1
858632,1104326,2
946765,1104444,1
858705,1104503,1
858852,1104566,1
858854,1104681,1
858785,1104741,1
952031,1104944,1
858788,1105053,1
858791,1105225,1
858945,1105335,1
859094,1105590,1
858949,1105635,1
859097,1105757,1
851315,1105799,1
947155,1106000,1
859025,1106196,1
859105,1106200,1
858881,1106232,1
859027,1106299,1
858884,1106416,1
858963,1106489,1
953399,1106710,1
859112,1106718,2
859117,1107011,1
858971,1107014,1
858975,1107393,2
859124,1107465,1
859125,1107510,1
858979,1107584,1
953178,1107695,1
859127,1107725,1
858980,110774,1
945513,1107741,2
858904,1107774,1
858982,1107861,1
851129,1108045,1
858909,1108278,2
858910,1108354,1
859055,1108356,1
859056,1108385,1
858988,1108399,1
949328,1108411,1
859137,1108416,1
858913,110842,1
858990,1108551,1
946545,1108700,1
859063,1108780,1
858919,1108793,1
858920,1108828,1
858921,1108880,1
859066,1108892,1
858998,1108968,1
859069,1109085,1
954234,1109146,1
859004,1109421,1
859153,1109447,1
859007,1109579,2
858934,1109870,1
859080,1109920,1
859085,1110245,1
859089,1110547,1
859091,1110673,2
859397,1110675,1
859178,1110950,1
859404,1111230,2
859407,1111495,1
859258,1111522,1
859408,1111549,1
859409,111165,1
945765,1111671,1
859331,1111714,1
859412,1111753,1
851295,1111901,1
859334,1111902,1
859398,1110785,1
859323,1111134,1
859403,111114,1
956963,1111178,1
859405,111128,1
859256,1111293,1
859327,1111418,1
954501,1111740,1
859263,1111786,1
859336,1112031,1
859193,1112078,1
859337,1112090,1
859195,1112122,1
859269,1112207,1
859270,1112309,1
859199,1112437,1
859274,1112578,1
859426,1112698,1
859204,1112703,1
859205,1112783,1
859428,1112820,2
951578,1112852,1
859280,1113059,2
859432,1113175,1
945424,1113271,1
956710,1113349,1
949692,1113398,1
859214,1113518,1
859288,1113557,1
859217,1113639,1
859440,1113682,1
859218,1113708,1
859291,1113736,1
859292,1113822,1
859293,1113865,1
859294,1113909,1
859444,1113930,2
859445,1113949,1
859296,1113968,1
951598,1114052,1
859226,1114148,1
859227,1114179,1
859372,1114235,1
859232,1114448,1
859234,1114580,1
859379,111468,1
859308,1114698,2
859380,1114738,1
859238,1114930,1
859461,1114984,2
859385,1115285,1
859464,1115307,1
859243,1115415,2
859387,1115520,1
859469,1115669,1
958667,1116014,1
859693,1116064,2
859629,1116137,1
859696,1116306,2
859698,1116453,1
859701,1116704,1
859703,1116789,1
956768,1116850,1
859488,1116883,1
951389,1117093,1
859490,1117140,1
859492,1117410,1
850739,1117450,1
859642,1117556,1
859643,1117766,1
859712,1117853,1
859569,1118017,1
859647,1118316,1
859502,1118473,1
859721,11186,1
859578,1118648,1
859581,1118875,2
859509,1118884,1
859727,1118924,1
859660,1119089,1
859512,1119098,1
859729,1119115,3
859661,1119150,1
859730,1119169,1
959216,111917,1
952106,1119250,1
859515,1119333,1
859589,1119395,2
859590,1119594,1
859591,1119687,1
859592,1119757,2
946873,1119813,1
859520,1119814,1
859741,1120061,1
859744,1120354,2
859600,1120423,1
859745,1120438,1
859528,1120469,1
859746,1120488,1
859529,1120534,1
859747,1120539,1
859603,1120549,1
859531,1120622,1
859532,1120823,1
859682,1120924,1
859534,1120940,1
859608,1121027,1
859610,112134,1
859685,1121351,1
859538,1121380,1
859688,1121504,1
859760,112178,1
859765,1121816,1
859991,1121890,2
859766,1121903,1
859995,112218,1
859771,1122338,1
859998,1122451,1
947521,1122668,1
859851,1122874,1
860005,1123008,1
859781,1123094,1
859782,1123161,1
860009,1123346,1
860012,1123536,1
859787,1123566,1
859860,1123678,1
860013,1123742,1
859788,1123750,1
860016,1123871,1
859936,1123947,1
859865,1123968,1
859938,1123984,1
860020,1124071,2
860021,1124157,1
950542,1124182,1
859796,1124186,2
859941,1124209,1
860022,1124249,1
859871,1124355,1
859874,1124550,2
859804,1124749,1
859806,1124906,1
859808,1125028,1
860035,1125076,1
953742,1125094,1
859884,1125162,1
859811,1125211,2
860038,1125247,1
859958,1125258,1
859813,1125270,1
859959,1125277,2
859887,1125314,1
859961,1125437,1
859890,1125498,2
860043,1125505,1
859964,1125601,1
860046,1125691,1
859966,1125762,1
859820,1125774,1
859894,11258,1
860048,1125809,1
860049,1125852,1
859969,1125872,1
859898,1125939,2
859899,1125980,2
859827,1126142,1
859828,1126179,2
860056,1126232,1
859903,1126277,2
859977,1126288,1
859905,1126374,1
859980,1126514,1
859981,1126554,1
859984,1126691,1
859264,1111959,1
859417,1112114,1
859268,1112145,1
859340,1112243,1
859272,1112455,1
859200,1112496,1
859345,1112583,1
859203,1112661,1
859276,1112688,1
859278,1112787,1
951638,1112838,1
859351,1113091,1
859281,1113101,1
859431,1113130,1
859355,1113404,2
859434,111343,1
859435,1113473,1
859286,11135,1
859360,1113621,1
859361,111368,1
959647,1113852,1
859225,1114041,2
859448,1114147,2
859300,111418,2
859301,1114223,1
859452,1114314,1
859230,1114335,1
859374,1114352,1
859376,111453,1
859233,1114556,1
859306,1114558,1
859307,111462,1
859236,1114691,1
859237,1114827,1
859309,111483,1
859462,1115039,1
859384,1115089,1
951540,1115375,1
859467,1115566,1
859317,1115583,1
859390,1115659,2
859470,1115681,1
859543,1115747,1
859392,1115798,1
859622,1115809,1
859393,1115822,1
859546,1115846,1
859689,1115872,2
859475,1115886,1
859476,1115949,1
859548,1115953,1
859694,1116117,1
859480,1116138,1
859695,1116175,2
859697,1116384,1
956740,1116474,1
859486,1116758,1
859558,1116772,1
950067,1116898,1
859489,1117074,1
859706,1117113,1
850681,1117134,1
859708,1117334,1
859710,1117548,1
859566,1117550,1
859494,1117576,1
947585,1117648,1
859496,1117975,1
859713,1117978,1
859497,1118049,1
859570,1118202,1
945805,1118206,1
859715,1118263,1
859499,1118331,1
859716,1118344,1
947919,1118390,1
859652,1118556,1
859653,1118623,1
859655,1118802,1
859728,1119048,1
951497,1119103,2
947920,1119183,1
859514,11192,1
859734,1119500,1
859519,1119746,1
859594,1119984,2
859740,112004,1
859743,1120208,2
859599,1120312,1
859527,1120429,1
859677,1120464,1
859602,1120498,1
859606,1120841,2
859752,1121008,1
859536,1121312,1
958432,1121363,1
859686,1121378,1
859756,1121405,1
859540,1121559,1
859759,1121723,1
859839,1121909,1
859992,1121918,1
859763,1121941,1
859994,1122009,2
859914,1122043,1
859996,1122276,1
859997,112238,1
859917,1122427,1
859919,1122510,1
859848,112261,1
859776,1122675,1
859924,1122952,1
859852,1122999,1
860006,1123061,1
859854,1123126,1
860010,1123421,1
859930,1123448,1
947797,1123556,1
859933,1123759,1
859789,1123800,1
860015,1123806,1
859864,1123954,2
859937,112396,2
859793,1123978,1
859868,1124094,1
859798,1124385,1
859873,1124489,1
860027,1124556,1
859875,1124571,1
860029,1124710,1
860031,1124818,2
859805,1124822,1
859951,1124823,1
860033,1124958,1
859955,1125113,1
859885,1125227,1
859886,1125260,2
859814,1125380,1
859960,1125402,1
860042,1125456,1
859816,1125473,2
859962,1125479,1
851314,1125540,1
947548,1125543,1
860044,1125545,1
859967,1125789,1
859821,1125825,1
860051,1125907,2
859971,1125927,1
859825,1125974,1
859972,1125979,1
859973,1126087,1
859900,1126105,1
859974,1126153,1
859829,1126266,1
859908,1126518,1
859837,1126637,1
859983,1126645,1
859838,1126684,1
860291,1126768,1
860292,1126850,1
860070,1126958,2
860072,1127080,1
860144,1127132,1
860075,1127224,1
860147,1127274,1
860079,1127381,1
860080,1127432,2
860230,1127436,1
860231,1127548,1
860309,1127691,1
860157,1127716,1
860311,1127781,1
860312,1127832,1
860238,1127847,2
860066,1126717,1
860067,1126744,2
860217,1126780,1
859987,1126844,1
859988,1126926,1
860071,1127058,1
860142,1127067,1
860295,1127071,1
860296,1127093,1
949056,1127098,1
860297,1127142,1
860223,1127145,1
860076,1127266,1
860077,1127297,1
860148,1127298,1
860227,1127316,1
860078,1127324,1
860228,1127342,1
860150,1127387,1
860152,1127512,1
860083,1127604,1
860233,1127623,2
953802,1127653,1
860085,1127671,1
860089,1127852,1
860313,1127861,1
860242,1127955,1
860317,1127982,1
860094,1127999,4
955304,1128006,1
860245,1128120,1
949554,1128148,1
860169,1128321,1
860323,1128355,2
860174,1128637,1
860253,1128672,1
860256,1128911,3
860258,1128973,2
860263,1129372,1
860115,1129421,1
860116,1129462,1
952855,1129568,1
860119,1129630,1
860190,1129712,2
860121,1129727,2
860193,1129898,1
958908,113005,1
860277,1130052,1
860197,1130095,1
860199,1130269,1
860280,1130324,1
860284,113061,1
860285,1130626,1
860205,1130644,1
860137,1130684,1
860287,1130727,1
860516,1131123,2
860372,1131285,1
860441,1131286,1
860442,1131299,1
850911,1131450,1
860746,1131557,1
860449,1131655,1
860749,1131812,1
860750,1131865,1
860751,1131883,1
860531,1131885,1
860453,1131929,1
860384,1131959,2
860753,1131983,1
860759,1132191,2
860540,1132289,1
860464,1132448,2
860395,113249,1
860466,113263,1
860767,1132797,1
860399,1132801,1
860401,1132946,1
947728,1132953,1
860471,113299,1
860772,1133164,1
860774,1133281,1
860777,1133407,1
860409,1133473,1
860558,1133516,1
860559,1133551,1
860414,113371,1
860416,1133826,1
951731,1133827,1
860492,1134111,2
860493,1134140,2
860792,1134143,1
860495,1134189,1
860574,1134228,1
860496,1134298,1
860798,1134412,1
860430,1134473,1
860799,1134486,1
850912,1134590,2
947118,1134718,1
860806,1134958,1
946465,1134961,1
860808,1135021,1
953794,1135106,1
860661,1135506,1
860663,1135684,1
860815,1135692,1
860894,1135823,1
851421,1135903,1
946499,1135957,1
946031,1136146,1
850316,1136168,1
860823,1136231,2
860824,1136259,1
860674,1136372,1
860606,1136484,1
860905,1136556,1
860607,1136566,2
860676,1136587,1
860677,1136705,1
946197,1136775,1
860909,1136911,1
860612,1136988,1
860681,1136993,1
860833,1136994,1
860913,1137222,3
945695,1137350,1
860619,1137613,1
860689,1137726,1
860690,1137849,2
860693,1138166,1
950648,1138294,1
860927,1138434,1
860629,1138438,1
860928,1138500,1
860698,1138594,1
860851,1138595,1
860852,1138663,2
860701,1138867,2
860636,1139112,1
860640,1139432,1
860939,1139479,1
860940,1139668,1
949202,1139826,1
860944,1140192,1
860869,1140312,1
949064,1140370,1
860717,1140421,2
851047,1140564,1
860718,1140582,1
860719,1140607,1
860949,1140656,1
860950,1140689,2
860722,114084,1
860878,1141099,1
860957,1141257,1
860881,1141329,1
860729,1141404,1
860882,1141418,1
860962,1141469,1
860967,1141820,1
860968,1141919,1
861191,1141927,2
861117,114220,1
861044,1142282,1
861195,1142492,1
861196,1142579,1
861121,1142703,2
861198,1142719,1
861048,1142730,1
949066,1142873,1
861049,1142889,1
860977,1142892,2
861124,1142971,1
861052,1143144,2
860160,1127856,1
860090,1127881,1
949564,1127899,1
860164,1127981,1
860243,1127983,1
860318,1128005,1
959160,1128019,1
956966,1128029,1
860096,1128127,1
860167,1128132,1
860246,1128206,1
860321,1128245,1
946523,1128259,1
860100,1128387,3
954629,1128697,1
860254,11287,1
860329,1128908,1
860257,112894,1
860179,1128963,1
860331,1128965,1
860334,1129050,1
954931,1129262,1
860335,1129264,1
945817,1129307,1
860114,1129373,1
860185,1129380,1
860264,1129411,1
950214,1129447,1
860265,1129456,1
860118,1129559,1
860269,1129699,1
860271,1129751,1
860345,112980,1
860123,1129812,1
860192,1129814,1
860275,1129948,1
860195,1129969,2
860350,1130046,1
860201,1130456,1
860282,1130488,1
860134,1130546,1
949228,1130562,1
860136,1130637,1
860138,1130729,2
860207,1130750,1
946090,1130807,1
860139,1130810,2
860210,1130954,1
860366,1131015,1
860213,1131106,1
860439,1131218,2
860738,1131223,1
860371,1131236,1
860440,1131238,1
860373,1131298,1
860741,1131301,1
860742,1131342,1
860375,1131358,1
860444,1131372,1
860376,1131422,1
860744,1131443,2
860446,11315,1
860447,1131548,1
860526,1131576,1
860448,1131583,1
950341,1131662,1
860528,1131720,1
949769,1131754,1
860452,1131875,1
860383,1131893,1
860385,11320,1
860455,1132001,1
860754,1132006,1
947237,1132022,1
860537,1132105,1
860390,1132172,2
860391,1132242,1
956762,1132292,1
860462,1132297,1
860761,1132298,1
951654,1132394,1
860763,1132473,1
860543,113248,1
950664,1132746,1
860469,1132812,1
860768,1132836,1
860400,1132899,2
860770,1133019,1
860402,1133063,1
860551,1133141,1
860475,1133265,1
860554,1133292,1
860775,1133301,1
860557,1133459,1
860410,1133535,1
860412,113361,1
860482,1133613,1
860783,1133760,1
860485,113378,1
860486,1133832,1
860566,1133899,1
860418,1133909,1
860787,1133914,1
860419,1133926,1
860490,1133984,1
860790,1134046,1
860570,1134048,1
860422,1134057,1
860572,1134147,1
860494,1134165,1
949060,1134276,1
860795,113430,1
860500,1134479,1
860580,1134545,1
860581,113462,1
860503,1134744,1
860803,1134770,1
860436,1134899,1
860585,1134945,1
860507,1134979,1
958804,1135060,1
956894,1135175,1
860810,1135183,1
955159,1135241,1
860511,1135247,1
860812,1135409,1
860595,1135583,1
860892,1135639,1
860817,113585,1
950777,1135851,1
860897,1135952,1
860600,1135960,2
860602,1136029,2
860822,1136139,1
860672,1136249,1
860902,1136277,1
958404,1136416,1
860904,1136476,1
949062,1136671,1
860678,1136763,1
860830,1136813,1
860610,1136841,2
860615,1137242,1
860683,1137243,1
860914,1137334,1
860915,1137443,1
860618,1137593,1
860841,1137695,1
860621,1137724,1
860622,1137833,1
860843,1137859,1
860623,1137961,1
860691,1137998,1
952547,1138016,1
860844,1138023,2
860922,1138039,1
860624,1138064,1
860926,1138367,1
860849,1138416,1
949917,1138420,1
860630,1138560,1
860702,1138926,1
860933,1138958,1
860704,113913,1
860857,1139130,1
860705,1139163,1
860638,1139217,1
860860,1139355,1
860709,1139554,1
860862,1139634,1
860863,11397,1
860643,113975,1
860711,1139778,2
860864,1139779,1
952019,11398,1
949934,1143505,1
861060,1143673,1
861134,1143794,1
861211,1143834,2
861135,1143875,1
949069,1143954,1
861139,1144035,1
861216,1144052,1
949336,1144069,1
860994,1144071,2
861217,11442,3
861218,1144256,1
861068,114426,1
860997,1144297,2
861071,1144434,1
861224,1144594,1
861003,1144650,1
861151,1144858,1
861007,1145018,1
861153,1145026,1
861008,1145047,1
861154,1145082,1
861081,1145131,1
952301,1145217,1
861082,1145287,1
861010,1145313,1
861011,1145399,1
861013,1145464,1
861239,1145713,2
861240,1145804,1
861020,1146044,1
861166,1146153,1
958464,1146290,1
861024,1146372,1
861169,1146387,1
861248,1146550,1
861026,1146594,1
861250,1146647,1
861100,1146678,1
861173,1146709,1
861101,1146806,1
861253,1146860,1
861104,1146915,1
861107,1147158,1
861180,1147174,1
956686,1147200,1
861260,1147262,1
861110,1147269,1
861184,1147465,2
861185,1147515,1
861340,1147586,2
861271,1147800,1
861490,1147819,2
861414,114786,2
861491,1147888,1
861345,1147940,2
861493,1148066,1
861494,1148091,1
861419,1148194,1
861496,1148205,1
861349,1148207,2
861350,1148247,2
861279,1148249,1
861280,1148293,1
861499,1148301,1
861501,1148484,1
861284,1148616,1
861506,1148781,1
861288,1148812,1
861289,1148860,1
861360,1148885,1
861432,1148893,1
861361,1148900,1
851211,1148972,2
861511,1149028,1
861512,1149071,1
861363,1149082,1
861295,1149139,1
861366,1149227,1
861298,114930,1
861299,114934,1
861442,1149433,1
861520,1149439,2
861371,1149505,1
861303,1149507,1
861444,1149509,1
861522,1149516,1
861448,1149696,1
861526,1149715,1
861310,1149807,1
861379,1149838,1
861380,1149874,1
861531,1149888,1
861381,1149890,1
955515,1149899,1
861454,114990,1
861385,1150040,1
861458,1150081,1
861536,1150094,1
861537,1150124,1
861389,1150232,2
956621,1150235,1
861540,1150288,1
861465,1150397,1
861394,1150427,1
861545,115044,3
861395,1150450,1
861546,1150492,2
861329,1150577,1
861470,115058,1
861399,1150644,1
861402,1150822,1
861553,1150873,2
861554,1150909,1
861555,1150954,1
861478,1151015,1
861479,1151031,2
861480,1151108,1
861410,1151232,2
861561,1151249,1
861566,1151340,1
861639,1151374,1
946157,1151473,1
861791,1151569,1
861717,1151595,1
861645,1151627,1
861719,1151654,1
861646,1151668,1
861574,1151693,1
861722,1151770,1
861798,1151833,3
861729,1152081,1
950271,1152205,1
861663,1152636,1
861591,1152668,1
861739,1152720,2
861669,1152966,1
861818,1152977,1
861671,1153052,1
956956,1153071,1
861745,1153086,1
861673,115313,1
861822,1153149,1
861676,1153351,1
861604,1153375,1
861677,1153403,2
861826,1153431,1
861678,1153454,1
951945,1153505,1
861827,1153567,2
861753,1153672,1
861829,1153757,1
861681,1153767,2
861610,1153957,2
861611,1154008,1
950775,1154034,1
861758,1154119,2
861760,1154325,1
861835,1154337,1
861617,1154540,2
861766,1154701,1
861694,1154818,1
861843,1154880,1
861623,1154892,1
861770,1154965,2
861848,1155150,1
861629,1155247,1
861702,1155267,1
861630,1155273,1
861703,1155332,1
861707,1155627,1
861858,1155883,1
861859,1155935,1
861784,1156153,2
956880,1156227,1
949211,1139831,1
860943,1139951,1
860866,1139981,1
850769,1139995,2
860867,1140180,3
860715,1140196,1
860945,1140274,1
860946,1140347,1
860649,1140371,1
952356,1140531,1
860720,1140668,3
860721,1140783,1
860654,1140956,1
958414,1140995,1
860876,1141002,1
860724,1141069,1
860656,1141089,1
860657,1141155,1
860726,1141162,1
860880,1141256,1
860728,1141323,1
860963,1141557,1
860965,1141677,1
860886,1141686,1
861190,1141869,1
860969,1141966,1
860973,1142531,1
861046,11426,1
860974,1142611,1
949708,1142634,1
861200,1142947,1
861125,1143032,1
861202,1143061,1
860984,1143419,2
861130,1143435,1
861059,1143572,1
861061,1143842,1
860990,1143901,1
949249,1143939,1
861137,1143974,1
861064,1143985,1
950672,1144119,1
861142,1144280,1
861069,1144292,1
947010,1144300,1
860998,1144350,1
861072,1144521,2
861000,1144536,1
861147,1144583,1
861225,1144619,1
861149,1144672,2
861227,114472,1
861077,114481,1
861229,1145003,1
861230,1145027,1
861233,1145333,1
861083,1145366,1
861234,1145429,1
861012,1145449,1
861235,1145460,1
861236,1145493,2
861161,1145599,1
861089,1145747,1
861090,1145810,2
861243,1146086,1
952161,1146164,1
953433,1146277,1
861096,1146366,1
861025,1146536,2
861171,1146601,1
861028,1146682,1
861252,1146819,1
861176,1146896,1
861259,1147226,1
861109,114723,1
861265,1147270,1
861111,1147414,1
949572,1147562,1
861270,1147686,1
861489,1147743,1
861413,1147804,1
861343,1147839,1
861344,1147892,1
861495,1148162,1
861420,1148217,1
861351,1148263,1
861281,1148358,1
861423,1148364,1
861283,1148511,1
861286,1148738,1
959077,1148750,1
861290,1148887,1
861509,1148896,1
861437,114915,1
861296,1149170,1
861515,1149194,1
861297,1149263,1
861439,1149265,1
851489,1149345,1
950261,1149365,1
945823,1149488,1
861446,1149584,1
861374,1149612,1
861309,1149762,1
861450,1149773,1
861378,114980,1
861312,1149879,1
861455,1149917,2
861534,1149983,1
861317,1150078,1
861386,1150103,1
861460,1150139,1
861539,1150220,2
861390,1150296,2
861393,1150400,2
861325,1150408,1
861466,1150422,1
959395,1150454,1
861396,1150500,1
861398,1150591,1
861550,1150708,2
861400,1150709,1
861332,1150711,1
861333,1150835,1
861556,1151016,1
861406,1151019,1
953048,1151026,1
861408,1151128,1
958330,1151141,1
861640,1151454,2
861487,1151486,1
861715,1151537,1
861644,1151613,1
861718,1151622,1
861721,1151752,1
861576,1151766,2
861578,1151837,1
861582,1152014,1
949756,1152020,1
861803,1152027,1
861730,1152122,1
861657,1152144,1
861806,1152176,2
949857,1152178,1
861658,1152186,1
861732,1152252,1
949561,1152341,1
947837,1152412,1
861734,1152420,1
861736,1152586,1
861814,1152734,1
861666,115274,1
861740,1152789,1
861815,1152823,1
861667,1152824,1
861596,1152910,1
861670,1152992,1
861598,1153000,1
861744,1153003,2
861746,1153110,1
861675,1153219,1
861606,1153480,1
861608,1153721,2
861609,1153776,1
861682,1153933,1
861831,1153973,1
951501,1153988,1
861612,1154112,1
861685,115424,1
861834,1154292,1
861686,1154296,1
861616,115442,2
861764,1154638,1
861839,1154644,1
861841,1154709,1
952015,1156354,1
861869,1156411,1
862014,1156427,1
862092,1156433,1
862095,1156631,1
861874,1156683,2
861875,1156724,1
861946,1156761,1
861877,1156811,1
861878,1156930,2
862025,1157040,1
861881,1157055,2
862026,1157056,1
862104,1157066,1
947932,1157080,1
862027,1157173,1
861884,1157325,1
861956,1157531,1
862109,1157580,1
862112,1157762,1
861963,1157950,1
861893,1158083,2
861965,1158112,1
862118,1158160,1
861895,1158228,1
862042,115828,1
861897,1158516,1
862123,1158581,1
862046,1158612,1
947336,1158757,1
862126,1158790,1
861975,1158842,1
861906,1159131,1
862059,1159372,1
861915,1159592,1
952076,1159596,1
861990,1159629,1
947943,1159637,1
862066,1159681,2
861919,1159708,1
861921,1159895,1
861929,1160175,1
862155,1160179,1
861931,1160219,1
862005,1160246,3
862080,1160257,1
862007,116032,1
862008,1160351,2
956789,1160369,1
861936,1160375,1
862313,1160397,1
862085,1160407,1
954359,1160520,1
954362,1160787,1
862395,1160788,1
862397,1160964,1
862170,1160972,1
862246,1161018,1
862400,1161174,2
862326,1161177,1
862173,1161185,1
862175,1161444,2
862177,1161489,2
953152,1161491,1
862332,1161560,2
862179,1161584,2
862254,1161592,2
862407,1161594,1
862180,1161615,1
862255,1161617,2
862334,1161659,1
945311,1161680,1
862409,1161740,1
862183,1161951,1
862411,1162060,2
862339,1162193,2
862186,1162220,2
862188,1162377,1
862344,1162500,1
862346,1162692,1
953641,1162742,1
862422,1162795,1
862198,1163029,1
862353,1163127,1
862428,1163152,1
862354,1163154,1
862202,1163262,1
862203,1163293,1
862204,1163349,2
862432,1163388,1
951812,1163580,1
862281,1163588,2
862208,1163650,1
862362,1163702,1
862284,116374,1
862286,1163809,1
862366,1163893,1
862213,1163894,1
862289,1163960,1
862368,1163980,1
862290,1164004,1
862217,1164080,1
862446,1164370,1
862221,1164442,1
862296,1164452,2
862449,1164606,1
862376,1164633,1
956978,1164647,1
862377,1164695,2
862223,1164705,1
954675,1164725,1
862378,1164732,2
862379,1164759,1
862381,1164818,1
862301,1164839,1
862229,1164907,1
862230,1164943,1
862305,1164973,1
862386,1165010,1
862233,1165122,2
862307,116513,3
862461,1165138,2
862310,1165283,2
862236,1165384,1
862690,1165595,1
862469,1165604,1
862622,1165676,1
862623,1165727,1
862694,1165731,1
862695,1165756,1
862696,116580,1
862699,1166072,1
862551,1166133,2
862630,1166160,1
862552,1166166,1
862553,1166186,1
862482,1166253,1
862559,1166586,1
862488,1166653,1
862639,1166654,1
862561,1166655,1
862713,1166777,1
862566,1166827,1
862499,1166997,1
953647,1167002,1
958573,1167028,1
862723,1167071,1
862575,1167104,2
862504,1167136,1
862654,1167145,1
958334,1167207,1
862578,1167247,1
862728,1167252,2
952912,1167254,1
862509,1167341,2
951192,1167346,1
850670,1167361,1
862660,1167416,1
862512,1167430,1
862661,1167431,1
862734,1167489,1
862585,1167510,1
862586,1167526,4
862737,1167537,1
862588,1167717,1
862518,1167734,2
862741,1167830,2
862520,1167836,2
862592,1167885,1
862671,1167895,1
862744,1167915,1
862672,1167919,2
862524,1167972,1
862595,1167995,1
861693,1154711,1
861842,1154752,1
861844,1154906,1
861698,1155013,1
861699,1155102,1
861775,1155250,1
861704,1155399,1
861855,1155593,1
861856,1155687,1
861637,1155817,1
861782,1155932,1
861711,1155945,2
861864,115612,1
850947,1156187,1
861867,1156289,2
861787,1156294,1
862090,1156297,1
861938,1156306,2
861868,1156309,1
862091,1156363,1
861940,1156453,1
862017,1156620,1
861944,1156667,1
862019,1156701,2
862097,1156716,1
862099,1156792,1
861947,1156809,1
862023,1156935,1
958358,1156981,1
861882,1157133,1
862107,1157363,3
862108,115753,2
861957,1157581,1
862110,1157621,2
861960,1157767,1
862036,1157862,2
862117,1158110,1
861894,1158118,1
862040,1158121,1
851510,1158253,1
861969,1158356,1
861970,1158495,1
862045,115857,1
861974,1158804,1
861902,1158845,1
862050,1158874,1
861903,1158928,1
861978,1159082,1
862054,1159135,1
862056,1159226,1
862058,1159339,1
862136,1159360,1
861912,1159430,2
861914,1159490,1
862140,1159504,2
862142,1159623,1
861917,1159630,1
862144,1159691,1
861994,1159888,2
861922,1159904,1
862070,1159906,2
861926,1159984,1
947944,1160016,1
862075,1160017,1
862003,1160186,1
862078,1160199,3
862156,1160205,1
862004,1160218,1
862006,1160284,1
861933,116029,1
862162,1160380,1
862315,1160463,1
850740,1160498,1
862088,1160632,1
862317,1160676,1
862319,1160747,1
862166,1160749,2
862394,1160758,1
955197,1160910,1
862169,1160946,1
862171,1161008,1
862325,1161143,1
862248,1161202,1
862174,1161275,1
862328,1161425,1
862250,1161453,1
862403,1161457,1
862404,1161478,1
862330,1161484,1
947937,1161886,1
862257,1161899,1
862412,1162085,1
862413,1162149,1
958717,1162156,1
959273,1162329,1
862262,1162360,1
862189,1162416,1
862264,1162429,1
862191,1162550,1
862345,1162619,1
862193,1162699,1
862268,1162700,1
862269,1162765,1
862350,1162890,1
862273,1163034,1
862426,1163073,1
862274,1163086,1
862356,1163292,1
862278,1163297,2
954838,1163325,1
862205,1163418,1
952210,1163579,1
862207,1163604,1
862282,1163612,1
862436,1163699,2
862363,1163784,1
862438,1163792,2
862288,1163898,1
959489,1163905,1
862441,1163931,3
862214,1163948,1
862442,1164015,1
862370,1164075,1
862218,116418,2
945811,116428,1
862373,1164373,2
862447,1164397,1
862448,1164458,2
862375,1164477,1
862222,1164640,1
851160,1164660,1
851640,1164760,1
862300,1164795,1
862455,1164845,2
862303,1164914,1
862232,1165022,1
862460,1165047,1
862462,1165168,1
862235,1165218,1
862309,1165253,1
862463,1165254,1
862615,1165327,1
862311,1165400,1
862465,1165403,1
862312,1165421,2
862238,1165443,1
862468,1165554,1
862541,1165581,1
862470,1165649,2
862544,1165695,1
949816,1165697,1
862693,1165708,1
862624,1165738,1
862626,1165916,1
862697,1165933,2
862627,1165948,1
862549,116595,2
862478,1166114,1
862702,1166196,1
862703,1166244,1
862635,1166336,1
862558,1166425,2
862486,1166570,2
862709,1166648,1
850966,1166720,4
862563,1166721,1
862712,1166727,1
862565,1166790,1
862716,1166874,1
862568,1166893,1
959657,1166904,1
850917,1166949,1
862571,1167005,1
862500,1167022,1
862572,1167041,1
862746,1168022,1
862525,1168029,1
862597,1168227,1
862527,1168234,2
862677,1168303,1
862750,1168305,1
862601,1168375,1
862752,1168377,1
862753,1168416,1
862532,1168444,1
862681,1168448,1
862605,1168518,2
862606,1168555,1
862607,1168637,1
862758,1168662,1
862686,1168703,1
862759,1168759,1
862610,1168812,1
862613,1168939,1
862988,1168992,1
862840,1169032,1
862842,1169155,1
862919,1169193,1
862844,1169229,1
862779,1169406,1
862928,1169454,1
952858,1169507,1
862929,1169515,2
862782,1169517,1
862853,1169520,1
863005,1169629,1
862857,116966,1
862934,1169671,1
863007,1169706,1
862935,116971,1
862788,1169714,1
862789,1169759,1
862860,1169760,1
863010,1169895,1
862940,1169990,1
863013,1170025,1
862796,1170154,1
862945,117024,1
862869,1170256,1
951564,1170299,1
862800,1170320,1
862948,1170334,1
862873,1170406,1
862805,117065,1
863025,1170657,1
862956,1170739,2
862880,1170754,2
863029,1170787,2
862957,1170808,1
862885,117106,1
862886,1171121,1
946378,1171213,1
862970,1171442,1
862895,1171520,1
862896,1171600,1
862974,1171677,2
863047,1171729,1
862829,1171752,2
862899,117181,1
862978,1171845,1
862833,1172044,2
862981,1172114,1
862984,1172215,1
863062,1172274,1
863059,1172380,1
862911,1172442,1
863212,1172494,1
863214,1172651,2
863143,1172816,1
863217,1172832,1
863294,1172908,1
863145,1172910,1
863073,1172928,2
863296,1173030,2
863222,1173108,1
863150,1173212,1
863301,1173331,1
863080,1173350,1
863302,1173370,1
863153,1173372,1
863228,1173481,1
863230,1173692,1
863231,1173781,2
863309,1173865,1
946841,1173887,1
863234,1173926,1
863310,1173930,1
863161,1173931,1
863311,1173968,1
863162,1174033,1
863312,1174120,1
863164,1174200,2
863238,1174216,2
863093,1174261,1
863315,1174272,1
863166,1174301,1
863241,1174433,1
863097,1174614,1
863101,1174820,1
945352,1174841,1
863102,1174884,1
863248,1174910,1
863177,1175103,1
863105,1175126,1
863178,1175186,1
863106,1175196,1
863328,1175203,2
863179,1175228,1
863111,1175525,1
863333,1175561,1
863187,1175606,1
863188,1175652,1
863262,1175766,1
863117,1175885,1
863193,117610,1
863121,1176211,1
959830,1176251,1
959376,1176276,1
863343,1176284,1
863197,1176416,1
863198,1176492,1
863347,1176532,1
863199,1176545,1
863126,1176622,1
863348,1176668,1
863203,1176949,1
863204,1176997,1
863353,1177029,1
952078,1177045,1
863132,1177073,1
863355,1177106,1
863207,1177108,1
863362,1177197,1
863283,117727,1
863359,1177377,1
863438,1177381,1
863591,117753,1
863441,1177532,1
863592,117758,1
863369,1177707,1
863444,1177727,1
863445,1177759,2
863372,1177799,1
958674,1177822,1
863373,1177848,1
959704,1177927,1
863449,1177972,1
863376,1178176,1
863525,1178282,1
863453,1178305,1
863526,1178335,1
863455,1178541,1
863457,1178613,1
863531,1178776,1
863609,1178781,1
863459,1178789,1
863534,1179031,1
863612,1179049,1
863535,1179104,1
863389,1179159,2
863391,1179267,1
863538,1179268,1
863466,1179289,1
863393,1179357,1
863541,1179502,1
947935,1179725,1
863625,1180088,1
863548,1180142,1
863477,1180187,1
863403,1180213,1
851092,1000152,1
851807,1000212,1
851884,1000394,1
851810,1000468,1
851886,1000470,1
851661,1000492,1
851739,1000657,1
851664,1000669,1
851740,1000733,1
851891,1000805,1
851667,1000846,1
947080,1000853,1
851668,1000914,1
851670,1000995,1
851896,1001011,1
951915,1001033,1
851823,1001187,1
851899,1001196,1
851675,1001270,2
851676,1001331,1
851752,1001371,2
851907,1001848,1
851683,1001889,1
851833,1001913,2
851909,100192,1
955532,100197,1
851764,1002293,1
851689,1002297,1
851691,1002351,2
851918,1002409,1
851774,1002917,1
851775,1003001,1
851853,1003258,2
851705,1003374,1
851931,1003393,1
851780,1003405,1
851932,1003449,1
851857,1003501,1
851782,1003517,1
851784,1003647,1
851861,1003710,1
851713,1003852,1
851863,1003857,1
851941,1004054,2
950493,1004128,1
851946,1004414,3
851949,1004619,1
851798,100466,1
851874,1004686,1
959777,1004692,1
851875,1004709,2
851951,1004733,1
851727,1004956,1
945422,100500,1
851802,1005014,1
851955,1005036,1
851804,1005140,1
851805,1005239,1
852185,100531,1
852109,1005363,1
851959,1005386,1
852187,1005398,1
852034,1005403,1
852188,1005421,1
852190,100551,1
852115,1005672,1
852192,1005673,1
851428,1005698,1
852193,1005762,1
852117,1005798,1
852041,1005854,1
852119,1005924,1
851969,1005961,2
852199,1006063,2
852045,1006079,1
852051,1006372,1
951000,1006488,1
852053,1006522,1
852055,1006561,1
851982,1006566,1
852057,1006637,1
852135,1006696,1
852212,1006735,1
852213,1006819,1
852214,1006847,2
851987,1006903,1
852138,1006909,1
852215,1006915,1
851988,1006938,1
852139,1006939,3
852216,1006945,1
851990,1007019,1
852219,1007092,1
852066,1007143,1
953060,1007210,1
851997,100728,1
947859,1007303,1
851999,1007382,1
852150,1007384,1
852073,1007435,1
852000,1007482,2
852155,1007832,1
852156,1007896,1
852157,1007934,1
852080,1007970,1
852007,1007976,2
852008,1008046,1
852236,1008097,1
852237,1008186,1
852240,1008284,1
852087,1008372,1
852165,1008386,1
852243,1008427,1
852089,1008430,1
852016,1008452,1
852168,1008554,1
852092,1008618,1
852022,1008802,1
852098,1008954,1
852099,1009059,2
852177,1009103,1
852100,1009123,1
852178,1009132,1
852101,1009149,1
953336,1009347,1
947862,1009421,1
852260,1009444,1
852261,1009484,1
852336,1009681,1
852264,1009686,1
852414,1009797,1
959738,1009919,1
852268,1009926,1
959563,1010001,1
945733,1010097,1
852270,1010115,1
852344,1010190,1
852497,1010363,1
852423,101040,1
852498,1010491,3
852348,1010523,1
852276,1010530,2
852499,1010613,1
852426,1010674,1
852350,1010681,1
852427,1010701,1
852428,1010723,1
852433,1010988,1
959861,1010990,1
852285,1010999,1
852508,10110,1
852359,1011039,1
852436,1011047,1
852360,1011049,3
852288,1011051,1
852289,1011091,2
852290,1011159,1
852441,1011297,1
852365,1011298,1
852443,1011374,1
852444,101143,1
852445,1011521,1
850861,1011562,1
852372,1011635,2
852300,1011713,1
852450,1011741,1
852302,1011864,1
852452,1011906,2
852376,101195,1
852528,1012036,1
852306,1012100,1
852456,101212,1
852380,1012131,1
852307,1012132,1
852384,1012278,1
851731,100001,1
851732,1000181,1
851808,1000392,1
851659,100041,1
851736,1000472,1
851663,1000628,1
851820,1000998,1
851898,1001141,2
851900,1001267,1
851901,1001311,1
851677,1001376,1
851682,1001866,1
851908,1001885,1
851835,1002060,1
851761,1002118,2
954958,100227,1
851690,1002313,1
851840,1002320,1
851766,1002341,1
851693,1002421,2
851845,1002590,1
951770,1002639,1
851923,1002682,1
851698,1002786,1
851848,1002815,1
851773,1002828,1
851925,1002899,1
851700,1002927,1
851701,1003005,1
851776,1003068,1
851852,1003107,1
851777,1003237,1
851703,100325,1
851854,1003315,1
851781,1003462,1
851707,1003498,2
851858,1003523,1
950488,1003664,1
851936,1003682,1
851786,1003776,2
851712,1003795,1
851788,100393,1
851790,1004065,1
851716,1004072,2
851942,1004079,1
851719,1004363,1
954329,1004579,1
851723,1004601,1
851725,1004702,1
851726,1004756,1
851801,1004856,1
851877,1004903,2
851953,1004918,1
851728,100502,1
851803,1005042,1
852108,1005281,1
851961,1005430,1
852189,1005451,1
946875,1005506,1
852037,1005516,1
851964,1005624,1
852116,1005749,1
954914,1005817,1
852042,1005954,1
852043,100599,2
852044,100604,1
951077,1006228,1
852126,1006281,2
951821,1006298,1
946799,1006304,1
852130,1006516,1
851983,1006594,1
951353,1006629,1
852211,100663,1
851985,1006757,1
852137,1006839,1
852060,1006888,1
852062,1006952,1
852064,1007057,1
851991,1007070,1
852065,1007098,1
852143,1007114,1
852067,1007187,1
852068,1007199,1
852146,1007225,1
852223,1007230,1
851996,1007247,1
851998,1007345,1
954527,1007498,1
852076,1007703,2
852003,100771,1
852077,1007805,2
852078,1007863,1
852233,1007898,2
852079,1007900,1
852160,1008137,2
852085,1008261,1
852012,1008262,1
852163,1008278,2
852246,1008616,1
852171,1008739,1
852094,1008770,2
852173,1008803,1
852097,1008930,2
852024,1008934,1
852102,1009280,1
852258,1009401,1
852107,1009583,2
852337,100974,1
852339,1009846,1
946218,1009862,1
852416,1009871,1
852491,1009927,1
852417,1009930,1
852422,1010281,1
852425,1010639,1
852279,1010717,1
852502,1010719,1
852280,1010753,1
946744,1010756,1
852281,1010852,2
852504,1010853,1
852430,1010864,1
852283,1010909,1
852432,1010942,2
852435,1011032,1
852437,1011070,1
852439,101123,1
852291,101126,1
852366,1011337,1
852367,1011377,1
852295,1011396,1
852518,1011420,1
852368,1011438,1
852521,1011578,2
852447,1011587,1
852371,1011593,1
852449,1011688,1
852451,1011789,1
852377,1012006,1
852530,1012106,1
852531,1012136,4
852532,1012162,1
852310,1012214,1
852538,1012475,1
852389,1012524,1
852390,1012564,1
852466,101260,1
852395,1012735,1
852396,1012818,1
852325,1012955,1
852474,1012963,1
852550,1012988,2
852400,1013003,1
956654,1013062,2
852554,1013239,1
949743,1013256,1
852332,1013415,1
950900,1013510,1
952675,1013537,1
852559,1013541,1
852712,1013795,1
852636,1013805,1
852565,1013819,1
958319,1013865,1
852639,1013878,1
956947,1013880,1
852720,1014216,1
852797,1014290,1
852648,1014364,1
947883,1014415,1
852650,1014441,2
852579,1014449,1
852728,1014542,1
852803,1014546,1
862501,1167046,3
862576,1167147,2
862505,1167182,1
862727,1167217,1
947946,1167261,1
862507,1167266,1
862579,1167292,1
862732,1167392,1
945787,1167410,1
862735,1167500,1
862736,1167512,1
862587,1167599,1
862593,1167902,1
862594,1167920,1
862745,1167932,1
862674,1168034,1
954742,1168267,1
862598,1168288,1
862529,1168318,1
862679,1168344,1
862680,1168400,1
862754,1168475,1
862535,1168526,1
862539,1168805,1
862612,1168895,1
862767,1168934,1
862839,1168956,1
862989,1169043,1
862992,1169212,1
862922,1169292,1
862846,1169309,1
862777,116934,1
862998,116938,1
862926,1169393,1
862850,1169408,1
862852,1169468,1
862931,1169578,1
862856,1169627,2
863008,1169746,1
862937,1169829,1
863012,1169969,2
862794,1170037,1
958398,1170073,1
862797,117021,1
862798,117025,1
863018,1170266,1
863020,1170333,1
862950,1170424,2
863024,1170633,1
862953,1170658,1
862806,1170664,1
862954,1170692,1
949938,1170719,1
862810,1170815,1
862812,1170973,1
862883,1170984,1
862960,1171001,1
862884,1171021,1
862814,1171053,3
950281,1171076,1
862817,1171174,1
863038,1171211,1
862819,117123,2
946592,1171369,1
863041,1171371,1
862822,1171400,1
862824,117150,1
863044,1171536,1
862972,1171559,1
862825,1171569,1
862826,117162,1
951625,1171633,1
862975,1171732,1
863048,1171761,1
863050,1171838,1
863051,1172038,1
862983,1172196,1
862838,1172230,1
863058,1172338,2
862909,117238,1
863060,1172391,1
953271,1172439,1
863061,1172463,1
863213,1172589,1
863069,1172724,1
863215,1172732,1
863142,1172763,2
863292,1172813,2
863144,1172866,1
951292,1173016,1
863298,1173139,1
863223,1173210,1
947916,1173273,1
863303,1173430,1
863082,1173456,1
863304,1173509,1
863155,1173520,1
863305,1173579,1
959145,1173762,1
863087,1173855,1
863233,1173859,1
863160,1173880,1
958970,1173905,1
863090,1174070,1
863317,1174476,1
951880,1174670,1
863246,1174780,1
863173,1174815,2
949433,1174876,1
863103,1174947,1
863104,1174973,1
863108,1175286,1
863330,1175301,1
863109,1175314,1
952467,1175483,1
863332,1175535,1
863258,1175552,1
863261,1175621,1
863336,1175630,1
863115,1175675,1
863340,117596,1
863120,1176154,1
863195,1176286,1
863272,1176502,1
863200,1176678,2
863201,1176778,1
863352,1176975,1
955210,1177000,1
863205,1177030,1
863206,1177070,1
957150,1177091,1
958295,1177134,1
863365,1177458,2
863286,1177475,1
863287,1177521,1
863367,1177551,1
863442,1177586,1
863443,1177675,1
863518,1177774,1
863446,1177791,1
863519,1177835,2
863374,1177916,1
863451,1178215,1
863452,1178268,1
959804,1178271,1
863529,1178570,2
863610,1178848,1
863460,1178854,1
863533,1178937,1
863613,1179118,2
863615,1179245,2
863468,1179363,1
863469,1179533,1
863470,1179598,2
863396,1179601,1
863543,1179664,1
863621,117969,1
863471,1179799,1
863398,1179864,1
863623,1179893,1
863546,1179947,1
863475,1180115,1
947936,1180312,1
863409,1180744,1
863484,118077,1
959300,1180827,1
863485,1180835,1
863636,1180910,1
863559,1180937,1
863637,1180938,2
863487,1180942,1
863562,1181075,2
947174,1181105,1
863564,1181285,1
863493,1181518,2
863494,1181570,1
863425,1181986,2
863573,1182055,1
863651,1182057,1
863574,1182113,1
863575,1182164,1
863503,1182310,1
863577,1182427,1
863656,118249,1
863507,1182598,1
863433,1182622,1
863664,1183068,1
863665,1183125,1
863747,1183288,1
863748,1183434,1
863899,1183760,2
863900,1183856,1
863823,1183875,1
863901,1183878,1
863824,1183996,1
863679,1184016,1
863680,118405,1
863829,1184228,1
951509,1184409,1
863686,1184527,2
947941,1184659,1
863833,1184684,1
863688,1184743,1
947942,1184903,1
863914,1184992,1
863838,1185129,1
863840,1185255,2
863918,1185261,1
863841,1185368,1
863772,1185912,1
863924,1186076,1
863847,1186117,1
863849,1186273,1
863928,1186314,1
863779,1186351,1
863780,1186437,2
863930,118648,1
863855,1186699,1
863934,1186833,2
863785,1186845,2
863712,1186965,1
863858,1186985,1
863713,1187061,2
863714,1187086,1
863938,1187111,1
863718,1187415,1
863866,1187507,1
863795,1187556,1
863796,1187650,3
863946,118771,2
863949,1187982,1
863951,1188149,1
863729,1188181,1
863952,118819,1
863805,1188226,1
863956,11884,1
863958,1188474,1
863739,1188689,2
947000,1188766,1
959739,11888,1
863743,1188861,1
863889,1188862,1
863818,1188895,1
946455,1188927,1
863976,1189271,1
863977,1189294,1
864281,1189351,2
863979,1189440,2
864053,1189680,1
864054,1189755,1
864135,1189834,1
863987,1189863,1
864136,1189883,1
863988,1189947,1
864137,1190063,1
949703,1190064,1
864063,1190425,1
863994,1190452,1
864300,1190654,1
864067,1190694,1
863998,1190798,1
864070,1191089,1
950747,1191101,1
864306,1191258,1
864003,1191262,2
947125,1191275,2
864309,1191505,1
864076,1191520,1
864011,1191881,1
864082,1191935,1
958673,1191938,1
864083,1191958,2
864085,119215,1
864086,1192219,1
864321,1192382,1
864327,1192990,2
864097,1193292,1
864176,1193301,1
864333,1193587,3
947357,1193651,1
864181,1193814,1
864103,1193852,1
864338,1193996,1
864184,1194024,2
864109,1194229,2
864188,1194236,1
864110,1194246,1
864190,119429,1
864043,1194336,1
946911,1194338,1
957056,1194390,1
864044,1194465,1
864193,1194492,1
864116,1194535,1
864201,1194549,1
864196,1194555,1
953442,1194784,1
864209,1194975,1
864353,1194996,1
864429,1194998,1
864510,1195118,2
864211,1195127,1
864511,1195193,1
864357,1195335,1
864215,1195363,1
864216,1195402,1
864218,1195557,1
864438,1195689,1
864519,1195821,1
864222,1195898,2
864526,1196089,1
864370,1196130,1
864371,1196217,1
864528,1196246,1
864229,1196261,1
864529,1196357,1
864376,1196590,1
947956,1196663,1
864234,1196748,1
864535,1196896,1
864456,1196934,1
864381,1197078,1
864239,1197106,2
864459,1197188,1
864240,1197219,1
864383,1197261,1
864540,1197355,1
949536,1197473,1
864467,1197935,1
864551,1198365,1
864472,1198381,1
864554,1198446,1
864475,1198533,1
952989,1198568,1
864476,1198640,1
946919,119866,1
864257,1198713,1
864258,1198771,1
864560,1199022,2
864561,1199075,1
864405,1199102,2
864406,1199180,1
947156,1199342,1
864408,1199412,1
864486,1199419,1
864488,1199595,1
864569,1199653,1
864414,11999,1
864492,1199901,2
851100,1199953,1
851806,1000034,1
851657,1000207,1
851733,1000322,1
954166,1000340,1
851662,1000558,1
851812,1000587,1
851814,1000708,1
851815,100080,1
851741,1000809,1
851666,1000812,1
851816,1000820,1
851893,1000894,2
851669,1000932,1
851895,1000957,1
851753,1001469,1
851678,1001473,3
959183,100149,1
957122,1001832,1
851757,1001863,2
851832,1001868,3
851685,1002040,1
851836,1002140,1
946198,1002281,1
851839,1002300,1
851915,1002303,1
851916,1002338,1
851917,1002365,1
851768,1002416,1
851694,1002453,3
851920,1002547,2
851695,1002576,1
851846,1002659,1
851922,1002661,1
851771,1002665,1
851699,1002888,1
958518,1002915,1
851850,1002932,2
851704,100331,2
851933,1003502,1
851859,1003642,1
851864,1003979,2
851792,1004261,1
949547,1004345,1
851794,1004373,1
851795,1004431,1
851722,100449,1
947852,1004499,1
851797,1004561,2
851799,1004691,1
851952,1004814,1
851879,1005024,2
959421,1005247,1
851958,1005322,1
852186,1005366,1
852035,1005424,2
851965,1005710,1
959603,1005802,1
852194,100581,3
852118,1005824,1
852196,1005943,1
852120,100597,1
952159,1005977,1
852121,1006015,2
852201,100617,1
852049,1006291,1
851976,1006305,1
851977,1006348,1
852205,1006369,1
852052,1006490,1
851979,1006502,1
852132,1006551,1
852134,1006626,1
852058,100674,1
954547,1006824,1
852061,1006929,1
852140,1006991,2
852141,1007028,1
852220,1007121,1
851994,1007191,1
852145,1007194,1
852222,1007198,1
852070,1007274,1
852225,1007295,1
852149,100735,1
852072,1007376,3
852002,1007616,1
852081,1008008,1
951557,1008056,1
852009,1008128,2
852241,1008343,1
947860,1008361,1
852090,1008548,1
852093,1008723,1
852021,1008772,1
852172,1008775,1
852249,1008794,1
852095,1008797,2
852250,1008812,2
852096,1008862,1
852252,1008952,2
852028,1009191,1
852256,1009263,2
852180,100932,1
852257,100933,1
852104,1009416,1
852183,1009451,1
852410,1009468,1
852484,1009491,1
852488,1009758,1
852338,1009808,1
852266,1009823,1
852415,1009840,1
852490,1009868,1
852272,1010216,1
852345,1010243,1
852347,1010432,1
852424,1010496,1
852278,1010689,2
852503,1010793,1
852429,1010796,1
852353,1010839,2
852354,1010868,1
852282,1010875,2
958530,10111,1
852512,1011110,1
959295,1011161,1
852514,1011263,1
852515,1011287,1
852293,1011309,1
852519,1011515,1
852446,1011569,1
852522,1011600,1
852299,1011642,1
952224,1011883,1
852454,1012056,1
852305,1012075,2
949367,1012130,1
852458,101217,1
852533,1012186,1
852535,1012339,1
852461,1012360,2
852536,1012376,2
852313,1012399,1
953699,1012419,1
852387,1012456,1
852541,1012599,2
852542,1012614,1
852543,1012631,1
852320,1012645,1
852469,101265,1
852394,1012671,1
852545,1012723,2
852549,1012957,1
852327,1013061,2
956998,1013109,1
852553,1013181,1
852403,1013204,1
852330,1013227,2
852556,1013418,1
852481,1013419,2
851639,1013547,1
852710,1013592,1
952409,1013622,1
852711,1013732,1
852564,1013792,1
852788,1013826,1
852714,1013852,1
959278,1013913,1
852715,1013951,1
852641,1014056,1
852718,1014175,1
852644,1014208,1
852795,101423,3
852721,1014253,1
852722,1014288,1
864415,1199972,1
864275,120015,2
864581,1200454,1
864422,1200513,1
864583,1200536,1
864735,1200814,2
864739,1201086,1
864812,1201144,1
864743,1201374,1
864663,1201389,1
864597,1201507,1
864599,1201627,1
947598,1201691,1
951946,120234,1
850318,1202581,1
946820,1202618,1
864676,1202697,1
864609,1202765,1
864833,120298,2
945693,1203004,1
864684,1203283,2
864766,1203306,1
946957,1203330,1
864768,1203606,1
864687,1203634,1
864620,1203667,1
949162,1203869,1
864772,1203893,1
864775,1204176,2
864626,1204178,1
864627,1204224,1
864695,1204239,1
864696,1204362,2
864700,1204589,1
864701,1204695,1
864856,1204791,1
864704,1204882,1
864786,1204973,1
864705,1205101,1
864706,1205246,2
864709,1205473,1
864863,1205480,1
864791,1205492,1
864644,1205767,2
864645,1205834,1
958575,1205916,1
947964,1206609,1
864875,1206779,1
864805,1206932,1
864959,1206941,2
864960,1207014,1
864726,1207124,1
864880,1207160,1
947970,1207414,1
864730,1207453,1
865117,1207485,1
865038,1207564,1
865122,1207775,1
864887,1207800,1
864888,1207843,1
865125,1207912,1
864893,1208202,1
864894,1208233,1
865051,1208525,1
864980,1208578,1
865052,1208636,1
864981,1208679,1
865053,1208702,2
865133,1208703,1
949223,1208860,1
864986,1208997,1
864989,1209128,1
865061,1209173,1
947150,1209430,2
949614,1209592,1
865146,120987,1
865067,1209988,1
865147,1209992,1
864997,1210063,1
865069,1210158,1
864914,1210174,1
865150,1210186,1
864915,1210230,2
864916,1210269,1
865156,1210724,1
864921,1210736,1
864922,1210814,1
864923,1210963,1
865160,12111,2
959544,1211366,1
865163,1211432,2
864930,1211709,1
950755,1211879,1
865087,1211950,1
952613,1211970,1
864933,1212025,1
865088,1212040,1
865018,1212044,2
864937,1212308,2
865022,1212379,1
864939,1212563,1
958357,121278,1
865179,121298,1
864945,1213188,1
865030,1213223,1
865182,1213244,2
864951,1213553,1
865413,1213572,1
955365,1213729,1
865189,1213832,1
959807,1213963,1
865193,1214031,1
865194,1214131,1
865340,1214150,1
865341,1214248,1
865197,1214392,1
949192,1214497,1
865423,1214561,1
865426,1214792,1
865201,1214819,1
865427,1214845,1
851534,1214893,1
953065,1214981,1
865350,1215064,1
865432,121539,1
865274,1215535,1
865354,1215683,1
865208,1215723,2
865358,1215877,1
865212,1215979,1
865359,1216028,1
865442,1216426,2
865364,1216567,1
865365,1216666,2
865446,1216894,1
865448,1217032,1
865452,1217339,2
865294,1217376,1
865454,1217416,1
865455,1217515,1
865229,1217516,1
865376,1217578,2
865230,1217596,2
865297,1217604,1
865299,1217824,1
865459,1217860,1
865235,1218097,1
865302,1218127,1
865462,121818,1
865303,121825,1
865384,1218357,1
947976,1218512,1
865391,1218938,1
865471,1218940,1
865315,121914,1
865253,1219402,1
865320,1219407,1
865323,121955,1
865259,1219754,1
865406,121977,1
851091,1219778,2
865327,1219785,1
865328,1219818,2
947396,12199,1
865330,1219934,3
865490,1220015,3
865331,1220024,2
865491,1220126,1
865333,1220180,1
851170,1220210,1
865335,1220353,1
865714,1220367,1
865715,1220406,1
959746,1220422,1
865496,1220487,1
865717,1220496,2
865718,1220537,1
865656,1221204,1
865574,1221235,1
865657,1221244,1
865508,1221355,1
865660,1221445,1
947978,1221538,1
865663,1221693,1
958830,1221841,1
865666,1221889,1
865517,1222000,1
950240,1222039,1
865587,1222147,1
865670,1222158,1
865589,1222232,1
947768,1222246,2
865591,1222381,3
865675,1222469,1
947770,1222618,1
865677,1222651,1
865678,1222720,1
865750,1222734,1
865597,1222802,1
865751,1222804,1
865530,1222831,1
865532,1222911,1
865754,122293,1
865533,1222955,2
865604,1223096,2
865690,1223202,1
865540,1223226,1
865762,1223246,1
865692,1223355,1
865765,122345,1
947988,1223462,1
865694,1223483,1
865766,1223537,1
865546,1223600,1
865697,1223668,1
865547,1223719,1
959845,1223831,1
865617,1223851,1
865773,1223958,1
865702,1223997,1
865619,1224058,1
865703,122409,1
865620,1224106,1
865623,122424,1
865624,1224305,1
865710,1224527,1
865560,1224539,1
865781,1224634,2
865785,1224860,1
865866,1224939,2
866018,1225121,1
866024,1225475,2
866027,1225679,1
865946,1225723,1
865800,1225937,1
865801,1225966,1
866033,1226025,1
865953,1226230,1
865888,1226383,1
865956,1226390,1
866040,122643,2
865958,1226447,2
866041,1226462,1
866042,1226480,1
865812,1226510,2
865962,1226619,1
865963,1226676,1
947458,1227034,1
865823,1227295,1
865904,122734,1
865972,122740,1
865824,1227467,1
865974,1227501,1
866059,1227622,1
865829,1227804,1
865911,1227822,1
865912,1227861,1
866065,1228019,1
866066,1228174,1
865835,1228285,1
865917,1228342,1
947998,1228344,1
865836,1228398,1
865986,1228497,1
865839,1228620,1
865840,1228731,1
865990,1228852,1
865841,1228951,2
865923,12290,1
866075,1229186,1
865995,1229574,1
865848,1229774,1
865849,1229868,2
866081,1229877,1
865931,1229891,1
865852,1230030,1
866005,1230325,1
865856,1230378,1
865938,1230420,1
865939,1230447,1
866007,1230450,1
866092,1230624,2
865862,1230894,1
866170,1230901,1
866171,1230947,1
866244,1231154,1
866321,1231174,1
866100,1231182,1
866322,1231226,1
866101,1231278,1
866323,1231324,1
866247,1231381,1
866104,1231580,1
866327,1231667,1
866330,1231849,1
952517,1231856,1
866109,1231863,1
949363,1231872,1
866113,1232085,1
866335,1232102,2
951361,1232163,1
866336,1232205,1
866260,1232219,1
866191,1232239,1
866261,1232277,1
866120,1232463,1
866341,1232468,1
956722,1232509,1
866267,1232565,1
866344,1232622,1
866124,1232633,1
866200,1232648,1
866201,1232779,1
866128,1232829,1
866274,1232905,1
866351,1232967,1
953512,1232978,1
866277,1233134,1
866133,1233170,1
866211,1233425,1
866282,1233529,1
866359,1233596,1
866141,1233763,1
866285,1233788,2
958789,1233862,1
866288,1233957,1
866289,1234015,1
866366,1234041,2
866222,1234129,1
959741,1234341,1
866224,1234356,2
866371,123438,1
866296,1234503,2
866374,1234583,2
956598,1234595,1
866298,1234605,1
866299,1234641,1
866157,123473,1
866233,1234821,1
866159,1234880,1
866235,1234895,1
954512,1234982,1
866237,1234991,1
866382,1235029,1
866238,1235033,1
866385,1235201,1
866166,1235218,1
954096,1235317,1
952463,1235374,1
866400,1235769,1
866474,1235948,1
866545,1236006,1
866475,1236018,1
866406,1236154,1
947967,1236236,1
866412,1236474,2
866555,1236531,1
947613,1236842,1
866421,1237059,1
866642,1237222,1
866425,1237236,2
866498,1237283,3
851122,1237284,1
955010,1237440,1
866648,1237477,1
866503,1237602,1
866430,1237618,2
952099,1237683,1
866650,1237685,1
866432,1237705,2
866433,1237827,1
866434,1237847,1
851283,1237931,1
866436,1237961,1
866511,1238004,1
866438,1238104,1
947969,1238240,1
866587,1238352,1
851242,1238395,1
866665,1238547,1
866447,1238575,2
866524,1238776,2
866669,1238789,1
866451,1238859,1
866596,123892,1
949456,1238940,1
866675,1239330,1
866531,1239337,1
866603,1239431,1
866604,1239508,1
866605,1239565,1
866606,1239612,1
866607,1239654,1
866683,1239799,1
958447,123999,1
866690,1240153,2
866771,1240176,1
866924,1240633,2
866705,1240662,2
851119,1240820,2
958668,1240821,1
866707,1240999,1
866850,1241006,1
866928,1241009,1
866852,1241102,1
866857,1241441,1
866935,1241469,1
866858,1241525,1
866860,1241707,2
866791,1241725,1
866792,1241827,1
866722,1242011,1
866865,1242030,1
866866,12421,1
866724,1242178,1
866868,1242260,1
850671,1242310,3
866801,124246,2
954376,1242523,1
866803,1242617,1
866732,1242974,2
866810,1243387,1
866880,1243393,1
866811,1243417,1
866737,1243478,1
866883,1243553,1
866740,1243796,1
866884,1243827,1
959442,1243894,1
866816,1243981,1
949915,1244065,1
947981,1244320,1
866747,1244516,1
866822,1244566,1
866748,1244588,1
866825,1244939,2
866826,1245031,1
866829,1245199,1
952914,1245436,1
946480,1245636,1
866759,1245803,1
866981,1245816,1
866982,1245878,1
866836,1245902,2
959755,1246364,1
866909,1246373,1
866987,1246376,2
866996,124641,2
866910,1246420,2
867222,1246459,1
866911,1246465,1
958963,1246757,1
867002,1246843,1
867070,1247023,1
867229,1247036,1
867071,1247045,1
867008,1247225,1
867150,1247256,1
867233,1247280,1
867234,1247318,1
867235,1247371,1
867077,1247445,2
867236,1247558,1
867237,1247583,1
867083,1247905,1
867245,1248179,1
867087,1248198,1
867022,1248379,1
867165,1248439,1
867249,1248586,1
867167,1248616,1
867251,1248717,1
867169,1248823,1
867170,1248876,1
947245,1248971,1
949158,1249229,1
867259,1249327,1
867177,124936,1
953364,1249482,1
867264,1249657,1
945618,1249683,1
867106,1249684,1
867041,1250018,1
958664,1250122,1
867111,1250310,1
867187,1250312,1
867115,1250623,1
953683,1250963,1
867052,1251118,1
867053,1251200,1
867121,1251213,1
867199,1251385,1
867125,1251532,1
867201,1251542,1
867202,1251640,1
867128,1251740,1
867204,1251870,2
867130,1251952,1
959081,1251963,1
867063,1251991,1
947192,1252138,1
867289,1252151,1
867066,1252283,2
867292,1252350,1
867213,1252440,1
867297,1252557,1
867374,1252795,1
949072,1252866,1
867522,1253333,1
867381,1253504,1
867382,1253567,2
867526,1253608,2
867452,1253616,1
867455,125373,1
867457,1253893,1
850819,125406,1
867315,1254060,1
867390,1254098,1
867393,1254425,2
867320,1254455,1
867469,1254778,1
867401,1254915,1
955476,1255067,1
867328,1255145,1
867472,1255146,1
867548,1255237,1
867476,1255478,1
867478,1255633,1
867336,1255748,1
867411,1255853,1
867412,1255900,1
867340,1256018,1
851150,1256118,2
867417,1256173,1
867489,1256556,1
867566,1256738,1
867350,1256963,1
867493,1256975,1
867569,1256982,1
867351,1257032,1
867494,1257094,1
867352,1257113,1
867429,1257264,1
867499,125748,1
867357,1257582,1
867359,1257706,1
946748,1257725,1
954121,1257762,1
867435,1257780,1
954777,1257832,1
867504,1257881,2
867436,1257903,1
867361,1257912,1
867439,1258089,1
867364,1258147,1
955207,1258346,1
867441,1258414,1
867586,1258507,3
867369,1258764,1
867370,1258967,1
945663,1259121,1
867674,125918,1
867519,1259337,1
851507,1259488,1
867520,1259535,1
867521,1259584,1
851291,1259659,1
867826,1260013,1
867683,1260025,1
867827,1260097,1
867686,1260299,1
867613,1260316,1
867831,1260371,1
867688,1260376,1
954247,1260536,1
867833,1260545,1
867835,1260693,1
867692,1260706,1
867763,1260991,1
867839,1261069,1
867765,1261108,1
867840,1261132,1
867627,1261674,1
867701,1261711,1
867628,1261752,1
867845,1261796,1
851104,1261800,1
867846,1261818,1
867630,1261846,1
867631,1261986,1
867704,1262074,1
867851,1262434,1
867707,1262444,1
867635,1262479,2
867852,1262585,1
867853,1262684,1
955145,1263143,1
867642,1263350,1
867716,1263497,1
867718,1263779,1
867720,1264024,1
867790,126425,1
867865,1264265,1
950278,1264326,1
867651,1264368,1
867867,1264427,1
867868,1264497,3
867653,1264583,1
867869,1264626,1
867726,1264648,1
867654,1264649,1
867795,1264674,2
867727,1264729,1
867728,1264776,1
955095,1264783,1
867656,1264791,1
867657,1264992,1
867660,1265240,1
867734,1265283,1
867735,126536,2
851213,1265377,1
867740,1265781,1
867883,1265839,1
867891,1266484,2
868127,1266519,1
867819,1266651,1
954443,1266662,1
868130,1266773,1
867821,1266913,1
867906,1267073,2
867909,1267220,1
868136,1267253,2
951710,1267444,1
958815,1267703,1
867980,1267728,1
868139,126774,1
867913,1267763,2
868140,1267817,1
867915,126795,1
867983,1267952,1
868057,1267981,1
868058,1268073,1
868059,1268102,1
953337,1268107,1
868144,1268146,1
868060,1268302,1
868146,1268388,2
867920,1268394,1
867921,1268591,1
867989,1268633,1
868064,1268734,1
867992,1268852,2
868151,1268888,1
958724,1269412,1
867999,1269462,1
945862,1269472,1
868075,1269647,1
868002,1269687,1
867935,1269840,1
867937,127001,1
868080,1270118,1
867939,127013,1
867940,1270243,1
868008,1270283,1
868083,1270326,1
867942,1270360,1
868084,1270388,2
950406,1270453,1
958534,1270454,1
868011,1270548,1
868085,1270641,2
867944,1270676,1
868012,1270790,1
947247,1270850,1
868015,1271138,1
868089,1271225,1
950161,1271227,1
868019,1271519,1
868178,1271568,1
868094,1271615,1
868179,127168,1
951100,127175,1
868023,1272066,1
868098,127217,1
956799,1272235,1
868185,1272456,1
868186,1272539,1
867961,1272626,1
868188,1272697,1
868029,1272709,1
958392,1272772,1
868191,127300,1
868192,1273073,1
867966,1273077,1
868194,1273233,1
867969,1273697,1
868111,1273754,1
867970,1273798,1
952165,1273810,1
868037,1273861,1
949784,1273973,1
868044,1274481,1
947994,1274495,1
868120,1274558,1
868046,127461,1
868283,1274654,1
868284,1274690,1
868355,1274955,1
958595,1274997,1
868431,1275036,1
868289,1275149,2
868433,1275205,1
868359,1275265,1
868434,1275300,1
946650,1275349,1
868291,127543,3
868435,1275485,2
868294,1275603,1
959403,1275654,1
868296,1275748,1
868440,1275855,1
868297,1275924,2
868299,1276144,1
868225,1276148,1
868444,127620,1
868370,127624,1
868373,1276532,1
953930,1276702,1
868230,127671,1
868305,1276786,1
868234,1277065,1
959774,1277140,1
955254,1277346,1
868315,1277582,1
868318,1277936,1
868244,1277958,1
868463,1278032,1
868321,1278292,1
868391,1278319,1
868392,1278508,1
868326,1278784,1
868254,1279048,2
868255,1279084,1
868256,1279157,1
868260,1279616,1
868407,1280111,1
868409,1280208,1
868484,1280223,1
868340,1280248,1
868410,128026,1
948003,1280605,1
868488,1280622,1
868344,1280623,2
868346,1280738,2
868272,1280777,1
868493,1281022,2
868349,1281025,2
868421,1281342,1
868508,128154,1
958604,1281569,1
868425,1281588,1
868584,128176,1
868501,1281802,1
868503,1282149,1
945625,1282321,1
868660,1282536,1
868591,1282611,1
868661,1282645,1
868594,1282823,1
868520,1282836,1
868665,1282995,1
868525,1283328,1
868745,1283348,1
868526,1283369,1
868670,1283375,1
959423,1283806,1
951996,128395,1
868753,1284088,1
953012,1284299,1
868757,1284554,1
868612,1284561,1
950362,1284700,1
868683,1284714,1
868759,1284718,1
868761,1284809,2
868616,1284839,1
946228,1284944,1
868543,1285295,1
868625,1285703,2
868772,1285785,2
868627,128580,1
868776,1286018,1
868632,1286171,1
868703,1286333,1
868780,1286398,1
868781,1286480,1
868706,1286571,1
868782,1286593,1
868562,128665,1
868784,1286660,2
868563,1286677,1
868564,1286744,1
868710,1286752,1
951645,1286761,1
868565,1286902,1
946037,1286957,1
958675,1287191,1
868569,1287248,1
947805,1287304,1
868793,128742,1
868649,1287588,1
868798,1287820,1
868799,1287899,1
868726,1288010,1
952144,1288545,1
868816,128873,1
868817,128881,1
868819,1288943,1
868734,1288944,1
868810,1288962,1
868735,1289118,1
868811,1289159,1
868897,1289168,1
868967,1289324,1
868968,1289440,1
868901,1289494,1
955380,1289557,1
868826,1289583,1
868904,1289712,1
868972,1289901,1
868906,1289961,2
869048,1290027,1
869050,1290264,1
868977,1290347,1
868910,1290392,2
868914,1290692,1
868982,1290703,1
869057,1290786,2
868916,1290798,1
869058,1290809,1
869059,1290884,1
868986,1290968,1
868920,1291090,2
869062,1291165,1
868846,1291470,1
868991,1291543,1
953141,1291569,1
868993,1291717,1
869069,1291842,1
868853,1292032,2
869002,1292358,1
868937,1292480,1
869082,1292845,1
868866,1293071,1
869086,129319,1
869088,129337,1
868948,1293446,1
869015,129350,1
869016,1293634,1
868875,1293810,1
868878,1293999,1
869022,1294006,1
869099,1294266,1
948013,1294307,1
869100,1294321,1
950973,1294327,1
953080,1294350,1
959790,1294413,1
955472,1294430,1
869117,1295029,1
869034,129510,1
869193,1295136,1
869194,1295213,1
869038,1295433,1
869114,1295506,1
869040,1295521,2
869200,1295588,1
948015,1295774,1
869204,1295863,1
869205,1295982,1
869130,1296010,1
869348,1296073,1
869132,1296121,1
869133,129628,3
869351,1296377,1
869280,1296481,1
869356,1296697,2
869217,1296829,2
869360,1296936,1
869219,1296939,1
869222,1297226,2
950740,1297337,1
869148,1297399,1
869149,1297492,1
869293,1297497,1
869366,1297517,1
869369,1297727,1
869370,1297772,1
869230,1297891,1
869300,1298131,1
869161,1298418,1
869378,1298447,1
869162,1298514,1
851449,1298572,1
869238,1298631,2
949337,1298656,2
869380,1298658,1
958336,1298815,1
869381,1298842,1
869240,1298851,2
869168,1299107,1
869171,1299324,1
869247,1299407,1
869315,1299489,1
954800,1299659,1
869392,1299705,1
869393,129978,1
869252,1299780,1
851229,1299878,1
869254,1300017,2
869321,1300070,1
869324,1300498,1
869401,130062,1
869260,1300623,1
869186,1300743,1
869262,1300957,1
869188,1300983,1
869189,1301025,1
869331,1301089,1
869409,1301453,2
869418,1301537,1
869335,1301546,1
869493,1301855,1
869415,1301910,1
869424,1301994,1
869496,1302265,2
869640,1302292,1
851274,1302394,1
869429,1302577,2
869503,1302734,1
869570,1302758,1
869504,1302775,2
869433,13028,1
869572,1302839,2
869507,1302985,2
869439,1303173,2
869578,1303242,1
869579,1303287,2
947810,1303352,1
869513,1303405,1
869443,1303408,1
869658,1303416,1
869514,1303458,1
869446,1303581,1
869661,1303597,1
869663,1303808,1
869587,1303857,1
952059,1304170,1
869522,1304331,1
869591,1304510,1
869668,1304676,1
869454,1304728,1
869669,1304748,1
869671,1304903,2
869528,1304908,1
869457,1305054,1
869596,1305055,2
851537,1305207,1
869459,1305318,1
869675,1305323,1
869600,1305366,1
869534,1305426,1
953693,1305684,1
869465,1305887,1
955544,1306003,1
869468,1306004,1
869469,1306055,1
869470,1306071,1
947212,1306225,1
869472,1306233,1
869473,1306277,1
869475,1306437,2
869693,1306468,2
869550,1306469,1
869695,1306515,1
869479,1306541,1
869620,1306544,1
869622,1306668,1
869556,1306910,1
869700,1306938,1
869557,1306956,1
869484,1306969,2
958976,1307239,1
869487,1307304,1
869714,1307345,1
869629,1307366,1
869715,1307403,1
869631,1307604,1
869707,1307605,1
869792,1307705,1
869793,1307774,1
869794,1307951,1
869723,1308208,1
869638,1308258,3
869940,1308277,1
869867,1308479,1
869801,1308575,1
869802,13086,1
869944,1308689,1
869804,1308818,1
869872,1308907,1
954408,1308908,1
869807,1309000,1
869954,1309356,1
869814,1309465,4
869740,1309491,1
869881,130951,2
869882,1309546,1
869742,1309612,2
869883,1309630,1
869958,1309699,1
949355,1309788,1
869746,1309848,1
869888,1309918,1
869823,1309979,1
869966,1310085,1
869967,1310130,1
869827,1310169,1
869969,1310358,1
869896,1310388,1
869830,1310418,1
851070,1310466,1
869897,1310529,1
869899,1310627,1
869976,1310707,1
869902,1310775,1
945432,1310800,1
869979,1310911,1
869839,1310923,1
869981,1311067,2
869841,1311097,1
869767,1311123,1
947826,1311222,1
869983,1311279,1
869985,1311321,1
869846,1311431,2
957272,1311439,1
869911,1311459,1
869987,1311461,1
869912,1311483,1
949956,1311491,2
869850,1311643,1
869995,1311944,1
869920,1311961,1
869857,1312078,1
869859,1312194,1
870000,1312248,1
869926,1312364,1
950383,1312397,2
869929,1312564,2
870005,1312616,1
869933,1312795,1
870020,1312981,1
870011,1312989,1
870012,1313018,1
870013,1313096,1
870247,1313139,1
870023,131315,1
870249,1313234,1
870091,131328,1
870094,1313602,1
870170,1313670,1
870173,1313808,2
870100,1313964,1
870035,1313998,1
946858,1314042,1
870177,1314062,1
870178,1314108,2
870263,1314223,1
870182,1314357,2
870107,1314366,1
870266,1314370,1
870108,1314420,1
870184,131447,1
870110,1314635,1
870111,1314722,1
870116,1315164,1
870277,1315402,1
851088,1315426,2
870280,1315650,1
946471,1315831,1
870199,1315926,1
870059,1315967,2
870285,1316014,1
870060,1316021,1
870287,1316106,1
870129,1316257,1
870130,1316342,1
870131,1316422,1
870291,1316496,1
870066,1316524,1
870292,1316596,1
870067,1316601,2
870296,1316945,1
870138,1316986,1
870301,1317171,1
870302,1317383,1
870219,1317474,1
870145,1317517,1
870080,1317575,1
870147,1317609,1
870222,1317711,1
870083,1317741,1
870150,1317762,1
870309,1317766,1
870310,1317902,1
946096,1317920,1
870152,1317970,1
870154,1318177,1
870314,1318278,1
870157,1318284,2
948004,1318496,1
870159,1318499,1
870319,1318667,1
950170,1318763,1
870321,1318847,1
870322,1318870,2
870238,1318906,1
870543,1319068,1
870325,1319097,1
870405,1319261,1
870327,1319445,1
870406,1319477,1
870328,1319586,1
870548,1319854,2
851250,1319867,1
870409,132009,1
951074,1320313,1
870476,1320468,1
870337,1320536,1
870339,1320812,1
951782,1320837,1
870417,1320856,1
870560,132105,1
870342,1321051,1
870562,1321291,1
870484,1321349,1
870345,132141,1
945706,132155,1
870423,1321738,1
870487,1321914,1
958699,1322195,1
870490,1322229,1
870428,1322250,1
950630,1322326,1
870571,1322473,1
870494,1322524,1
870574,132259,1
870436,1322889,1
870500,1322944,1
870579,1322959,1
870362,1323031,1
870439,1323058,1
958671,1323093,1
870504,1323314,2
870584,1323564,1
951790,1323696,1
870371,1323953,1
870448,1323981,1
870590,1324201,1
870592,1324375,1
870452,1324424,1
953349,1324664,1
959156,1324721,1
870454,1324785,1
870380,1325144,1
870602,1325619,1
870463,1325847,1
870389,1326129,2
870390,1326338,1
870530,1326376,1
870608,1326412,1
870531,1326589,1
870621,1326740,2
870533,1326796,1
947315,1327102,1
870629,1327737,1
870702,1327963,1
870631,1328289,1
959271,1328495,1
870705,1328699,1
870771,132873,3
947386,1328735,1
870635,1329120,1
870708,1329165,1
870778,1329496,1
870641,1329664,1
870715,1330195,1
870787,133090,2
870725,1331397,1
870656,1331692,1
870729,1331725,1
958779,1331848,1
870871,133203,1
870660,1332254,1
870661,1332282,2
952290,1332285,1
870737,1332601,1
870670,1333191,1
956977,1333282,1
956960,1333310,1
870884,1333341,1
870811,1333497,1
870747,1333668,2
870748,1333827,2
870814,1333864,1
870889,1333952,1
870751,133416,1
870817,1334345,1
870685,1334828,1
870759,1334954,1
870901,1335254,1
870902,1335296,1
870691,1335299,1
870693,1335423,1
870766,133547,1
870906,1335494,2
870767,1335518,1
870908,1335623,1
870922,1335709,1
870923,1335788,2
870836,133582,1
870914,1335934,1
851002,1335952,1
870916,1336040,1
870841,1336066,1
870917,1336078,1
871002,133609,1
870842,1336107,2
871003,1336189,1
871071,1336216,1
871148,133623,1
871004,1336232,1
871073,1336370,1
948031,1336582,1
870937,1336671,1
871077,1336688,1
871155,1336744,1
870939,1336789,1
952503,1336935,1
871080,1336999,1
871081,1337081,1
871082,1337200,1
870943,133725,1
871162,1337599,1
871163,1337667,1
871020,1337744,1
871165,1337775,1
871027,1338196,1
871174,1338528,2
871175,1338597,1
871033,1338875,1
871034,1339043,1
871104,1339346,1
871105,1339404,1
871107,1339620,1
871042,1339719,1
871109,1339736,1
947234,1339814,1
871044,1339835,1
870972,1339862,1
871189,1339885,1
871114,1340025,1
871192,1340036,1
871115,1340065,1
871049,1340094,1
870977,1340097,1
871194,1340122,1
871051,1340169,1
870980,1340204,1
871120,1340302,1
948035,1340338,1
871055,1340471,1
870984,1340579,2
871057,1340651,1
871058,1340786,1
871125,13408,2
946376,1341023,1
871205,134104,1
871061,1341093,1
871207,1341216,1
871065,1341420,1
871223,1341499,2
871133,1341503,1
871211,1341515,1
871067,1341525,1
871212,1341553,1
871213,1341615,1
871070,1341706,1
953616,1341746,1
950497,1341814,1
954490,1341818,1
871217,1341932,1
871141,1342131,1
871222,1342366,2
871145,1342396,1
947520,1342397,1
871308,1342417,2
871527,1342449,1
871310,1342516,1
871529,1342600,1
947778,1342793,1
871458,1342944,1
871534,1342968,1
871316,1342988,1
871318,1343042,2
959177,1343272,1
871321,1343370,1
871322,1343460,1
954657,1343510,1
871251,1343602,1
871324,1343646,1
871325,1343733,1
871544,1343808,1
871327,1343976,2
871256,1344084,1
871470,1344151,1
871330,1344232,1
871331,1344251,1
871261,1344450,1
871477,1344543,1
871479,1344663,1
871480,1344744,1
959229,1344848,1
871341,1345011,1
871562,1345296,1
871272,1345311,2
871346,134555,1
871567,1345725,2
951722,1345995,1
871280,1346012,1
951857,1346149,1
871354,1346155,1
871574,1346276,1
871357,1346331,1
871499,1346373,1
871581,134685,1
871505,1346866,1
871292,1346973,1
871506,1346980,1
871365,1347022,1
851467,1347056,1
953195,1347164,1
871367,1347205,1
871586,134723,1
871370,1347415,1
871515,1347927,1
871375,1347975,1
948028,1347980,1
871603,1348167,1
871518,1348213,1
871597,1348294,1
871598,1348460,1
954578,1348488,1
949911,1348917,1
871615,1349465,2
871759,1349498,1
871394,134957,1
851377,1350043,1
871624,1350286,1
871689,1350341,1
871768,1350342,1
871691,1350442,1
871770,1350542,1
871692,1350576,1
871772,1350693,1
871629,1350697,1
871774,1350836,1
871775,1350990,1
871697,1351341,1
871633,1351369,1
871699,13515,2
871701,1351673,1
871415,1351829,1
871782,1351893,1
871416,1351917,1
871707,1352131,1
871642,1352183,1
871710,1352425,1
871789,1352427,1
871646,1352570,1
871712,1352603,1
871425,1352644,1
957170,1352718,1
871714,1352731,1
871649,1352770,1
953820,1352810,1
871794,1352874,1
871717,1352978,1
871431,1353132,1
871654,1353216,1
871432,1353223,1
871801,1353630,1
871723,1353760,1
871436,1353822,1
871441,1354480,1
871729,1354508,1
871665,135471,1
871731,1354736,1
871810,1354748,2
871445,1354905,1
871669,1355068,1
871815,1355376,1
871671,135539,1
871738,1355521,1
871673,1355549,1
871739,1355575,1
871674,1355620,1
871830,1355621,1
952128,1355623,1
871820,1355773,1
871906,135596,1
950601,1356015,1
871822,1356044,1
851318,1356100,1
953158,1356115,1
955507,1356305,1
871910,1356460,1
871839,1356611,1
871751,1356889,1
871919,1357584,1
871848,1357611,1
871985,1357735,1
871850,1357855,1
871924,1357957,2
871988,1357975,1
872215,1358025,1
952182,1358075,1
872217,1358277,1
871930,135866,1
871859,1358716,2
872222,1358727,1
871932,1358731,1
954619,1358765,1
871862,1358929,1
872225,1358956,2
871935,135910,1
872228,135935,1
871938,1359474,1
872002,1359521,1
872003,135968,1
953828,1359722,1
872234,1359992,1
872237,1360328,1
871947,136034,1
871876,1360513,1
871948,1360565,1
872240,136062,1
872014,1360846,1
871951,136085,1
871953,1360991,1
872017,1361011,1
955310,1361070,1
950183,1361237,1
871956,136134,1
871885,1361455,1
872021,1361530,1
871960,1361772,1
872024,1361789,1
954724,1361870,1
871896,1362477,1
871968,1362521,1
871971,136279,1
871900,1362794,1
871902,1362909,1
871974,1362992,1
872040,1363114,1
871979,1363403,1
872061,1363811,1
872047,1363818,1
872275,1363872,1
872048,1363908,1
872050,1364060,1
872051,1364100,1
872067,1364307,1
872068,1364401,1
872287,1364810,1
872074,1364831,1
872288,1364851,1
872289,1364911,1
872290,1364972,1
872140,1365174,1
872379,136518,1
953765,1365344,1
872144,1365510,1
872382,1365533,1
952575,1365544,1
872084,1365593,1
872298,1365637,1
951191,1365697,1
872385,1365718,1
872387,1366022,1
872090,1366472,1
950616,1367052,1
872094,13672,1
872308,1367245,1
949455,1367252,1
950612,1367300,1
872096,1367430,1
872097,1367528,1
872311,13676,1
872398,1367670,1
872399,1367726,1
872161,1367771,1
872314,13678,1
872316,1367958,1
872164,1368044,1
872166,1368180,1
953558,1368364,1
949446,1368369,1
872168,1368469,2
872108,1368524,1
872408,1368714,1
872109,1368747,1
872323,1368778,1
872409,1368868,2
872171,1368932,1
872172,1368994,1
872411,1369100,1
954859,1369161,1
872173,1369221,1
872175,1369352,1
872115,1369399,1
872417,1369753,1
953098,1369985,1
872421,1370312,2
951558,1370481,1
872184,1370562,1
952291,1370645,1
872341,1370816,1
956608,1370887,1
872129,1370922,2
872189,1370924,1
872430,1371005,1
872431,1371091,1
952395,1371117,1
872346,1371129,1
872193,1371287,1
872437,1371453,1
872438,1371515,1
872350,1371586,1
872440,1371637,1
951197,1371668,1
872441,1371706,1
872515,1371750,1
946766,1371764,1
959220,1371788,1
872201,1371830,1
872203,1372012,1
872446,1372048,2
872448,1372156,1
872663,1372328,2
872588,1372351,1
872527,1372780,1
872668,1372837,1
872669,1372904,1
872596,1373141,1
872597,1373159,1
872672,1373165,1
872462,1373399,2
872463,1373487,1
872604,1373875,1
872469,1374149,1
872607,1374152,1
872608,1374261,1
872472,1374408,1
872473,1374477,1
872611,1374559,1
872478,1374826,1
872615,1374876,2
872691,13749,1
959470,1374909,1
872480,1374996,1
872481,137515,1
872554,1375206,1
872695,1375235,1
872483,1375248,2
872558,137552,1
872702,1375775,2
872562,1375817,1
872704,1375981,1
945354,1376009,1
958287,1376125,1
872493,1376141,1
872706,1376191,1
872567,1376266,1
949468,1376299,1
872708,1376329,1
872633,1376378,1
872709,1376379,3
872710,1376416,1
872571,1376573,1
948049,1376643,1
872573,1376665,1
947109,1376730,1
872640,1376792,1
948052,1376919,1
872577,1377016,1
872505,1377023,1
872578,1377073,1
872644,1377190,1
872508,1377311,2
872721,1377321,1
872737,1377464,1
872648,1377558,1
872725,1377667,2
872740,1377731,1
872653,137802,1
872729,137803,2
872745,1378111,1
872821,1378245,1
872747,1378253,1
872748,1378392,1
872824,137847,1
953451,1378710,1
872754,1378915,1
872894,1379066,1
872970,1379090,1
872757,1379119,1
872971,1379129,1
872900,1379785,1
872979,1380082,1
872841,138017,1
951968,1380295,1
872981,1380319,1
872770,1380388,1
872846,1380528,1
872987,1380778,1
872849,1380812,2
872775,1380899,2
872913,138092,1
872989,1381154,1
872854,1381335,1
872920,1381539,1
872994,138157,1
872921,1381585,1
956698,1381711,1
851223,1381809,1
872786,1381871,1
872998,1381951,1
872926,1382058,1
872927,1382221,1
872790,1382373,1
873003,1382531,1
872792,1382542,1
872930,1382568,1
872865,1382596,1
872931,1382635,1
872866,1382660,1
872933,1382794,1
873007,1382801,2
872934,1382855,2
872935,1383066,1
872871,1383279,1
872937,1383415,1
872872,1383485,1
851012,1383557,3
872940,1383663,1
873015,1383820,1
872876,1383906,1
873016,1383930,1
873021,1384549,2
872882,1384560,2
872810,1384577,1
873022,1384680,1
872811,1384734,1
872949,1384811,1
949318,1384925,1
872813,1384928,1
873025,1385018,2
872886,1385037,1
873038,1385050,1
873026,1385061,1
872952,1385128,1
873114,1385369,1
873029,1385531,1
872955,1385697,2
872957,1386195,3
873118,1386417,1
873045,1386418,1
872958,1386423,1
873047,1386783,1
873121,1386938,2
873035,1387085,1
873050,1387401,1
872964,1387418,1
946951,1387432,1
873125,1387479,1
873262,1387610,1
957088,1387728,1
873129,1388168,1
873055,1388171,1
873057,1388525,1
873193,1388599,1
873058,1388674,1
873196,1388863,2
873275,1389331,1
873069,1390131,1
873207,1390528,1
873148,139075,2
873211,1390979,1
873289,1391372,1
851536,1391700,1
873082,1391746,1
873218,1391812,1
873156,1392021,1
873299,1392535,1
873162,1392728,1
873094,1393327,1
873166,1393399,2
873099,1393860,1
945806,1394487,1
873313,13945,1
873104,1394601,1
873239,1394624,1
954970,1394637,1
873241,1394854,1
948054,1394953,1
873178,1395007,1
873244,1395073,1
873320,1395110,1
873180,1395238,2
948055,1395344,1
873246,1395644,1
873181,1395781,1
873182,1395852,1
873324,1395935,3
873339,1396088,1
873327,1396260,1
873412,1396429,1
873343,1396467,1
873344,1396578,1
873414,1396629,1
873345,1396644,1
873332,1396723,1
873415,1396736,1
873258,139690,1
873261,139726,2
873337,1397270,1
873422,1397483,1
873353,1397489,1
955194,1397548,1
851278,1397698,1
873568,1397905,1
873493,1397974,1
850737,1398055,1
873574,1398293,1
873432,1398310,1
873575,1398343,1
873435,1398581,1
873369,1398762,1
873440,1399240,1
952761,1399290,1
873374,1399473,1
873375,1399577,1
873446,1399813,2
873378,1399816,2
949590,1399903,1
873380,1400157,2
953675,1400241,1
873592,1400380,1
873593,1400439,1
873452,140051,1
873384,1400533,2
873518,1400619,2
873595,1400656,1
873387,1400962,1
873598,1400991,1
873389,1401043,1
873390,140107,1
873524,1401076,1
873391,140113,1
873527,1401377,1
873395,1401416,1
873606,1401463,1
873464,1401466,1
873530,1401541,1
951418,1401577,1
959447,1401585,1
873398,1401673,1
873467,1401742,1
873399,1401779,1
873400,1401836,1
873469,140191,1
946839,1402146,1
873475,1402245,1
873477,1402482,1
951444,1402690,1
873546,1402780,1
873481,1402821,1
873638,1402955,1
873626,1403110,1
873484,1403128,1
873640,1403132,1
951549,1403156,1
873643,1403367,1
873714,1403432,2
956867,1403456,1
873555,1403457,2
952942,1403517,1
873635,1403791,1
873637,14042,1
952894,1404200,1
873561,1404268,1
873724,1404672,1
873725,1404823,1
873660,1405114,1
873867,1405144,1
873793,1405146,2
946753,1405421,1
873663,1405460,1
873664,1405657,1
873734,1405731,1
873799,1406025,2
873736,1406046,1
873802,1406225,1
873670,1406240,1
873878,1406453,1
873741,1406533,1
953089,1406585,1
873675,1406954,1
873678,140722,1
873886,140736,1
873683,1407743,2
873754,14080,1
873755,1408052,2
873896,1408292,2
873689,1408515,2
873691,1409021,2
873826,1409390,1
873763,1409595,1
873694,140963,1
873764,1409899,1
873765,1410055,1
873830,1410122,1
873831,1410229,1
873697,141027,1
873698,1410564,1
873907,1410579,1
873769,1410613,1
850642,1410722,1
873839,1411161,1
873841,1411476,1
873776,1411480,1
873843,1411617,5
873918,1412032,2
873936,1412203,2
873920,1412212,1
873921,1412338,1
873782,1412787,1
873926,1413076,2
958967,1413249,1
873927,1413268,1
873945,1413490,1
873856,1413529,1
873930,1413575,1
954424,1413721,1
873858,1413998,1
873949,1414208,1
874164,1414426,1
874019,1414483,1
950762,1414509,1
873953,1414589,1
874087,1414603,1
873954,1414655,1
874089,1414690,1
874024,1414838,1
951178,1414964,1
874026,1415055,2
873959,1415079,1
874172,1415106,1
874027,1415110,1
873960,1415145,1
873961,1415228,1
874030,1415404,3
873963,1415527,1
874177,141564,1
874101,1415899,1
874035,1415937,1
874103,1416064,1
874183,1416354,1
874040,1416498,1
945683,1416720,1
874044,14173,1
873976,1417323,1
952084,1417602,1
850956,1417644,2
946645,1418044,1
874118,1418141,1
874053,1418155,2
953504,1418185,1
874055,1418387,1
874059,1419146,1
874206,1419444,1
874062,1419448,1
959902,1419455,1
874129,1419676,1
874208,1419775,1
949454,1420206,1
874068,142026,1
851375,142039,2
874213,1420600,1
874001,142076,2
874072,142083,2
874138,1420865,2
874074,142093,1
874217,1420975,1
874142,1421308,1
874077,1421366,2
949937,1421501,1
874388,1422130,2
874228,1422294,1
874235,1422330,1
874230,142257,1
948077,1422886,1
953689,1422888,1
874234,1423096,1
874396,1423218,1
951630,1423300,1
874242,1423375,1
949260,1423390,1
851354,1423456,3
874161,142355,1
874455,1423637,1
874401,142381,1
874403,1424039,2
874253,1424302,1
874254,1424342,1
851542,1424360,1
874464,1424392,1
954183,1424455,1
954507,1424490,1
874409,1424706,1
874259,1424911,1
874260,1424989,1
874469,1425062,2
874261,1425102,1
952549,1425170,1
874415,1425202,1
874329,1425318,2
874473,1425380,1
874331,1425463,1
874478,1425750,1
950819,1425845,1
949948,1425847,2
874479,1425870,1
874272,1425990,1
874425,1426045,2
874426,1426376,1
874339,1426419,1
874483,1426461,1
874484,1426519,1
874341,1426546,1
951041,1426659,3
956767,1426771,1
874278,1426892,1
874281,1427192,1
874433,1427198,1
874347,1427245,2
874284,1427466,1
874436,1427480,1
874350,1427548,1
874497,142785,1
874498,1427984,1
874355,1428019,1
874502,1428575,1
874446,1428601,1
874503,1428607,1
874295,1428655,2
851101,142889,2
874449,1428895,1
874363,1429052,1
874297,1429070,1
874450,1429080,2
874507,1429093,2
874364,142911,2
874365,1429269,1
948091,1429347,1
874452,1429389,1
874300,1429640,1
874453,1429660,1
874454,1429738,1
874369,1429864,1
874513,1429893,3
948093,1429962,1
874304,1429964,1
874516,1430293,1
950400,1430294,1
874535,143039,1
874536,1430422,1
874518,1430438,1
874378,1430732,1
874540,1430894,1
874608,1430965,2
874524,1431058,1
874543,1431087,1
874611,1431174,1
874544,1431192,1
874526,1431225,1
874528,1431500,1
874549,1431772,1
874763,1431947,1
874766,14324,1
874622,1432424,1
874687,1432647,1
949343,1432814,1
874771,1432952,2
874690,1433139,1
874691,143319,1
874773,1433359,1
946890,1433396,1
874774,1433415,2
874630,1433417,1
874776,1433594,2
874632,143364,1
874565,1433651,1
874778,1433818,2
874568,1434012,2
874636,1434050,1
874569,1434088,1
874570,1434138,1
950750,1434143,1
950524,1434211,1
874782,1434237,1
850640,1434260,1
874703,1434356,2
874704,1434396,1
947208,1434661,1
874644,1434670,1
874709,1434830,2
874646,1434844,1
874792,1435070,1
874793,1435166,1
874794,1435215,1
874717,1435478,1
874719,1435604,1
874656,1435642,1
946521,1435693,1
874801,1435709,1
874802,1435789,1
874803,1435808,1
874591,1435865,1
874723,1435866,2
874593,1436069,1
874807,1436222,1
874663,1436268,1
950410,1436310,1
874809,1436373,1
874665,1436414,1
874599,1436713,1
874733,1436795,1
956670,1437150,1
874673,1437216,1
874832,1437344,1
874737,1437349,1
874675,1437496,1
874676,1437548,1
874823,1437860,1
959230,143802,1
874841,1438369,1
874746,1438384,1
946456,1438470,1
874828,1438496,2
851415,1438519,1
874915,1439062,2
874753,1439089,1
874850,143923,1
874851,1439361,1
946340,1439376,1
875060,1439399,1
874981,1439569,1
874920,1439637,1
874982,1439711,1
947575,1439753,1
874855,1439850,1
875064,1439858,1
875067,1440262,1
951771,1440338,1
874859,1440343,1
875068,1440371,1
874861,144048,1
874863,1440591,1
874864,1440701,1
874865,1440879,1
874866,1440956,2
952743,1440957,1
874934,1441064,1
875079,1441490,1
874873,1441870,2
875082,1441946,1
874874,1442041,1
874941,1442162,1
875084,1442211,1
874942,1442344,1
946342,1442362,1
875086,1442482,1
875007,1442521,1
874945,144262,3
875008,1442715,1
874946,144276,1
875009,1442798,1
952001,1442846,1
874883,1443073,1
875012,1443099,1
874950,1443130,1
945825,144323,1
949504,1443373,1
946011,1443441,1
874953,1443449,1
875017,1443492,1
874956,1443581,1
875019,1443603,2
949449,1443735,1
874957,1443834,2
959822,1444307,1
874895,1444517,3
948114,1444648,1
874965,1444913,2
874899,1445005,1
874967,1445057,3
875110,1445149,1
875111,1445337,2
874904,1445572,2
875034,1445718,1
851407,1445808,1
875036,1445892,1
875206,1446041,1
875038,1446058,2
875207,1446169,1
874979,1446273,1
875041,1446284,1
875122,1446311,1
875123,1446521,1
875133,1446589,1
875134,1446713,1
950425,1447043,1
875136,1447051,2
875046,1447086,1
949206,1447331,1
875048,1447335,1
875130,1447972,1
875140,1447988,1
948116,1448309,1
875221,1448436,2
875356,1448678,1
875360,1449021,1
875361,1449103,1
875228,1449165,1
875150,1449289,1
875229,144929,1
875284,1449350,1
875365,1449653,1
875232,1449704,1
875287,1449713,1
875288,1449855,1
875367,1449877,1
875158,1450522,1
875239,1450577,1
947090,1450590,1
875374,1450745,1
875246,1451343,3
875301,1451398,1
875380,1451466,1
875302,1451560,1
875168,1451733,1
875383,1451855,1
875384,145192,1
951878,1452255,1
875172,1452266,1
875309,1452383,1
950357,1452450,1
875176,1452674,1
875395,1453298,2
875317,145333,1
875181,1453362,1
875318,1453467,1
875262,145355,2
875184,1453876,1
875264,1453878,1
875400,1453918,1
875265,145394,1
875322,1454036,1
875186,1454060,1
850796,145423,1
875188,1454252,1
875324,145429,1
875405,1454420,1
875190,1454425,1
875327,1454515,1
875192,1454531,1
875408,1454653,1
875411,1454774,1
875332,1454819,1
875334,1455050,1
875335,1455089,1
875336,145516,1
875417,145540,1
875433,1455447,1
949441,1455584,1
875420,1455796,1
875733,1455799,1
875436,145581,2
875342,1455947,1
949361,1455963,1
875737,1456131,1
951004,1456201,1
875441,1456229,1
875345,1456236,1
875739,1456290,1
875347,1456549,1
875445,145671,1
875581,1456844,1
875446,145688,1
875583,1457193,1
875448,1457260,1
875584,1457337,1
875746,1457460,1
875747,1457589,1
875450,1457592,1
875586,1457711,1
875508,1457743,1
950040,1457773,1
875509,1457780,1
875750,1457825,1
875752,1458296,1
875591,1458411,2
875457,1458578,1
875513,1458617,1
875593,1458675,1
875758,1458952,1
875597,1458979,1
875518,1459074,1
875464,1459175,1
875600,1459212,3
875762,1459284,1
875764,1459582,1
875467,14596,1
875524,1459890,1
951900,1460058,1
875769,1460364,1
875528,1460432,1
956955,1460631,1
875774,1461102,1
948088,1461445,1
875617,1461684,1
875538,1461847,1
875780,1461947,1
875484,1462220,1
851043,1462234,1
875485,1462305,1
875543,1462485,2
875623,1462586,1
875786,1462625,1
875488,1462654,1
875789,1462894,2
875790,1462942,1
875549,1462969,1
875791,1462980,1
875493,1462985,1
875629,1463098,1
875551,1463243,1
875794,1463492,1
875795,1463982,1
946295,1464236,1
875800,146497,1
875638,1465059,1
953648,1465359,1
875565,146568,1
875647,1466372,1
875662,1466406,1
875664,1466546,1
875812,1466636,1
875813,1466696,1
875652,1466722,1
875668,1466968,1
875669,1467006,1
945438,1467098,1
875818,1467217,1
875819,1467394,1
875672,1467396,1
875957,1467481,1
875579,1467692,1
952089,1467739,1
875580,1467889,1
875885,1468655,1
875965,1468740,1
949676,1468753,1
875888,146881,1
875683,1468897,2
955227,1468956,1
851045,1469064,1
875685,146907,1
850778,1469106,1
875892,1469125,1
875970,1469167,1
875832,1469177,1
875971,1469331,1
875834,1469495,1
875895,1469516,2
875837,1469930,1
875977,1470126,2
875978,1470277,1
946882,1470301,1
875902,1470533,1
875843,1470724,1
875844,1470864,1
875983,1471021,1
875700,1471087,1
875847,1471380,1
875986,1471401,1
875849,1471657,1
875910,14717,1
951393,1471799,1
951047,1471906,1
875911,1471920,1
959172,1472086,1
875710,1472296,1
875916,1472301,2
850932,147235,1
875917,1472371,1
875712,1472460,1
875997,1472632,1
875714,1472782,1
945558,1473005,1
950675,1473194,1
875864,1473231,1
875719,147335,1
875868,147372,1
952918,1473732,1
875929,147386,1
876007,147387,1
875723,147398,1
946357,1474418,1
875932,1474433,1
875934,1474641,1
952882,1474754,1
875935,1474898,1
876013,1474918,2
875874,1474932,1
876015,1475050,2
875938,147526,1
875879,1475967,1
875940,1476042,1
875880,1476281,1
875941,1476381,1
876020,1476598,1
876039,1476828,1
876026,1477288,2
876187,14773,2
876188,147768,1
875950,1477806,1
876190,147808,1
876048,1478478,1
875954,1478540,1
876193,1478571,1
958778,1478683,1
876107,1478762,1
876261,1478857,1
876198,1478976,1
876115,147953,1
876269,1479612,1
876061,147967,1
876063,148000,2
876118,1480021,1
851048,1480278,1
851470,1480413,2
876273,1480637,1
876213,1480823,1
876277,1481253,1
876280,1481757,1
876283,1482045,1
876284,14821,1
876285,1482321,2
876078,1482503,1
876225,1482708,1
954279,1482789,1
876081,1482851,2
876082,1483037,2
876139,1483166,1
876230,1483256,1
876140,148329,1
876232,1483487,1
876087,148360,2
876235,1483930,1
953671,1484265,1
876150,1484747,1
876301,1484748,1
876243,1485048,1
876098,1485183,1
876100,1485431,1
876247,1485479,1
876157,1485510,1
876158,1485691,1
876309,148570,1
959906,1485752,1
959164,1485808,1
952337,1485834,1
876250,1485844,1
876160,1485902,1
953900,1485950,1
955131,1486260,1
876332,1486467,1
876167,1486778,1
952313,1486788,1
876169,1487064,1
876321,1487195,1
959577,1487210,1
951053,1487262,1
876322,1487295,1
948107,1487359,1
851057,1487403,1
876324,1487453,1
958387,1487461,1
876342,1487652,1
955232,1488089,1
876417,1488389,1
876347,1488393,1
951539,1488503,1
876349,1488643,1
876484,1488980,1
876566,148940,1
951556,1489837,1
876357,1489949,1
876569,1490084,1
876492,149015,1
876571,14904,1
876494,1490657,2
876573,1490886,1
953734,1491081,1
876367,1491545,1
958696,1491646,1
876578,149166,1
959340,1491660,1
876500,1491772,1
876439,1491878,1
953446,1491890,1
953598,1491901,1
876370,1491961,2
946779,1491967,1
952256,1492006,1
950382,1492076,1
876584,1492322,1
947823,1492544,1
876375,1492553,2
876587,1492636,1
951421,1492980,1
876511,149299,1
876591,1493077,1
851061,1493144,1
876453,1493305,1
876594,1493412,1
876384,1493502,1
876387,1493830,1
876599,1493867,1
945732,1494014,1
876601,1494212,1
876461,1494218,2
947193,1494299,1
945545,1494341,1
876465,149482,2
876527,1494878,2
876466,1494913,1
876467,1494982,2
876468,149510,1
876398,1495330,2
946781,1495422,1
876611,1495780,1
876472,1496066,1
876614,1496341,1
876404,1496509,2
946718,1496561,1
876541,1497151,1
876620,1497162,2
876707,1497330,1
876624,1497551,2
952783,1498250,1
876627,1498297,1
876551,1498529,1
876630,1498538,2
876646,1498685,1
876717,1498795,1
958984,1499026,1
946232,1499029,1
876649,1499092,1
876859,1499102,1
876652,1499357,1
876863,1499512,1
876723,1499655,1
876724,1499728,1
876866,149992,1
876657,1499941,1
955141,1500261,1
876869,1500274,2
876870,1500451,1
876791,1500649,1
876792,1500796,1
876733,1501037,1
876665,1501045,1
876795,150107,1
876669,1501637,1
876879,1501673,1
876800,1501715,1
876671,1501776,2
876801,1501781,1
876672,1502028,1
876884,1502542,1
945857,1502722,1
876677,1502859,1
950699,1503352,1
876811,1503355,1
876890,1503367,1
876812,1503408,1
876751,1503470,1
876892,1503543,1
876685,1503717,1
947461,1503879,1
876895,150389,1
876756,1504035,1
876818,1504048,1
959184,1504514,1
876822,1504613,1
876761,1504650,1
876902,1504739,1
876696,1505030,1
876765,150506,1
876908,1505438,1
876830,1505576,1
876770,1505855,1
876911,1505947,1
876833,1506052,1
876704,1506136,1
876836,1506261,1
876775,1506288,1
876838,1506449,1
876777,1506472,1
947444,1506604,1
876920,1507001,1
876939,150727,1
946746,1507274,1
876844,1507280,1
877010,1507352,2
876940,1507376,1
877011,1507389,3
876941,1507418,1
876925,1507475,1
876928,1508024,2
876930,1508475,2
946877,1508509,1
876946,1508624,2
876852,1508654,2
877019,1508766,1
876854,1508895,2
877157,1508898,1
954544,1508907,1
949381,1509086,1
877158,1509216,1
877021,1509224,1
959001,1509785,1
877082,1509809,2
876953,1509872,2
876954,1509887,1
877027,1510148,1
877086,1510153,1
877165,1510155,1
959388,1510156,1
877088,1510255,1
876959,1510316,1
877031,1510360,1
876961,151046,1
876962,1510520,1
877171,1510564,1
877175,1511292,1
876968,1511695,2
877100,1511967,1
876972,1512183,1
877102,1512265,1
877182,1512329,1
877045,1512430,1
876974,1512503,1
877046,1512549,1
877185,1512765,2
877049,1512951,1
948123,1513406,1
876985,1514176,1
877193,1514198,1
951484,1514251,1
877194,1514417,1
877196,1514788,1
877061,1515071,1
948130,1515127,1
877124,1515416,1
954695,1515450,1
850609,151572,1
876996,1515739,2
877126,1515822,1
876997,1515887,1
851427,1516138,1
948117,1516320,1
876999,1516322,1
877000,1516488,1
877134,1516740,1
877214,1517364,1
877234,1517928,1
877081,1517972,1
877237,1518205,1
877310,1518540,1
877223,1518603,1
877311,151865,1
955480,1518874,1
877315,1519327,1
877151,1519377,1
953977,151947,1
877318,1519599,1
877247,1519600,1
877231,1519658,1
877459,1519721,3
877321,1519900,1
952377,1519919,1
877251,1520024,1
877252,1520237,1
877386,152075,1
877387,1520803,1
877388,1521085,1
877389,1521335,1
877468,1521375,1
877258,1521682,1
948127,1521807,1
877391,1521939,1
877470,1521976,1
877333,1522312,1
877334,1522501,1
877396,1522537,1
877397,1522764,1
955413,1522887,1
877336,1522955,2
953746,1523120,1
956919,1523124,1
877337,1523149,1
877272,1523982,1
877404,1524034,1
877482,1524069,1
877343,1524489,1
952186,1524802,1
877406,1524821,1
877344,15250,1
959285,1525443,1
877277,1525470,2
877347,1525584,1
877412,1526132,1
877490,1526144,1
877413,152623,1
877355,1527148,2
877420,15277,1
877290,1527854,1
959079,1528271,1
877363,1528500,1
947281,1528874,1
877365,1529005,1
877506,1529060,1
947313,1529214,1
877507,1529225,1
877508,1529426,2
877431,1529549,1
877510,1529824,1
948136,1529857,1
877370,1529908,1
877433,1530048,1
877302,1530175,1
945363,1530360,1
877515,1530632,1
877438,1530666,1
877440,1531028,1
877441,1531214,1
877519,1531235,1
877520,1531379,2
877445,1531645,2
945680,1531796,1
877524,1531818,2
947167,1531880,1
877525,1531903,1
877615,153198,1
877448,1532032,1
954078,1532354,1
877619,1532534,1
877549,1532917,1
952705,153292,1
877531,1532925,2
877621,1532929,1
877532,1533017,1
877534,1533359,1
877768,1533997,1
877558,1534049,1
877692,1534055,1
877630,1534084,1
877694,1534159,1
877771,1534164,1
877634,1534403,1
958480,1534951,1
877638,1535045,1
877639,1535226,1
877705,1535728,1
959434,1536490,1
877577,153676,1
877579,1536934,1
877790,1536954,2
877651,1536967,1
877791,1536998,1
877793,1537332,1
877583,153736,1
877716,1537431,1
877655,1537470,1
877795,1537549,1
877585,15376,2
877796,1537684,1
877586,1537719,1
877659,1537935,1
877588,1537946,1
877800,1537971,1
877723,1538087,1
877801,1538133,1
877592,1538326,1
877725,1538380,1
877803,1538394,1
877594,1538613,1
958636,1538641,1
877666,1538700,1
877806,153882,1
877807,1538869,1
949745,1539233,1
877810,1539321,1
877600,1539369,1
877672,153943,1
877602,1539499,1
877604,1539619,1
877605,153970,1
877678,1539833,1
877607,1539870,1
877740,1539879,1
877681,1540194,1
877610,1540239,1
877743,154029,1
877683,1540432,1
877825,1540928,1
954569,1541299,1
877844,154143,1
877845,1541707,1
877828,1541742,1
877846,1541831,2
877849,1542079,1
946531,1542313,1
877920,1542351,1
877921,1542571,1
877756,1542618,1
877853,1542628,1
877837,1542795,2
949646,154299,1
947748,1543057,1
878070,1543148,1
877762,1543199,1
877928,1543218,1
878072,1543339,1
877929,1543363,1
877931,1543495,1
877932,1543532,1
953815,1543555,1
878076,1543571,1
877933,1543578,1
851264,1543747,1
878084,1544245,1
952475,1544802,1
878009,154483,1
877877,1544899,1
878091,1544908,1
877878,1544960,1
878011,1544973,1
878012,1545055,1
949867,1545140,1
877881,15453,1
877953,1545529,1
877885,154572,1
878102,1546301,2
878103,1546411,2
878023,1546433,2
878104,1546493,1
877892,1546711,1
878106,1546759,1
878026,1546877,1
878030,1547271,1
878111,1547276,1
878113,1547393,1
878114,1547457,1
948165,1547502,1
953102,1547764,1
878036,1547898,1
878117,1547906,1
878038,1548333,1
877975,1548371,1
878121,1548635,1
877908,1548746,1
877909,1549057,1
877982,1549381,1
877913,1549393,1
877914,154945,1
878128,1549470,1
877984,1549473,1
878131,1549617,1
878150,1549697,1
878054,1549891,1
949288,1549924,1
959407,1550176,1
878057,1550333,1
878138,1550421,1
878058,1550494,1
878141,1550894,1
878061,1550954,1
878228,1550976,1
878161,1551085,2
878144,1551179,1
878068,1551724,1
954709,1552189,1
878237,1552240,1
878379,1552272,1
952170,1552457,1
878382,1552729,1
878385,1553129,1
878179,1553577,1
878390,1553676,2
878249,1553678,1
878391,1553919,1
878182,1553934,1
878392,1554005,1
950241,1554044,1
878315,1554150,1
953864,1554168,1
952211,1554228,1
958281,1554693,1
878256,1554701,1
878319,155478,1
947047,155483,1
878259,1555211,1
878260,1555354,1
878403,155579,1
878195,15560,1
878264,1556029,1
949232,1556058,1
878198,155636,1
954057,1556373,1
878201,155675,1
952622,1557328,1
952566,1557793,1
878278,155791,1
878420,1558049,1
878211,1558078,1
950287,1558199,1
851357,1558396,1
878282,1558547,1
878343,1558594,1
878423,1558611,1
878283,1558632,1
878216,1558838,1
878427,1558976,1
878287,155900,1
878428,1559041,1
878219,1559069,1
878451,1559318,1
878354,155953,1
878295,1559613,1
878436,155979,1
878457,1560037,1
878362,1560463,1
878462,1560530,1
878677,1560654,1
878367,1561293,2
878467,1561599,1
878468,1561698,1
878684,1562169,1
878469,15622,1
952602,1562236,1
878472,1562613,1
878473,1562726,1
878525,1562856,1
954877,1562909,1
878526,1563045,1
959521,1563305,1
878610,1563633,2
878611,1563805,1
878532,1564103,1
878533,1564405,1
878482,1564463,1
953305,1564633,1
878535,1564733,2
878537,156524,2
878539,1565368,1
952462,1565505,1
878707,1565863,1
878491,1565866,1
878492,1566000,1
878546,1566744,1
952625,1567115,1
878631,156743,1
878716,1567431,1
956830,1567518,1
878502,1567704,1
878636,1568005,1
878637,1568306,1
878722,1568310,1
878557,1568341,2
878508,1568689,1
878725,1568739,1
878511,1568879,1
878728,156897,2
878514,1569102,1
878565,1569149,1
878516,1569467,1
878517,1569547,1
952074,1569674,1
878651,1569949,1
878736,1570020,1
878572,1570304,1
878522,1570352,1
850745,1570461,2
878656,1570721,1
878577,157078,1
878754,157113,1
878580,1571134,1
878659,1571159,1
878755,1571291,1
878583,1571778,1
878748,1571798,1
878585,1572004,1
878826,1572023,1
955416,1572186,1
951296,1572298,1
953244,1572499,1
878765,1572728,1
956657,1572782,1
878592,1572821,1
947366,1572827,1
878769,1573303,1
878595,1573325,1
878974,1573399,1
878835,1573408,1
851085,1573512,1
878597,1573542,1
878896,1573862,2
954649,1573961,1
878838,1574111,2
878775,1574125,1
878898,1574137,2
878902,1574809,1
878984,1574826,1
878780,1574835,1
878905,1575072,1
878987,1575086,1
878906,1575289,2
878989,1575551,1
959099,1576042,1
878994,1576239,2
878855,1576613,1
878792,1576634,1
945863,1576649,1
878999,1577056,1
878919,1577394,1
878920,1577502,1
878863,157779,1
878924,1577999,1
878925,1578153,1
878804,1578383,1
851086,1578414,1
879010,1578500,1
878869,1578850,2
878870,1578977,1
878808,1578997,1
878931,1579018,1
956932,1579200,1
878873,1579373,1
878934,1579497,1
945445,1579727,1
879016,1579816,1
879017,1579874,1
879018,1579978,1
878877,1580006,1
948167,1580022,1
851265,1580259,2
878817,1580353,1
879021,1580521,1
878941,1580594,1
958523,1580811,1
878881,1580844,1
878885,1581459,1
952531,1581869,1
878949,1581957,1
878950,1582211,1
879051,1582261,1
879032,1582292,1
955490,1582394,1
879053,1582429,1
879034,1582453,2
879036,1582656,1
953367,1582816,1
878895,1582862,2
949933,1582904,1
950224,1582916,1
879199,1582970,1
879201,1583117,1
953950,1583207,1
879203,1583314,1
879044,158349,1
878964,1583537,1
878967,1583899,1
879274,1583904,1
879068,1583954,1
878968,1584178,1
878971,1584645,2
879212,1584652,1
879213,1584879,2
879124,1584894,1
951200,1585591,1
879220,1586050,1
879132,1586076,1
879221,1586248,1
879133,1586263,1
879222,1586287,1
948131,1586332,1
879136,1586619,1
955435,1586890,1
879087,1586896,2
879228,1587071,1
879088,1587095,1
879089,1587199,1
879230,1587278,1
879299,1587674,1
879234,1587821,1
879235,1587862,1
879303,1588017,1
879097,1588032,2
879304,1588071,1
879150,1588180,1
879305,1588212,1
879306,1588454,1
879241,1588856,1
851464,15889,2
879309,1589149,1
879245,158940,1
879107,1589641,1
851095,1589647,1
879249,158973,1
879159,158981,1
879112,158999,2
879163,1590114,2
879255,1590321,1
879322,1590472,1
879167,1590800,1
949841,1591007,1
879120,1591235,2
879122,1591562,1
879172,1591575,1
954478,1591833,1
879264,1591893,1
879265,15922,1
949707,1592908,1
879354,1592974,1
879270,1593049,1
879357,1593429,1
879358,1593606,1
879184,1593982,1
959549,1594085,1
879341,159426,4
879428,1594505,1
879187,1594532,1
879343,159461,2
947620,1594881,1
879345,1594929,1
879346,1595102,1
879191,1595295,1
879368,1595471,1
879193,1595495,1
879370,159579,1
879579,1595977,1
879438,1595980,1
879198,1596229,1
879582,1596339,1
950443,1596576,1
879584,1596622,1
879447,1597059,1
879381,1597066,1
879589,15971,1
948148,1597213,1
879383,1597366,1
947821,1597474,1
879513,1597842,1
945441,1597920,1
949190,1598355,1
879518,1598770,1
879522,1599397,1
879396,1599583,1
879523,1599586,1
955484,1599650,1
879463,1599681,1
879397,1599707,1
879464,1599713,1
959659,1600050,1
879526,1600231,1
879527,1600511,1
879609,1600529,1
879610,1600686,1
879403,1600725,1
879614,1601086,1
879615,1601215,1
879473,1601233,1
879474,1601375,1
946846,1601384,1
879475,1601464,1
879537,1601758,1
879538,160185,1
879539,1601963,1
879540,1602208,1
879622,160223,1
879542,1602548,1
879624,1602575,1
879482,1602647,2
879545,1602906,2
879548,1603368,1
879424,1603734,1
879552,1604194,1
879635,1604661,2
954427,1605378,1
879559,1605384,2
879499,1605437,1
879644,1605932,1
879564,1606007,1
879645,1606022,1
879664,1606027,1
879646,1606073,1
879731,1606254,1
879732,160639,1
879569,1606620,1
879735,160677,1
879736,1606926,1
879573,1607216,1
955168,1607369,1
879879,1607622,1
879741,1607758,1
946789,1607866,1
879882,160801,1
879801,1608267,1
879681,1608357,1
879802,1608396,1
879683,1608503,1
950428,1608518,1
879748,1608817,1
879752,1609255,2
879811,1609688,1
879894,1609720,1
954851,1609845,1
879758,1610091,1
879761,1610646,1
954679,1610990,1
952423,1611047,1
947129,1611089,1
879902,161109,1
879699,161140,1
954553,1611723,1
956962,1611790,1
879905,161271,1
879769,1613164,1
879708,161357,3
879911,1613628,1
879772,1613722,1
879709,1613842,1
948173,1614460,1
958537,1614997,1
957016,161528,1
879921,1615689,1
879723,1616003,1
879785,1616044,1
879724,1616089,2
879926,1616164,1
879787,1616330,1
879948,1616403,1
879930,1616589,1
879791,161659,1
954954,1616672,1
879851,1616739,1
947100,1616922,1
948175,1617126,1
879854,161714,1
879936,1617329,1
880098,1617471,1
954236,161750,1
879938,1617509,1
879941,1617693,2
879964,161786,1
880106,1618042,1
955273,1618165,1
880107,1618196,1
879967,1618271,1
952883,1618351,1
850687,1618354,5
879868,161837,1
880026,161894,1
879972,1619006,1
880028,161920,1
880116,1619221,1
880117,1619475,1
879975,1619481,1
880177,1619757,1
880179,1619995,1
880120,1620140,1
880180,1620194,1
946417,1620350,1
880182,1620553,1
880124,1620629,1
880184,1620700,1
880038,162073,1
879984,162079,1
880185,162080,1
880039,1620839,1
880128,1621392,1
880043,1621539,1
880130,1621544,1
948197,1621618,1
879990,1621633,1
880192,162186,1
880134,1621892,1
879995,1622079,1
880050,1622093,1
880057,1623162,1
880144,1623168,1
880204,1623425,1
880206,1623549,1
880061,1623622,1
880062,1623718,1
880208,162381,1
880150,1623901,1
880011,1624122,1
880212,1624183,1
880068,1624296,1
880071,162467,1
880073,162488,1
880219,1624946,1
880019,1625001,1
880166,1625730,1
880080,1625752,1
880081,1625814,1
880256,1626235,1
880171,1626550,1
880230,162666,1
880231,16268,1
948191,1626844,1
880086,1626914,1
880232,1626957,1
880088,1627371,1
880262,1627440,1
880263,1627522,1
948192,1627655,1
880236,1627852,1
880237,1627999,1
880331,1628114,1
880239,1628138,1
880269,1628349,1
880242,1628424,1
880243,1628582,2
880272,162869,2
955225,1628896,1
880273,162895,1
880339,1629021,1
880480,1629128,1
880276,1629191,1
880481,1629238,1
880342,1629556,1
880278,1629562,1
880402,1629570,1
949101,1629674,1
880344,1629831,1
880279,1629834,1
880404,1629880,1
880281,1630138,1
880347,1630216,1
880407,1630324,1
880489,1630487,1
880410,1630702,1
880412,1631054,1
880494,163120,1
880358,1631807,1
948196,1631818,1
880500,1632165,1
880501,1632386,1
880296,1632548,1
880297,163257,2
947834,1632586,1
880363,1632692,1
880505,1633087,1
880365,1633094,1
880425,1633118,1
880426,163324,1
880302,1633278,1
880508,1633346,1
880303,1633400,1
880370,1634013,1
954981,1634256,1
880371,1634262,1
880372,1634576,1
880432,1634661,1
880435,1634947,2
880377,1635163,1
880519,1635380,1
880379,1635786,1
880314,1635790,1
880439,163582,1
880520,1635842,1
880525,1636576,1
880385,163659,1
880320,163662,1
880446,1636942,1
880388,1637074,2
880389,1637418,1
880450,1637558,1
880392,1637897,1
880556,1637920,1
947368,1637947,1
880393,1637987,1
880394,1638182,1
880558,163820,1
880539,1639242,1
880564,1639591,1
880542,1639849,1
880567,1640067,1
880568,1640115,1
948206,1640340,1
880465,1640548,1
880714,1640591,1
880715,1640644,1
880549,1640714,2
880716,1640716,1
880573,1640744,1
880468,1640751,1
880550,1640896,1
880575,1640973,1
880719,1641045,1
880553,1641062,1
880721,164115,1
880787,1641169,1
880788,1641342,1
880789,1641481,1
880583,1641649,1
880795,1642128,1
947653,1642133,1
880731,1642170,1
880589,1642287,1
880733,164243,1
851311,1642799,1
880738,164313,2
880595,164315,1
880803,1643238,1
956636,1643419,1
880597,1643569,1
880805,1643606,1
880600,1643884,1
880649,1643920,1
954395,164396,1
949949,1643992,1
880651,1644136,1
880746,1644224,1
880604,1644375,1
880749,1644543,1
880607,1644625,1
948216,1644885,1
880818,1645153,1
880612,1645342,1
880822,1645620,1
880758,1645638,1
952626,1645826,1
880824,1645839,1
880666,1645899,1
880761,1645910,1
880762,1646005,1
880619,1646009,1
880763,1646027,1
880828,1646092,1
880764,1646097,1
880670,1646110,1
880765,1646245,2
880622,1646256,1
880626,1646951,1
880675,164698,3
880835,1647108,1
880628,1647185,1
880772,1647324,1
880679,1647375,1
880682,1647935,1
880865,1648129,1
880683,1648150,1
880782,1649066,1
880783,1649171,1
880689,1649239,1
880938,1649536,1
880874,1649539,1
880851,1649559,1
880693,1649647,2
880852,1649685,1
880940,1649705,1
880943,1650087,1
880697,1650115,1
880698,1650290,1
880857,1650306,1
880946,1650562,1
880700,1650682,1
880885,1650920,1
880861,1650945,1
880704,1651080,1
880705,1651139,1
881092,1651216,1
880952,1651239,1
880955,1651578,1
881015,1651644,1
880956,1651734,1
959155,1652206,1
949618,1652293,1
880962,1652369,1
880899,1652371,1
880904,1653431,1
881110,1653565,1
881029,1653730,1
880907,16538,1
880971,1653908,1
880974,1654242,1
881117,1654402,1
881118,1654476,1
880914,1654488,1
953943,1654497,1
880978,1654584,1
881121,1654653,1
880918,1655029,1
880919,1655106,1
880984,1655238,1
880920,1655239,1
880987,1655475,1
881129,1655559,1
880924,1655633,1
881048,1655701,1
959522,1656114,1
881134,1656125,1
948172,1656412,1
881056,1656519,1
880998,1656646,1
880935,1656938,1
946786,1657226,1
881001,1657237,2
881061,1657282,1
881002,1657296,1
881066,1657690,2
945652,1657734,1
881008,1657841,1
881070,1658095,1
881071,1658182,1
881013,1658233,1
945446,1658452,1
881155,1658472,1
955058,1658539,1
881181,1658639,1
881398,1658806,1
881158,1658878,1
881399,1658887,2
881160,1659101,1
881401,1659213,1
881185,1659217,1
881186,1659284,1
881162,1659300,1
881403,1659391,1
881082,1659416,1
881084,1659824,1
881166,1659962,1
947077,1660151,1
881319,1660250,1
881194,1660680,1
881414,1661145,1
881200,1661257,1
881327,1661379,1
881332,1662088,1
949839,1662173,1
881205,1662176,1
850884,1662261,1
881255,1662331,1
881208,1662534,1
881210,1662733,2
881258,1662744,1
881259,1662819,1
881343,1663446,1
881216,1663509,1
948181,1663585,1
881434,1663607,1
881346,1663727,1
881435,1663739,1
881219,1663772,1
850950,1663785,1
881348,1663947,1
881221,1663961,1
881267,1664193,1
881441,1664630,1
881353,1664712,1
881227,1664909,1
881355,1665025,1
945773,1665502,1
881234,1665590,1
881362,1665673,1
881451,1665794,1
881283,1666397,1
881367,1666488,1
881240,1666563,1
881287,1666891,1
881370,1666916,1
881459,1666973,1
881461,1667207,3
881473,1667261,1
881474,1667295,1
881466,166789,1
881295,1667910,1
881467,1667937,1
881479,1667946,1
881298,1668140,1
881470,166815,1
881482,1668176,1
881299,1668190,1
881381,1668191,1
881483,1668286,1
881300,1668297,1
881485,1668445,1
881303,1668512,1
948187,1668604,1
881487,1668638,1
881491,166918,1
881559,1669424,1
881560,1669468,1
881562,1669651,2
881497,1669756,1
881314,1669788,1
881498,1669827,1
881629,1670344,1
881505,1670613,1
881506,1670777,1
881715,1670831,1
881573,1670846,1
881634,1670957,2
881574,1671130,2
881508,1671166,1
881718,1671335,1
881721,1671812,1
881516,1672275,1
881643,167238,2
881725,1672405,1
948188,1672468,1
881644,167253,1
881518,167261,1
881585,1672643,1
881586,1672729,1
881730,1673244,1
881589,1673483,1
881524,1673666,1
881733,1673737,1
881654,16740,1
881656,1674264,1
955471,1674641,1
950210,1674763,1
850694,1674832,1
881742,1674909,1
881602,167514,1
881536,1675165,1
881744,1675177,1
881664,1675323,2
881745,1675371,1
881667,1675713,1
881541,1675746,1
881749,1675894,1
881608,1675934,1
954542,1676072,1
881542,1676076,1
946987,1676160,1
881610,1676216,1
881544,1676302,1
881673,1676440,1
881674,1676520,1
881616,167670,1
881618,1676964,1
881619,1677054,1
881680,1677122,1
881782,1677182,1
881621,1677254,1
881783,1677271,1
881682,1677319,1
881622,167735,1
881685,1677660,1
881765,1677677,1
881625,1677731,1
949307,1677740,1
881690,1677981,1
881770,1677983,1
952385,1678006,1
956737,1678088,1
945368,1678333,1
881696,1678944,1
881776,1678947,1
881865,1678954,1
881698,167934,1
881802,167949,1
881934,1679552,1
881869,167960,1
881936,1679767,1
881805,167981,1
881873,1679935,1
882012,1680103,1
881940,168011,1
881809,1680201,1
881876,1680248,1
881810,1680262,1
881811,1680364,1
882015,1680434,1
881812,1680506,1
881944,1680537,1
882017,1680666,1
881880,168068,1
881946,168074,1
881881,1680764,1
881820,1681252,1
881821,1681381,1
881953,1681438,1
881888,168146,1
881956,168154,1
881891,1681541,1
881827,1681769,1
881894,1681870,1
882032,1681966,1
958623,1682016,1
881962,1682181,1
881897,1682182,1
881963,1682213,1
954348,1682229,1
952448,1682235,1
881899,1682311,1
953635,1682318,1
881834,168245,1
881901,1682509,1
882039,1682647,1
881903,1682660,1
881838,1682879,1
881905,1682952,1
881907,1683063,1
881974,1683178,1
881976,1683226,1
881977,1683268,1
881913,168335,1
881847,1683376,1
881915,1683580,1
881849,1683666,1
956938,1683744,1
882052,1683828,1
881917,1683860,1
881854,1684358,1
881921,1684405,1
881988,1684664,1
881924,1684731,1
882093,168519,1
881994,1685192,2
881929,1685253,1
881930,1685340,1
956804,1685376,1
882096,1685487,1
882097,1685544,1
882067,1685593,1
881932,1685647,1
949430,1686055,1
955171,1686442,1
882002,1686561,1
882248,1686673,1
882076,168698,1
882078,1687149,1
882009,1687154,1
882109,1687271,1
851422,1687362,1
882256,1687661,1
882323,1687724,1
882260,1688018,1
882261,1688167,1
882118,168831,2
882119,1688379,1
882264,1688435,1
882120,168846,1
950003,1688621,1
882267,1688833,1
882172,1688905,1
882124,1688980,1
882174,1689035,1
882337,168928,1
882178,1689530,2
882274,1689565,1
882179,1689588,1
882277,168978,1
952853,1690034,1
882282,169050,1
882187,1690567,1
954683,1690856,1
882146,1691132,1
882360,1691478,1
882363,1691804,1
882297,1691805,1
882154,169190,1
882365,169196,1
882366,1692121,1
882302,1692342,1
882208,1692399,1
951496,1692400,1
882305,169255,1
882215,1693119,1
952289,1693151,1
882399,1693216,1
882217,1693275,1
882313,169332,1
882218,1693421,1
882402,1693467,1
882317,1693677,1
882318,1693771,1
882223,1693801,1
882409,1694127,1
882476,1694150,2
882227,1694176,1
882390,1694256,1
882233,1694987,1
946440,1695117,1
882485,1695455,1
882238,1695761,1
882239,1695883,1
882422,169592,1
954922,1695994,1
882632,1696074,1
882633,1696354,1
882492,1696476,1
851515,1696497,1
882550,169659,1
882429,1696970,1
882433,1697312,1
882501,1697353,1
882558,1697472,1
882435,1697614,1
882648,1698043,1
882565,1698130,1
882442,1698178,1
882567,1698266,1
882446,1698653,1
882572,1698805,1
948220,1699051,1
882450,1699076,1
882575,1699195,1
882577,16996,2
949680,1699841,1
882663,1700033,1
882521,1700112,1
953513,1700128,1
882456,1700151,1
882665,1700364,1
882523,1700366,1
945807,1700399,1
951412,1700601,1
882529,1701151,1
882588,17012,1
882530,1701215,1
882531,1701262,2
882534,1701643,1
952160,1701950,1
882679,1702138,1
882682,1702420,1
882598,1702511,1
882541,1702545,1
955206,1702782,1
882602,1702848,1
882690,170323,1
882548,1703256,1
882608,1703530,1
882716,1704006,2
882785,1704262,1
882786,1704436,1
882615,1704484,2
882787,1704516,1
882720,1704518,1
882616,1704519,1
882721,1704597,1
953969,1704608,1
882722,1704692,1
882930,1705283,1
882626,1706060,1
882935,1706071,1
882859,1706915,1
882804,1707002,1
882739,1707185,1
882807,1707342,1
882810,1707769,1
882744,1707775,1
956772,1708219,1
882817,1708468,2
882752,1708653,1
948226,1708947,1
882876,1708988,2
882960,1709022,1
882877,1709102,1
882823,1709140,1
882962,1709188,1
882879,170923,1
882761,1709445,1
952519,1709551,1
956936,1709589,1
882971,1709876,1
882833,1710062,1
882973,1710092,1
882835,171036,1
882772,1710572,1
882896,171102,1
949567,1711090,1
882776,1711142,1
882981,1711154,1
882841,1711163,1
882842,1711238,1
882983,1711309,1
883000,1711342,1
882900,1711399,1
883002,1711512,1
882901,171155,1
882847,1711619,1
883003,1711626,1
883006,17120,1
883007,1712063,1
883008,1712177,1
883078,1712476,1
882911,1712523,1
883079,1712533,1
883080,1712587,1
882913,1712627,1
883081,1712666,1
882914,1712725,1
882999,1712931,1
956842,1713002,1
883231,1713116,1
882919,1713127,1
882920,1713221,1
883021,1713318,1
883234,1713390,1
882923,1713555,1
946041,1713634,1
883238,1713689,1
883094,171394,1
883096,1714070,1
883241,1714240,1
883030,1714271,1
883242,171429,1
883032,1714426,1
883102,1714675,2
883103,1714733,1
883105,1715000,1
883040,1715137,1
952533,1715310,1
883108,171533,1
883041,1715353,1
883042,1715444,1
883254,1715478,1
883043,1715557,2
883111,1715635,1
956866,171590,1
883258,1715983,1
883172,1716136,1
950404,1716193,1
883116,1716301,1
883051,1716498,1
883176,1716504,1
883119,1716523,1
883265,171685,1
883125,1717274,1
883127,1717457,1
883061,1717722,1
883062,1717827,1
883069,1718583,1
883196,1718858,1
883197,1718939,1
951942,1718944,1
883284,1719008,1
883140,1719199,1
883204,1719801,1
883148,1720023,1
951971,1720174,1
883315,1720181,1
950720,1720194,1
883295,1720244,1
883297,1720426,1
883387,1720517,1
883324,172132,2
953458,1721568,1
883221,1721793,1
883462,1721835,1
883331,1722065,1
883333,1722320,1
883226,1722324,1
883403,1722571,1
883404,1722701,1
883406,1722820,1
883473,1722924,1
883409,1723053,1
883475,172309,2
958462,1723093,1
883545,1723289,1
883414,1723656,1
883347,172378,1
883416,172382,1
883349,1723857,1
883552,1723866,1
883418,1723938,1
883485,1724029,1
883486,1724124,1
883353,1724148,1
883424,1724492,1
883357,1724552,1
883358,1724702,1
883428,172501,1
883361,172512,1
883362,1725363,1
959536,1725373,1
883363,172548,1
883497,1725512,1
883498,1725776,1
883433,172578,1
883436,1726402,1
883368,1726437,1
883369,1726539,2
883438,1726570,1
883370,1726579,1
850943,1726714,1
958314,1726760,1
883505,1726831,1
883373,1727003,1
883579,1727398,1
883447,1727536,1
883513,1727573,1
883514,1727616,1
883449,1727630,1
883584,1728053,1
883383,1728280,1
883585,1728301,1
883518,1728371,1
883615,1728856,1
883455,1728873,1
883522,1728901,1
883524,1729197,2
883458,1729218,1
883592,1729255,1
883459,1729334,1
883594,1729464,1
883695,1730237,1
959616,1730276,1
883696,1730289,1
883630,1730403,1
883631,1730443,1
883607,1730762,1
883702,1730850,1
883704,1731015,1
883705,1731163,1
883639,1731369,1
883640,1731483,1
883712,1732154,1
958355,1732374,1
883647,1732451,1
883648,1732580,1
883775,1732748,1
883776,1732894,1
883653,1733806,2
883779,1733811,1
883863,1733833,1
951748,1734190,2
883867,1734546,1
951434,1734605,1
883784,173467,1
883868,1734680,1
883786,1734836,1
883870,17350,1
883730,17351,1
951588,1735260,1
883733,1735688,1
959006,1735829,1
883794,1736166,1
883736,1736198,1
883669,1736361,1
949854,1736423,1
883670,1736458,1
959294,1736486,1
883879,1736546,1
883880,1736686,1
883739,1736698,1
883798,1736720,1
883740,1736746,1
883799,173680,1
883742,1737097,1
883676,1737481,1
883802,1737505,1
883885,1737530,1
883744,1737713,1
883677,1737784,1
883746,1738051,1
883888,1738159,1
950859,1738333,1
883809,1738901,1
883892,1738920,1
883893,1739025,1
883752,1739140,1
883753,1739402,1
883812,1739562,1
883754,1739609,1
883898,1739972,1
883817,1740245,1
883759,1740282,1
883760,1740369,1
959198,1740473,1
883820,174070,1
883924,1740970,1
883822,1740998,1
851590,1741361,1
883993,1741437,2
949544,1741995,1
883932,1742009,1
883933,1742083,2
883831,1742206,1
883832,174235,1
950295,1742377,1
883936,1742907,1
884002,1743015,1
883937,1743076,1
955239,1743203,1
884006,1743636,1
883839,1743657,1
884072,1743709,1
884007,1743757,1
952261,1744407,1
884012,1744481,1
884145,174462,1
884146,1744677,2
884147,1744769,1
884149,1744991,1
947405,1745763,1
883956,1745768,1
884086,1745770,1
883957,1745799,1
884023,1745921,1
884024,1745991,1
884156,17460,1
884089,1746009,1
884025,1746042,1
884090,1746083,1
884160,174644,1
884093,1746448,1
884094,1746788,1
954849,1746842,1
884031,1746950,1
884096,1747063,1
884032,1747098,1
949902,1747117,1
884034,174746,1
884166,1747471,1
884036,1747598,1
884169,1747690,1
883972,174774,1
883974,1748034,1
883976,1748342,1
884044,1748552,1
948228,1748725,1
884178,1748840,1
884111,1748853,1
884112,1748946,1
884048,1749017,1
883983,1749140,1
884115,1749339,1
884053,1749557,1
884186,1749675,1
884119,1749678,1
883988,1749703,1
884123,1749951,1
883991,1750028,1
884194,1750434,1
884299,1750662,1
884130,1750900,1
884302,1751100,1
884201,175144,1
950262,1751504,1
884222,1751783,1
949555,1751993,1
884226,1752177,1
884140,1752337,1
884227,1752429,1
884209,175259,2
951425,1752768,1
884314,1752951,1
953483,1753024,1
884317,175336,2
884214,1753372,1
884454,1753385,1
884238,175389,1
884219,1753901,1
884239,175398,2
884240,1754010,1
884461,175409,3
884462,1754153,1
884242,1754178,1
884463,175436,1
884244,1754473,1
884330,1754658,1
884467,1754712,1
884382,1754957,1
949297,1754971,2
952631,1755022,1
884383,1755152,1
884250,1755362,1
884251,175559,1
884387,1755757,1
884389,1755913,1
884255,1755922,1
954105,1755956,1
884476,175632,1
884478,175662,1
884395,1756815,1
946515,1756859,1
955182,175751,1
884487,175805,2
884268,1758091,1
884404,1758251,1
884406,1758407,1
884357,1758605,1
884408,1758613,1
884274,1758691,1
884494,1758789,1
884410,175886,1
884276,1758873,1
884360,1758883,1
884496,1759143,1
884497,1759276,1
884362,1759400,1
884413,1759486,1
884416,175981,1
884282,1759859,1
884419,1760184,1
850326,1760350,1
884507,1760592,1
884508,1760766,1
884509,1760927,1
884426,1761221,1
884291,1761270,1
884682,1761284,1
884294,1761582,1
884515,1761672,1
884295,1761733,1
884527,1761934,1
884518,1762038,1
950600,1762055,1
884436,1762334,1
884692,1762518,1
884437,176258,1
884535,1762928,1
884695,1762951,1
884696,1763123,1
884526,1763135,1
884537,1763147,1
884442,1763238,1
884538,1763286,1
884759,1763301,1
947221,1763319,1
884539,1763334,1
884444,176338,1
955257,1763499,1
884762,1763673,1
884448,1763945,1
884705,1764050,1
884546,1764269,1
959415,1764283,1
955458,1764657,1
884708,1764775,1
884769,1764891,1
884549,1764925,1
884710,1765207,1
884608,1765226,1
959296,1765574,1
956678,1765682,1
884552,1765710,1
946108,1765951,1
884774,1765960,1
884554,1766,1
945933,1766045,1
950248,1766189,1
884776,1766374,2
884718,1766590,2
884560,1766811,1
884781,1766861,1
884563,1767101,1
884723,1767102,1
884621,1767231,1
884565,1767418,1
884725,1767420,1
884786,1767496,1
884787,176768,1
884568,1767881,1
950309,1767960,1
884569,1767999,1
884790,1768123,1
884730,1768133,1
884793,1768347,1
884733,1768475,1
884631,1768709,1
884795,1768886,1
884739,1769492,1
884800,1769511,1
884580,1769577,1
884743,1770023,1
884805,1770189,1
884643,1770262,1
884587,1770406,1
884809,177076,1
884652,17716,2
884815,1771608,1
884755,1771615,1
884653,1771762,1
954318,1771780,1
884596,1771809,1
884818,1772097,2
884820,177227,1
884821,1772432,1
884661,1772818,1
945305,1773051,1
884918,177318,1
884663,1773182,1
949925,1773316,1
884837,177343,1
884921,1773570,1
884666,1773597,1
884829,1773792,1
851282,1773897,2
884830,177390,2
884668,1774007,1
851374,1774171,2
884672,1774230,1
884850,1774871,1
884933,1774881,1
884679,1775076,1
884988,177561,1
952726,1775849,1
885076,177610,1
885077,1776232,1
885078,177630,2
850805,177651,1
884862,177672,1
884863,1776877,1
884998,1776978,1
884864,1777003,1
949325,1777142,1
884949,1777601,1
885002,1777737,2
957276,1778012,1
954149,177817,1
885094,1779460,1
884875,1779538,1
885095,1779743,1
885096,1779979,1
946111,1780425,1
959242,1781294,1
885100,178161,1
885101,1781698,1
884882,1781756,1
885016,1781858,1
952750,1782123,1
884886,1782234,1
884889,1782690,1
885109,178285,1
884973,1783337,1
885112,1783714,1
884894,1783842,1
884976,1783884,1
885114,1784013,1
884895,1784134,1
885115,1784209,1
884978,1784284,1
885031,1784432,1
884900,1784743,1
885034,1784867,1
885035,1785043,2
885122,1785338,1
884903,1785358,1
885141,1785834,1
884906,1785881,2
885144,1786149,1
949530,1786252,1
885146,1786505,1
885149,1786915,1
885221,1787159,1
885151,1787238,1
885049,1787282,1
885135,1787285,1
885223,1787289,1
885152,1787294,1
885137,1787653,1
885226,1787802,1
885139,1787967,1
885227,178801,2
952735,1788767,1
885058,1788892,1
885161,1788929,1
885060,1789044,1
885062,1789391,1
885379,1789434,1
885166,178957,1
885238,178961,1
885388,1790395,1
885245,17904,1
885305,1790946,2
951060,1791710,1
885396,17918,1
885255,1792138,1
885400,1792307,1
953196,1792604,1
885403,1792641,1
946706,1792700,1
885404,1792815,1
885261,1792819,1
885191,1792922,1
885321,1792930,1
885322,1793130,1
950525,1793684,1
885409,1793890,1
885195,1793907,1
885326,179399,1
885411,179409,1
885268,1794107,1
885197,1794110,1
885198,1794306,1
885413,1794418,1
955259,1794453,1
885272,1794706,1
950869,179481,1
954494,1794918,1
885333,1795147,1
885418,179518,1
885419,1795390,1
885421,1795648,1
952317,1796029,1
952322,1796141,2
885282,1796437,1
885426,1796584,1
885283,1796615,1
885342,1796660,1
885428,1796873,1
885214,1796897,2
885344,1796909,1
885287,1796971,1
885347,1797139,1
885450,1797528,1
885349,1797691,1
948260,1797932,1
946459,1798000,1
885351,1798016,1
885454,1798316,1
885294,1798437,1
885440,1798781,1
885529,1799015,1
885530,1799103,1
885460,179927,1
885461,1799458,1
885360,1799465,1
885447,1799621,1
885468,1800484,1
885469,1800622,1
885540,1800713,1
885470,1800751,1
885369,1800763,1
885472,1800945,1
885372,1801113,2
885544,180126,3
954282,1801311,1
885605,1801525,1
885694,1801854,1
885608,180209,1
885549,1802142,1
885479,1802173,1
885610,1802499,1
885697,1802554,1
885552,1802703,1
885553,180277,4
885554,1803001,1
885485,1803152,1
885616,1803425,1
885487,1803651,1
885489,180388,1
885705,180394,1
885490,1803981,1
885561,1804070,1
885491,1804082,1
885492,1804359,1
885709,1804591,1
885564,1804611,1
954400,1804646,1
885624,1804653,1
885627,1805070,1
885500,180521,2
885501,1805307,1
885717,180540,1
885632,1805421,1
885718,1805425,1
851608,1805567,1
885634,1805616,1
885720,1805632,1
885506,180571,1
885579,1806042,1
951147,1806240,1
885581,1806430,1
885728,1806492,1
885516,1807017,1
885647,1807262,1
885519,1807569,1
951734,1807705,1
885522,1808058,1
945612,1808186,1
885593,1808258,1
885741,1808452,1
885657,1808634,1
885598,1808712,1
885836,1808717,1
885837,1808722,1
885839,180901,1
885748,1809181,1
885666,1809454,1
885667,180956,1
885760,180967,1
885845,1809713,1
885848,181008,1
885912,1810161,1
945869,1810349,1
885766,1810384,1
885853,1810758,1
950007,1810967,1
885918,1811126,1
955056,1811221,1
885856,1811286,1
885858,1811471,1
885990,1811881,1
885775,181200,1
885860,181207,1
885776,1812130,1
885861,1812167,1
885992,1812192,1
885924,1812202,1
885777,1812256,1
885926,18125,1
885864,1812554,1
885780,1812723,1
885781,181284,1
885931,1813281,1
885933,1813535,1
958348,1813822,1
885787,181384,1
885936,1814046,1
954719,1814710,1
885793,1815074,1
886009,1815297,1
952995,1815354,1
885882,1815998,1
886013,1816011,1
885798,1816016,1
950602,1816732,1
886019,1817091,1
950060,1817284,1
952397,1817385,1
885955,1818019,1
951526,1818318,1
885958,181869,1
886028,1818958,1
886030,1819236,3
886032,1819733,1
885964,1819756,1
952565,1819848,1
885902,1819987,1
885968,182062,2
885821,182064,2
885822,1820788,1
886038,1820927,1
950418,1821107,1
948289,1822079,1
886070,182406,1
886048,182444,1
886147,182769,1
886053,1827816,1
957134,1828165,1
958771,1828387,1
950980,1829129,1
886152,1829136,1
959367,1829158,1
886081,1829277,1
953188,1830086,1
886299,1830181,1
886060,183041,1
886084,1830516,1
949758,1830705,1
886086,1830768,1
886063,183077,1
886303,183079,1
886220,1831242,1
886306,1831318,1
886221,183142,1
886307,1831532,1
947468,183167,1
886092,1831764,1
954927,1832291,1
886315,1833215,1
886171,183331,1
886232,183352,1
886173,18336,1
886234,1834490,1
886321,1834842,1
886323,1835213,1
954125,1835723,1
886181,1835787,1
886110,1835880,1
959853,1836316,1
886186,1837274,1
886332,183758,1
886333,1837826,1
955375,1837925,1
886336,1838250,1
886251,1838276,1
886192,1838329,1
886121,1838401,1
886341,1838912,1
886196,1838988,1
886198,183918,2
886127,18392,1
886128,1839367,1
886259,1839388,1
886129,183948,1
886346,1839571,1
886130,1839626,1
886261,1839727,1
886203,1839979,1
886204,1840165,1
952818,1840642,1
886267,1840891,1
928267,1840972,1
886271,1841504,1
886212,1841667,1
886141,184169,1
886373,1841917,1
886276,1841921,1
886362,1841924,1
886277,1841967,1
886363,1841993,1
886364,1842396,1
886380,1842930,1
956602,1842988,1
886369,1843130,1
886371,184337,1
886455,184362,1
886386,1843669,1
886389,1844022,1
886390,1844172,1
886294,184435,2
886610,1844686,1
886462,1844691,1
886393,1844723,1
946982,1844860,1
886613,184495,1
886614,1845091,1
886615,1845175,1
886472,1847425,1
886403,184757,1
954497,184763,1
850799,184779,1
886534,184782,1
886474,184813,2
951010,1848235,1
886411,1849146,1
945456,1849161,1
886631,1849421,1
886483,1849552,1
886633,184977,1
886634,1849844,1
949779,1849944,1
886416,1849947,1
886419,1850517,1
886550,1850520,1
886638,1850566,1
886551,1850602,1
886553,1850735,1
886494,1850968,1
886644,1851037,2
948291,1851221,1
886496,1851322,1
886497,1851368,1
886647,1851411,1
886498,1851431,1
886500,1851567,1
886651,1851679,1
886432,1851687,1
886433,1851777,1
886504,1851848,1
886656,1852134,1
886569,1852210,1
886657,185224,1
886439,1852337,1
886510,185241,2
886442,1852550,1
946333,1852586,1
886665,1852974,1
886579,1853133,1
886758,185319,1
886760,1853435,1
886586,1854278,1
886674,1854289,1
948293,1854330,1
951390,1854503,1
886682,185452,1
886678,18548,1
958483,1854981,1
886593,1855073,1
951216,1855189,1
886914,1855207,1
886688,1855236,1
886773,1855280,1
886774,1855383,1
955321,1855475,1
886775,1855513,1
886597,1855558,1
886691,1855575,1
886919,1855915,1
886778,1855987,1
886600,1856041,1
886920,1856043,1
886921,1856195,1
886697,1856409,1
886924,1856576,1
886837,1856711,1
886925,185675,2
886700,1856852,1
947113,1857147,1
886929,1857314,1
886842,1857345,1
886930,1857358,1
886843,1857520,1
886933,1857776,1
950272,1857872,1
886795,1858048,1
886850,1858050,1
886939,1858256,1
954397,1858455,1
886798,1858569,1
886717,1858865,1
886856,1858912,1
886718,1859051,1
886857,1859091,1
886720,1859319,1
886859,1859339,1
945720,1859485,1
886861,185956,1
886723,1859663,1
886724,1859723,1
886808,1859755,1
886864,1859946,1
886727,1860151,1
886866,1860216,1
950923,1860226,1
886869,1860533,1
886731,186057,1
886815,1860598,1
886816,1860712,1
959078,1860837,1
951985,1860876,1
886818,1861054,1
951136,1861173,1
886964,1861404,1
886877,1861460,1
886823,1861542,1
886878,1861559,1
886879,1861618,1
886743,1861877,1
886828,1862073,1
945610,1862174,1
958860,1862227,1
886745,1862271,1
886884,1862295,1
886747,1862394,1
886748,1862503,1
887066,1862757,1
886751,1862776,1
886981,186309,1
949443,1863165,1
887072,1863187,1
952064,1863247,1
886984,1863279,1
887075,1863374,1
886899,1863459,1
886992,1863475,1
886900,1863546,1
886902,1863637,1
887224,1863645,1
886903,1863689,1
886904,1863904,1
887082,1863925,1
887083,1864007,1
955102,1864022,1
948308,1864058,1
887000,1864185,1
887086,1864230,1
951370,1864329,1
950215,1864351,1
887087,1864372,1
887088,1864429,1
887004,1864481,1
887145,1864540,1
948309,1864626,1
887235,1864628,1
887091,1864644,1
887008,1865038,1
887149,1865049,1
887009,1865088,1
951735,1865113,1
887151,186526,3
887159,1866011,1
953779,1866142,1
887162,18662,1
887107,1866265,1
887252,186631,1
887108,1866416,1
887164,1866442,1
887026,1866616,1
887111,1866627,1
887256,1866694,1
948357,1866850,1
887259,1867102,1
953360,1867156,1
887116,1867217,1
887173,1867396,2
887118,1867420,1
950732,1867538,1
887263,186754,1
887037,1867899,1
957007,1867964,1
887041,186825,1
953391,1868512,1
887183,1868599,1
887273,1868670,1
887185,1868738,1
887275,1868803,1
951116,1868933,1
887047,1868941,1
950541,1868969,1
887133,1869007,1
887049,1869079,1
887279,1869102,1
887051,1869163,1
887193,1869224,1
887053,1869285,1
887056,186951,2
887197,1869631,1
887142,1869698,1
887143,1869783,1
887289,1869893,1
887062,1870287,1
887384,187047,1
887206,1870811,1
887296,1870860,1
887390,1871148,1
945956,1871228,1
887306,187132,1
887392,1871321,1
887307,1871441,1
887310,1871709,1
887542,1871976,1
887545,1872265,1
887403,1872535,1
949313,1872607,1
887405,1872734,1
887321,1872910,1
887552,187302,1
957146,1873026,1
887408,1873089,1
887463,1873103,1
887556,1873408,1
887327,1873508,1
887558,1873548,1
954484,1873562,1
887414,1873581,1
946286,1874060,1
947499,1874156,1
887421,1874251,1
887571,1874898,1
887343,1875051,1
887428,1875183,1
887575,1875308,1
887345,1875369,1
950575,1875411,1
887430,1875465,1
887348,1875735,1
887349,1875762,1
887490,1875882,1
887354,1876399,1
951210,1876482,1
887585,1876546,1
887356,1876646,1
887588,1876771,1
887359,1876888,1
887591,1877096,1
887503,1877274,1
887365,1877560,1
887598,187807,1
887512,187824,1
887513,187838,1
887373,1878433,1
953031,1878549,1
887519,1878797,1
887609,1878898,1
887523,1879149,1
887617,1879277,1
887528,1879663,1
887707,1879766,1
953784,1879856,1
887708,187987,1
887852,1879884,1
948296,1879972,1
887534,1880185,1
951832,1880215,1
887713,1880232,1
887716,1880440,1
959346,1880492,1
887772,1880582,1
887632,1880605,1
887864,188093,1
887776,1880987,1
887866,188106,1
887637,1881109,1
887724,1881276,1
947009,1881321,1
887639,1881334,1
887725,1881342,1
948342,1881356,1
887727,1881505,1
949550,1881507,1
887784,1881671,1
946405,1881694,1
948344,1881728,1
887786,1881840,1
887732,1881976,1
949373,1881978,1
887787,1881979,1
887647,1882060,1
887733,1882079,1
887650,1882436,1
887739,188276,2
887794,1882781,1
946816,1882797,1
959255,1882864,1
948352,1882914,1
887741,1882917,1
959168,1882945,1
887886,1882977,1
954893,1882987,1
946533,1883384,1
952045,1883427,2
947587,1883443,1
947549,1883479,1
887663,1883615,1
887749,188363,1
947179,1883754,1
887893,1883776,1
887750,1883796,1
953509,1883983,1
887808,1884062,1
887668,1884095,1
887898,1884172,1
955551,1884218,1
887810,1884274,1
946625,1884277,1
887670,1884359,1
887757,1884442,1
887812,1884524,1
948474,1884549,1
887902,1884626,1
946591,1884663,1
887814,188468,1
887761,1884834,1
887817,1884969,1
948476,1885063,1
946458,1885136,1
887764,1885158,1
945449,1885224,1
887819,1885260,1
949576,1885415,1
887909,1885528,1
887767,1885753,1
887911,1885804,1
887683,188599,1
887924,1886048,1
887824,1886054,1
950344,1886069,1
949543,1886209,1
947023,1886213,1
887825,1886214,1
946832,1886227,1
945468,1886241,1
947105,1886565,1
946673,1886573,1
946705,1886671,1
948488,1886675,1
887916,1886722,1
887828,1886803,1
887917,1886845,1
946320,1887322,1
946912,1887665,1
948503,1887682,1
947611,1887814,1
950529,1887858,1
952933,1887891,1
946049,1887904,1
948506,1887965,1
945469,1888073,1
950714,1888223,1
948510,1888281,1
954814,1888476,1
953510,1888489,1
945458,1888514,1
948512,1888558,1
945451,1888562,1
953505,1888571,1
887934,188864,1
954808,1888650,1
945327,1888651,1
945321,1888702,1
951617,1888727,1
945949,1889104,1
954450,1889129,1
952839,1889145,1
850995,188931,2
948521,1889341,1
948525,1889519,1
948526,1889524,1
954298,1889666,1
948531,1890031,1
949352,1890127,1
946274,1890140,1
945774,1890348,1
952873,1890528,1
946120,1890765,1
948541,1890768,1
948542,1890835,1
946587,1890953,1
950652,1891044,1
954809,1891219,1
952854,1891343,1
953947,1891347,1
948555,1891418,1
949705,1891473,1
946178,1891561,1
946630,1891613,1
888081,189167,1
958926,1891685,1
953720,1891701,1
948561,1891704,1
948562,1891745,1
887939,189177,1
948563,1891777,1
953668,1891848,1
947268,1891925,1
948567,1891988,1
946902,1892053,1
948571,1892117,1
947015,1892119,1
948572,1892126,1
949137,1892145,1
953384,1892210,1
952481,1892232,1
955055,1892243,1
946258,1892511,1
950432,1892548,1
948314,1892623,1
948318,1892724,1
946247,1892782,1
947407,1892790,1
952895,1892837,1
946483,1892936,1
948319,1892947,1
948321,1892970,1
950050,1892971,1
948323,1893052,1
947460,1893062,1
947045,1893325,1
954215,1893484,1
947031,1893496,1
953020,1893497,1
946489,1893526,1
948332,1893545,1
947450,1893552,1
949640,1893675,1
953347,1893742,1
953766,1893800,1
956965,1893972,1
947595,1893982,1
951723,1894084,1
946833,1894118,1
948368,1894240,1
948369,1894257,1
948371,1894346,1
952350,1894481,1
954560,1894639,1
954323,1894658,1
952788,1894746,1
958444,1894748,1
949293,1894755,1
955003,1894786,1
946954,1895169,1
948388,1895294,1
887841,189535,1
950849,1895448,1
948390,1895467,1
954631,1895643,1
953795,1895681,1
947410,1895962,1
947161,1895992,1
947083,1896253,1
953695,1896549,1
954621,1896555,1
947415,1896568,1
948416,1896586,1
948419,1896709,1
953346,1896726,1
948421,1896736,1
949270,1896762,1
888086,189682,2
953774,1896895,1
887945,189706,2
952546,1897073,1
948426,1897169,1
948428,1897179,1
948430,1897240,1
953521,1897255,1
949472,1897269,2
888088,189734,1
950107,1897343,1
948433,1897344,1
948437,1897482,1
948438,1897525,1
954579,1897681,1
948443,1897781,1
952869,1897949,1
952720,189802,1
959817,1898063,1
947589,1898224,1
948454,1898356,1
949897,1898517,1
888152,189853,2
948457,1898542,1
953296,1898546,1
953665,1898721,1
953452,1898723,1
949899,1898791,1
948461,1898802,1
948462,1898978,1
953995,1899098,1
951504,1899130,1
951528,1899152,1
953393,1899264,1
952376,1899275,1
954156,1899309,1
954260,1899310,1
948467,1899345,1
887949,189942,4
953013,1899486,1
948468,1899552,1
953955,1899627,1
954034,1899726,1
948489,1899754,1
949082,1899852,1
954345,1900069,1
952782,1900154,1
951889,1900227,1
953749,1900291,1
952271,1900293,1
949275,1900422,1
949180,1900430,1
888155,190045,2
954160,1900528,1
953753,1900688,1
949560,1900710,1
949300,1900724,1
950789,1900776,1
954550,1900885,1
953826,1900895,1
888156,19009,1
959622,1900992,1
953834,1901034,1
950966,1901038,1
950099,1901067,1
952860,1901173,1
954881,1901208,1
955048,1901227,1
954664,1901262,1
953592,1901266,1
949860,1901432,1
954902,1901462,1
955006,1901772,1
888016,190178,1
949943,1901879,1
954154,1901947,1
953184,1901952,1
953761,1902006,1
888017,190215,1
953702,1902179,1
951544,1902218,1
954387,1902258,1
949628,1902506,1
954656,1902517,1
957286,1902549,1
949696,1902553,1
949616,1902567,1
954907,1902702,1
949792,1902727,1
888018,190278,1
950860,1902807,1
949522,1902829,1
951149,1902833,1
952699,1902834,1
959091,1902839,1
887955,190288,1
953329,1902940,1
956564,1902994,1
954635,1903070,1
953605,1903111,1
952276,1903143,1
954159,1903154,1
953758,1903265,1
950598,1903301,1
952492,1903306,1
959332,1903405,1
954905,1903471,1
953073,1903535,1
888019,190356,1
887956,190373,2
954620,1903810,1
950494,1903850,1
950189,1903994,1
953696,1904022,1
954461,1904023,1
952199,1904195,1
888162,190439,1
952939,1904391,1
953042,1904482,1
954526,1904620,1
953249,1904630,1
888021,190472,1
954888,1904720,1
950195,1904778,1
951256,1904889,1
953106,1904937,1
953715,1904965,1
950395,1905025,1
887958,190513,1
952386,1905210,1
953030,1905293,1
950792,1905389,1
950191,1905496,1
953382,1905527,1
951856,1905530,1
952959,1905572,1
950324,1905611,1
959615,1905651,1
952956,1905657,1
952800,1905692,1
952864,1905707,1
951660,1905709,1
951818,1905765,1
950931,1905796,1
953787,1905819,1
950659,1905884,1
954521,1905914,1
950076,1905945,1
954479,1905959,1
952445,1905973,1
953208,1905974,1
953371,1906175,1
954577,1906358,1
887961,190649,1
953455,1906585,1
954229,1906613,1
953881,1906620,1
950011,1906681,1
952201,1906685,1
950220,1906691,1
953688,1906798,1
954672,1906815,1
952792,1906933,1
888105,190701,2
954274,1907118,1
951457,1907122,1
953885,1907126,1
887962,190722,1
952443,1907377,1
953630,1907574,1
952815,1907589,1
950596,1907734,1
953174,1907753,1
951067,1907874,1
952798,1907910,1
953033,1908028,1
953221,1908232,1
953763,1908324,1
888027,190840,1
952863,1908500,1
954767,1908602,1
953085,1908606,1
951534,1908697,1
953032,1908811,1
888170,190897,1
950555,1909284,1
888171,190942,1
954217,1909618,1
953168,1909640,1
954552,1909673,1
954259,1909684,1
952819,1909752,1
952598,1909757,1
954802,1909860,1
888172,190987,1
953297,1909974,1
954983,1910210,1
953797,1910233,1
954399,1910300,1
888031,191034,1
954926,1910341,1
954451,1910413,1
955183,1910414,1
952941,1910423,1
951786,1910433,1
950943,1910504,1
952061,1910506,1
953133,1910514,1
950960,1910643,1
959842,1910694,1
953436,1910730,1
954255,1910838,1
953286,1911065,1
952781,1911290,1
954801,1911369,1
954058,1911422,1
954880,1911760,1
955047,1911798,1
888175,191192,1
953966,1912018,1
959766,1912053,1
951219,1912160,1
953175,1912162,1
888114,191217,2
887970,19122,2
953380,1912297,1
954148,1912328,1
954321,1912380,1
954714,1912395,1
953546,1912399,1
888176,191241,1
956940,1912484,1
956797,1912501,1
953095,1912592,1
954737,1912671,1
953165,1912720,1
954006,1912728,1
959671,1912753,1
954468,1912808,1
951552,1912897,1
888036,191309,1
956889,1913099,1
951622,1913189,1
887972,191323,1
958487,1913322,1
888037,19134,1
951411,1913419,1
951621,1913558,1
888117,191358,1
951582,1913808,1
951597,1913874,1
951637,1913967,1
951590,1914135,1
951595,1914216,1
953062,1914329,1
953190,1914349,1
952447,1914393,1
952886,1914416,1
953889,1914526,1
952706,1914533,1
953008,1914656,1
955008,1914673,1
951865,1914716,1
953383,1914730,1
952004,1914768,1
951910,1914851,1
951827,1914946,1
954010,1915081,1
953369,1915083,1
952806,1915094,1
953811,1915106,1
951859,1915141,1
952852,1915289,1
953000,1915361,1
953786,1915419,1
957048,1915547,1
958619,1915550,1
955053,1915580,1
952085,1915670,1
954872,1915732,1
954022,1915890,1
954504,1915905,1
953441,1916149,1
955289,1916151,2
887975,191628,1
952916,1916364,1
959181,1916438,1
952188,1916445,1
953035,1916463,1
958822,1916495,1
952832,1916496,1
953686,1916536,1
954216,1916629,1
952513,1916642,1
954107,1916923,1
888040,191697,1
953186,1917079,1
959665,1917109,1
952087,1917120,1
952553,1917202,1
954346,1917256,1
958497,1917258,1
953814,1917269,1
956993,1917305,1
888041,191751,1
953270,1917548,1
958448,1917627,1
954576,1917672,1
954339,1917761,1
888042,191779,1
953230,1917826,1
955075,1917836,1
958893,1917933,2
955060,1917978,1
953449,1918164,1
959460,1918175,1
959456,1918206,1
958412,1918227,1
959710,1918229,1
958712,1918266,1
958842,1918357,1
959043,1918439,1
959363,1918454,1
959305,1918567,1
955489,1918673,1
958641,1918689,1
953372,1918703,1
955106,1918868,1
958730,1918934,1
959413,1918952,1
888124,191924,1
956623,1919251,1
957039,1919271,1
955174,1919334,1
959358,1919390,1
959124,1919451,1
956607,1919456,1
959673,1919557,1
956823,1919767,1
955251,1919802,1
959619,1919804,1
959626,1919831,1
958563,1919929,1
955305,1920054,1
956664,1920107,1
955514,1920219,1
958538,1920257,1
955533,1920366,1
956683,1920380,1
958832,1920451,1
959248,1920519,1
959364,1920653,1
955263,1920662,1
958823,1920670,1
958991,1920723,1
958578,1920746,1
958825,1920831,1
958442,1920979,1
887984,192107,1
955221,1921164,1
958411,1921249,1
959841,1921279,1
888049,19213,1
958625,1921372,1
958627,1921484,1
956619,1921542,1
959031,1921543,1
888191,192157,1
958560,1921640,1
959240,1921770,1
959703,1921808,1
959286,1921895,1
957051,1921987,1
955466,1922067,1
955323,1922078,1
959733,1922113,1
959640,1922204,1
958539,1922227,1
957074,1922242,1
958734,1922309,1
959752,1922353,1
956645,1922552,1
959613,1922750,1
956886,1922807,1
957141,1922808,1
958420,1922812,1
958870,1922847,1
959461,1922863,1
958790,1922867,1
956617,1923229,1
956672,1923427,1
957001,1923521,1
958479,1923539,1
887988,192363,1
958986,1923895,1
959427,1923911,1
959336,1924041,1
959450,1924131,1
959365,1924164,1
959700,1924262,1
958866,1924267,1
959904,1924366,1
947379,1012392,1
852386,1012397,1
850863,1012558,2
947870,1012576,1
852391,1012612,1
852393,1012644,2
852470,1012726,1
852322,1012775,2
945378,1012787,1
852546,1012806,1
852547,1012829,1
852399,1012967,1
952320,1013092,1
852329,1013169,1
852478,1013197,1
852555,1013361,1
958294,1013417,1
852333,1013499,1
852557,1013500,1
852482,1013504,1
852560,1013534,1
852561,1013557,1
852784,1013577,1
852785,1013606,1
852563,1013716,1
852787,1013803,1
852713,1013821,1
947039,1013830,1
852637,1013838,1
852638,101386,1
852567,1013868,1
852716,1014050,1
852570,101408,1
852793,1014179,2
852719,1014198,1
852646,1014273,1
947882,1014315,1
852723,1014349,2
852724,1014386,1
852651,1014474,1
852584,1014637,1
852657,1014701,3
852733,1014703,1
852588,1014788,2
852810,1014826,1
852590,1014962,2
852737,1014970,1
947626,1015008,1
852739,1015072,1
852666,1015114,1
852596,1015138,1
852746,101528,1
852752,1015528,1
852830,1015608,1
852831,1015620,1
852832,1015642,1
852758,1015681,1
852613,1015804,1
852839,1015966,1
852690,1016024,1
852767,1016050,2
851272,1016219,1
951712,1016257,1
852698,1016267,1
947239,1016335,1
852777,1016390,1
852704,1016523,1
852631,1016532,2
852856,1016576,2
852706,1016587,1
950826,1016614,1
853082,1016630,1
853083,1016651,1
853084,101668,2
852933,1016710,1
852863,1016719,2
852934,1016750,1
853009,1016755,1
853088,1016819,1
852866,1016848,1
852944,1017298,3
853098,1017358,1
852880,1017544,1
853027,1017643,1
852885,1017896,2
853107,1017901,1
852886,1017918,1
852958,1017977,1
853034,1018003,1
853111,1018013,1
852960,1018039,1
954272,1018084,1
853112,1018121,1
853037,1018234,1
958329,1018326,1
852967,1018474,1
959751,1018497,1
852968,1018545,1
958555,1018574,1
853121,1018645,1
852900,1018664,1
950631,1018895,1
852904,1018900,1
853126,1018920,1
853053,1019240,1
852910,1019321,1
853055,1019345,1
852981,101937,1
852984,1019572,1
852915,1019594,2
853063,1019706,1
852989,1019731,1
853142,1019823,1
852995,1019999,2
853147,1020034,1
853148,1020046,1
853153,1020254,1
853160,1020615,1
853307,102086,1
853382,1020872,1
853309,102091,1
853310,1020941,1
853237,1021085,2
853388,102126,1
853169,1021280,1
853391,1021398,1
853318,1021425,1
954040,1021551,1
952018,1021577,1
851600,1021604,1
853401,1021804,1
853178,1021819,1
853402,1021822,1
853324,1021834,1
853250,1021878,1
853406,1021939,1
853253,1022035,1
853408,1022047,1
853330,1022067,1
853256,1022109,2
950264,1022147,1
853412,1022153,1
955281,1022306,1
950424,1022411,1
853262,1022685,2
853418,1022693,1
853420,1022766,1
853199,1023079,1
853346,1023169,2
853347,102320,1
959548,1023221,1
853272,1023228,1
853204,1023300,1
853432,1023391,1
853433,1023438,1
853356,1023697,1
853213,1023780,1
853360,1023907,1
853442,1023929,1
853286,1024046,2
853362,1024075,1
853219,1024224,1
945749,1024234,1
853221,1024332,2
853447,1024356,2
853448,1024445,1
853367,1024451,1
853368,1024498,1
853452,1024613,1
853371,1024635,1
853454,1024717,1
853230,1024760,1
853461,1024951,1
853302,1025044,1
851296,1025212,1
958325,1924462,1
958909,1924555,1
959443,1924563,1
957062,1924716,1
956907,1924803,1
959405,1924822,1
959129,1925049,1
958680,1925083,1
959262,1925281,1
958472,1925407,1
958785,1925542,1
888196,192560,1
957284,1925754,1
958743,1926300,1
959084,1926429,1
958478,1926434,1
958616,1926792,1
959923,1926809,1
959887,1927276,1
958341,1927861,1
959956,1928012,1
888058,192866,1
888201,192985,1
888062,193276,1
888067,193643,1
888209,193703,1
888069,19383,1
888215,194106,1
888239,194928,1
888240,195045,1
888466,195089,1
888468,19529,1
954832,195533,1
888331,195594,1
888332,195741,1
888254,196105,2
888340,19640,1
888486,196687,1
888261,196707,1
953409,196954,1
888401,196969,1
888349,197081,1
888491,197206,1
888407,197515,1
888272,197707,1
959304,197763,1
957013,197768,1
888413,198154,2
888501,198166,1
888280,198422,1
888508,198668,1
888288,199085,1
888428,199222,1
888519,199557,2
888432,199599,1
888433,199688,1
888434,199790,1
888297,199854,1
888298,199918,1
888450,201095,2
888616,201101,1
888620,201287,1
888556,201378,2
888775,201454,1
888624,201460,1
888688,201501,1
888690,201580,1
888779,201587,1
888691,201646,1
888780,201682,1
888566,201819,1
888695,201831,1
888639,202236,1
888572,202248,1
888704,202429,1
888643,202493,1
888576,202496,1
888706,202547,1
888646,202722,1
888579,202743,1
888709,202748,1
888713,203110,1
888804,203292,1
888719,203567,1
888721,203728,1
888660,203808,3
888814,20407,1
888665,204203,1
888597,204262,1
888600,20454,2
888820,204615,1
888732,204635,1
888676,204994,1
888739,205004,2
888829,20511,1
888916,205133,2
888744,205280,2
888745,205409,1
888746,205529,1
889068,205785,1
888841,20579,1
888925,205799,1
889069,205814,1
888842,205818,1
888753,205967,1
888754,206007,2
888931,206149,2
949334,20630,1
888851,20645,1
888991,20651,1
888937,206541,1
888853,20662,1
888854,206709,2
889083,206720,1
888855,206801,1
888856,20683,1
888996,20689,1
888942,206966,1
888997,20699,1
888946,207124,1
888947,20717,1
888864,207297,1
889095,207480,1
889010,207739,1
889099,20775,1
888873,207943,1
889103,208103,1
889104,208152,1
888876,208199,2
888962,208310,2
889017,208326,1
888878,208421,1
888968,208808,1
888885,209042,1
889116,209162,1
888974,209269,1
888975,209369,1
889119,209397,1
889120,209526,1
888978,209760,1
889035,209907,1
889036,209951,1
889125,209961,2
889038,210099,1
889128,210201,1
888900,210283,1
889131,210460,1
889132,210502,2
946496,210526,1
850655,210576,2
888903,210640,2
889045,210645,1
889048,210873,1
889137,210888,1
888907,210895,1
889150,211250,2
889054,211575,1
889376,211593,1
889224,211723,1
889155,211754,1
889057,211823,1
947509,211987,1
889381,212060,2
889159,212157,1
889061,212192,1
946917,212263,1
889062,212269,1
889164,212528,1
889235,212797,1
952868,213269,1
889172,213314,1
889396,213381,2
889397,213445,1
948581,213522,1
953925,213611,1
889178,213849,1
889314,214000,2
889251,214130,1
889182,214137,1
889252,214165,1
889253,214239,1
889254,214330,2
889186,214433,1
889410,214448,1
889321,214506,1
889323,214585,2
889259,214591,1
889261,214652,1
889268,215222,1
853688,1025290,1
853613,1025424,1
853468,1025461,1
853539,1025467,1
853469,1025487,1
853616,1025558,1
853472,1025678,1
853544,1025763,1
853701,1026190,3
853480,1026197,1
853551,1026220,1
853481,1026270,1
853482,1026374,1
853628,1026377,1
853704,1026383,1
853707,102654,2
853633,1026652,1
853559,1026711,1
853638,1026864,1
853564,1026879,1
853715,1026893,1
853565,1026975,1
853566,1027004,1
853496,1027058,1
853567,1027063,1
853719,1027131,1
959546,1027405,1
853727,1027680,1
853576,1027713,1
853508,1027787,1
947089,1027978,1
853512,102798,1
853736,1028117,2
853586,1028319,1
853587,1028344,1
853741,1028539,1
853666,1028701,1
853524,1028892,1
853595,1028931,1
853527,1028959,2
853597,1028960,1
853602,1029255,1
946663,1029261,1
853677,1029262,2
853757,1029424,1
853609,1029517,1
853912,1029564,1
947876,1029582,1
946671,1029736,1
853840,1029743,1
956723,1029924,1
853844,1029973,2
853846,1030106,1
853999,1030247,1
853849,1030248,2
853924,1030267,1
854000,1030269,1
853851,1030388,1
853926,1030417,1
854003,1030498,1
853855,1030589,2
853930,1030596,1
854007,1030746,1
854008,1030786,1
853858,1030788,1
853862,1031001,1
853866,1031119,2
854018,1031219,1
853868,1031223,2
853794,1031227,1
853871,1031410,1
953736,1031643,1
854024,1031686,2
853950,1031829,2
854026,1031846,1
853877,1031888,1
853952,1031904,1
854030,1032117,1
853806,1032146,1
853882,1032243,1
853811,1032518,2
854037,1032706,1
853813,1032733,2
853888,1032777,1
853889,1032845,1
853815,1032878,1
853890,1033005,1
853965,1033090,1
946473,1033106,1
853966,1033111,2
853967,1033128,1
853821,1033183,1
853969,1033189,1
853822,1033215,1
853970,103323,1
853971,1033268,1
954637,1033297,1
854050,1033383,1
946667,1033404,1
853827,1033455,1
854052,1033477,1
853828,1033495,1
949993,1033647,1
853905,1033721,1
853979,1033725,1
854056,1033726,1
853906,1033742,1
853832,1033743,1
947847,1033782,2
853907,1033785,3
853982,1033937,1
854142,1034127,1
853985,1034134,1
854290,1034173,1
853986,1034194,1
854145,1034515,1
854146,1034574,1
854295,1034612,1
854147,1034643,1
947853,1034651,1
854297,1034723,1
854151,1034835,3
854072,1034882,1
854303,1035112,1
854078,1035262,1
854229,1035314,1
854079,1035320,1
854159,1035327,1
854230,1035336,1
854308,1035345,1
943309,1035452,2
854312,1035529,1
854235,1035551,1
945309,1035715,1
854238,1035758,1
854317,1035819,1
854169,1035822,1
854318,1035830,1
854319,1035838,1
854092,1035885,1
854172,1035910,1
949191,1036071,1
854098,1036144,1
854099,1036208,1
854327,1036221,1
854328,103624,2
854181,1036300,1
854102,1036320,1
854332,1036406,2
854257,103652,1
854259,1036565,1
854337,103658,1
952342,1036590,1
854339,1036682,2
854192,1036704,1
854341,1036726,1
854344,1036799,1
854346,1036940,1
854198,1036944,1
854123,1037077,1
854277,103722,1
959668,1037272,1
854129,1037303,2
854357,1037310,1
854130,1037323,3
854131,1037367,1
854360,1037471,1
854212,1037505,2
854361,1037571,1
854284,1037602,2
854134,1037610,1
854366,1037646,2
854285,1037756,1
854367,1037833,1
854289,1037990,1
889332,215239,1
889270,215379,2
889334,215415,2
889336,215565,1
889339,215793,1
889431,215837,1
889278,215962,1
889343,216119,1
889281,216197,1
889282,216251,1
889284,216394,1
889216,216526,1
889287,216630,2
889219,216728,1
889442,216750,1
889356,217083,1
889446,217088,2
889448,217343,3
889456,217382,1
889449,217390,1
889297,217502,1
889298,217629,1
889460,217670,1
889527,217771,1
889529,217871,1
889531,218021,1
889610,218061,1
889371,218229,1
889470,218340,1
889539,21855,1
889542,218675,1
889685,219105,1
889686,219232,2
889625,219235,1
889687,219325,1
889627,219439,1
850923,219497,1
889550,219506,1
889690,219514,1
889553,219689,1
889694,219955,1
889556,219982,1
889697,220162,1
889493,220232,1
889638,220243,1
947554,220254,1
889495,220382,2
889496,220420,1
889702,220421,2
889497,220508,1
889703,220530,1
889644,220648,1
889500,220682,1
889504,220950,2
889505,221030,1
889507,221147,1
889713,221187,1
889575,221243,1
889576,221269,3
889715,221281,2
889655,221330,1
889511,221337,2
889716,221339,2
889656,221340,1
889718,221441,2
889721,221682,1
889663,221818,1
889588,222067,1
889523,222193,1
889592,222412,1
889732,222443,1
889675,222607,1
889982,223026,1
951408,22327,1
889985,223312,1
889832,223337,1
889766,223369,2
952685,22362,1
950559,223842,1
889770,223845,1
889771,223932,1
889774,224272,1
889752,224522,3
889995,224531,2
889908,224882,1
890000,224987,1
889850,225532,1
959915,225549,1
889786,225860,1
890009,226110,1
889791,226180,1
890012,226364,1
952599,22670,1
889866,226756,1
889928,22677,1
889868,22702,1
889930,227030,1
889803,22706,1
889870,227098,2
850762,227222,1
889872,227301,1
889807,227310,2
889935,227326,1
889808,227359,1
890027,227407,1
889937,227498,1
889876,227612,2
889942,227862,1
889880,22796,1
889945,228068,1
890037,228174,1
889883,228191,1
889947,228242,1
889820,228323,1
889821,228381,1
889949,228404,1
889889,228674,1
890048,229050,1
890059,229143,1
889900,229443,1
890064,229579,1
889966,229662,1
889967,229721,2
889969,229950,1
889970,230179,1
890215,230263,3
890217,230321,1
851196,230422,1
889976,230440,1
889977,23047,1
919103,230623,1
890079,230723,1
889981,230761,1
890224,230783,1
890151,230833,3
890083,23089,1
890291,23097,1
890293,231069,1
890156,231153,1
890158,23140,1
890091,231557,2
890236,231625,1
890162,231643,1
890239,231714,3
890096,23172,1
890240,231856,2
890167,231975,1
890306,232038,2
890168,23207,1
850598,232083,1
890308,232387,1
890246,232485,1
890251,232845,1
890179,232953,2
945632,233290,1
890117,233385,1
890264,233783,1
890122,233811,1
890267,233995,1
890268,23408,1
890331,234093,1
890128,234335,1
890197,234366,1
946070,234399,1
890200,234565,1
890275,234658,2
890276,234703,1
890134,234832,1
890206,235199,1
890365,235202,1
890366,235257,1
890210,235632,1
890348,235844,1
890519,236164,1
890443,236293,1
890522,236377,1
890448,236636,1
890381,236638,1
890386,237131,1
890593,237133,1
890388,237307,1
952273,237348,1
890390,237424,1
890458,237483,1
890391,237493,1
890461,237770,1
890464,237969,3
890468,238355,1
890403,238540,1
890548,238555,1
890612,238716,1
854139,1038013,1
854519,1038031,1
854593,1038056,1
854596,1038176,1
854523,1038179,1
854378,1038355,1
854450,1038375,1
854451,1038514,1
949475,1038515,1
854380,1038539,1
854452,1038549,1
854454,1038690,1
854383,1038740,1
854532,1038821,1
952176,1038986,1
950209,1039029,1
854536,1039251,1
854537,1039344,1
854461,1039366,1
949718,1039431,1
854543,1039916,1
854545,1040090,1
854547,1040261,1
854472,1040406,1
854549,1040421,1
854624,1040496,1
854404,1040617,1
854477,1040738,1
854406,1040765,1
854479,1040873,1
945346,1040890,1
854556,1040915,1
954337,1040991,1
854481,1041064,1
854483,1041136,1
850704,1041360,1
854562,1041379,1
854486,1041389,1
854563,1041413,2
854415,1041415,1
854488,1041494,1
854490,1041573,1
854640,1042053,1
851462,1042158,1
854495,1042289,2
854642,1042297,1
854424,1042343,2
854576,1042680,2
945419,1042814,1
854432,1043043,1
854505,1043161,1
854653,1043201,1
854654,1043264,1
946029,1043333,1
854508,1043337,1
854438,1043349,1
947691,1043527,1
854587,1043628,1
854440,1043654,1
854659,1043808,1
952724,1043890,1
854590,1043956,2
854662,1044087,1
854517,1044386,1
854665,1044391,1
854894,1044393,1
854672,104463,1
854897,1044816,1
854899,1044988,3
854746,104500,1
854678,1045146,2
854826,1045189,3
854751,1045224,1
854829,1045444,1
854830,1045528,1
854685,104572,2
854833,1045731,3
854910,1045736,1
854758,1045788,1
854834,1045789,1
854913,1045966,1
854764,1046220,1
854840,1046222,1
953130,1046447,1
854695,1046469,1
954054,1046508,1
854769,1046576,2
854770,1046708,1
854699,104676,1
854848,1046829,1
949935,1046878,1
854702,1046900,2
854775,1046932,1
957049,1047056,1
854930,1047234,1
854778,1047307,1
854781,1047493,2
854857,1047527,1
854938,104782,1
854714,1047855,1
951536,1047878,1
854940,1048014,1
854716,1048015,1
854941,1048040,1
854865,1048091,1
947887,1048193,1
854719,1048221,1
854791,1048242,1
854721,1048280,1
854795,1048384,1
854949,1048501,1
951245,1048932,2
854878,1048962,2
854880,1049072,1
854881,1049230,1
854735,1049270,1
854962,1049590,1
854963,1049751,1
854739,1049770,1
854886,1049842,1
854887,1049891,1
854969,1049912,2
854971,1050043,1
854891,1050105,1
855129,1050616,1
952047,1050718,1
855053,1050767,1
855132,1050809,1
951008,1050812,1
947321,1050988,1
855057,1051036,2
854987,1051143,1
855212,1051240,1
855061,105128,1
855063,1051443,1
947855,1051629,1
855069,1051805,1
855070,1051876,1
855231,1052582,1
855082,105272,2
855014,1052937,1
855015,1052986,1
855018,105315,1
855241,1053164,1
855095,1053542,1
855025,1053587,1
949901,1053594,1
855026,1053673,1
855175,105373,1
855177,1053874,1
855028,1053898,1
945797,105411,1
855104,1054177,1
855256,1054223,1
855183,1054232,1
855034,1054238,2
855188,1054426,1
855040,1054524,1
855263,1054538,2
855265,105465,1
951382,1054759,1
855269,1054849,1
851372,1054890,1
855276,1055008,2
855576,1055028,1
855422,1055040,1
855578,1055085,1
855425,105524,1
855580,1055249,1
855282,1055380,1
855582,1055415,2
855287,1055749,1
855432,1055752,1
946795,1055923,1
855360,1055930,1
855435,1055975,1
855590,1055995,2
855291,1056019,1
855362,1056050,1
855591,1056079,1
855592,1056098,1
855439,1056211,1
855594,1056217,1
855440,1056239,2
855441,1056312,1
855445,1056552,1
949570,1056578,2
855371,1056591,1
855303,1056746,2
855375,1056756,1
855604,1056773,2
855450,1056839,1
855378,1056907,2
947863,1057081,1
855383,1057235,1
855384,1057287,1
855460,1057396,1
855615,1057449,1
855315,105745,1
855462,1057663,2
855617,1057698,3
855463,1057748,1
850891,1057778,1
855321,1057928,1
855467,1057956,1
855393,1058016,2
855323,1058054,1
855469,1058068,2
954419,1058094,2
855396,1058209,1
855472,1058218,1
855627,1058247,2
855473,1058266,1
855475,1058390,1
855634,1058605,1
855635,1058692,1
855407,1058846,1
946382,1058999,1
855410,1059001,1
855411,1059093,1
949852,1059096,1
855342,1059116,2
855412,1059152,1
855644,1059217,1
855490,1059246,1
855414,1059248,1
945532,1059287,1
855647,1059310,1
855417,1059332,1
855496,1059426,1
855503,1059527,1
855505,1059604,1
855802,1059635,1
855655,1059749,1
855727,1059764,1
855656,1059800,2
950502,1059923,1
855511,1059931,1
855512,1059971,1
855660,1060118,2
945727,1060162,1
855515,1060198,1
855517,1060249,1
855814,1060301,1
855667,1060505,1
855520,1060507,1
855818,1060654,1
855522,1060676,1
855822,1061004,1
855527,1061075,2
855528,1061167,1
949243,1061225,1
855748,1061284,1
855827,1061293,1
855531,1061330,1
855750,1061400,1
954136,1061430,1
855751,1061485,1
855684,1061715,1
855685,1061762,1
855757,1061834,1
855836,1061869,1
855758,1061878,1
855837,1061886,2
855759,1061944,1
855760,1061956,1
855761,1061993,1
855544,1062028,1
855772,106274,1
855851,1062749,1
855702,1062764,1
855703,1062831,1
855774,1062852,1
855853,1062858,1
855778,1063093,1
855708,1063128,1
855561,1063140,1
855709,1063223,1
855781,1063266,1
855861,1063356,1
855784,1063403,1
855713,1063430,1
855786,1063462,1
855571,1063673,1
855952,1063858,1
855955,1064108,1
855876,1064174,1
855798,1064263,1
856104,1064299,1
855880,1064390,1
856106,1064441,1
856031,1064626,1
855964,1064649,1
856113,1064920,1
850817,106501,2
952842,1065048,1
856039,1065086,1
855892,1065096,1
856041,1065239,1
855974,1065335,1
855976,1065439,1
856124,1065640,1
855899,1065649,1
856126,1065825,1
856053,1066289,1
855908,1066466,1
855909,1066543,1
856135,1066602,1
856137,1066787,1
855913,1066793,1
855992,1066843,1
950139,1066880,1
855994,1066954,2
856142,1067269,1
855997,1067361,1
856143,1067435,1
954766,1067474,1
855921,1067597,1
856002,1067651,1
855925,1067707,1
856072,1067792,1
856151,106782,2
855928,1067949,1
856007,1067952,1
856076,1068066,1
855931,1068073,1
856077,1068083,1
856012,1068205,2
856158,1068234,1
855937,1068377,2
856161,1068473,2
856017,1068511,1
856163,1068671,2
955382,1068802,1
947804,106892,1
856024,1069345,1
856092,1069389,1
856170,1069395,1
856094,1069543,1
856327,1069601,1
856328,1069679,3
856174,1069707,1
856330,1069812,1
856098,1069823,1
856179,1069899,2
856404,1070082,1
856337,1070209,1
856185,1070234,2
856343,1070760,1
890614,238926,1
890554,239158,1
890411,239355,1
890412,239407,1
890558,239521,1
890481,239522,1
890559,239584,2
890417,239722,3
890562,239748,2
890485,239797,1
890563,239833,1
890565,239892,1
890488,239921,1
890496,240356,2
890638,240562,1
890501,240765,1
955260,240790,1
890434,24082,1
890437,241033,1
890438,241133,1
890669,241282,1
890510,241312,1
890512,241447,1
890590,241576,1
890824,24182,1
890677,241875,1
851382,242057,2
890826,242160,1
890678,242192,1
890658,242253,1
890750,242456,1
890832,24258,1
890833,242670,1
951134,243147,1
890837,243203,2
890759,243421,1
890901,243461,1
890840,243466,1
890907,244494,1
890700,244854,1
890701,245004,1
890703,245221,3
890854,245420,1
890856,24560,1
890860,245798,1
890783,245953,1
890864,24603,1
890785,246112,1
890719,24619,2
890869,246228,1
890790,246339,1
890795,246595,1
890941,247032,1
890880,247034,3
890947,247497,1
890887,247529,2
890949,24755,1
890809,247559,1
890812,247702,1
890813,247724,1
890815,247836,1
890956,247841,2
890895,247914,1
890898,247988,1
891128,248022,1
890961,248047,2
891129,24806,1
891132,248185,1
891137,248435,2
891056,248460,1
890990,248462,2
957145,248492,1
890970,248499,1
891057,248587,1
891139,248624,1
891059,248681,1
850818,248702,1
890995,248938,2
891065,249037,1
891147,249130,1
891150,249340,2
948601,249390,1
891214,249412,1
891072,249426,1
891157,249792,1
891221,250008,1
891224,250264,1
891083,250444,1
891016,250448,1
891088,250695,1
891023,250909,1
891024,250939,2
891172,250964,1
891173,251079,1
891026,25110,2
891030,251455,1
891240,251477,1
959761,251507,1
891179,251596,1
891099,25160,1
891180,251657,3
891181,25171,2
891034,251719,1
891184,251880,1
952263,251955,1
891248,251970,1
891041,25220,2
891189,25222,1
891112,252397,1
891194,252547,1
891115,252681,2
952472,25272,1
891049,252764,1
891200,252982,1
891284,253014,1
891285,253094,1
891294,253519,2
891516,253557,1
891295,253566,1
891364,253682,1
891279,253864,1
891526,254237,1
891437,254261,1
891306,254276,1
891530,254427,1
891309,25449,1
891312,254748,2
891534,254790,1
891380,254802,1
891381,254851,1
891536,254936,1
891539,255246,1
953929,255309,1
891320,255414,2
891389,255627,2
891453,255664,1
891323,255713,1
891549,256042,1
891550,256140,1
891461,256341,1
891553,25639,2
891557,256655,1
891466,256674,2
891559,256822,1
891338,256867,1
891340,257005,1
891341,257031,1
891408,257072,2
891342,257098,1
891473,257149,2
891565,257173,1
891410,257185,1
851398,257199,1
891567,25730,1
891412,257318,1
891346,257319,1
891413,257372,2
891350,257765,1
891418,25786,1
959864,258157,1
891422,258237,1
891487,258432,2
891589,259013,1
891743,259527,1
891595,25957,2
891744,259597,1
891664,259732,1
891598,259741,2
891747,259772,1
891604,260271,1
891753,260298,1
891813,260325,3
891814,260347,1
891674,260438,1
891676,26053,1
891681,26083,1
891617,260924,1
891684,260974,1
891618,26100,1
891622,261200,1
947451,261561,1
891631,261663,2
891633,261782,1
891841,261788,1
891783,261971,1
891702,261981,1
891636,26202,1
891784,262041,1
891786,262169,1
891707,262275,1
891708,262301,1
856192,1070803,1
947878,1070884,1
856263,1070910,1
856416,1071036,1
856417,1071157,1
856196,1071159,1
856349,1071245,1
856350,1071377,1
856420,1071383,1
856200,1071420,1
856270,1071426,1
856422,1071439,1
856271,1071455,1
856354,1071635,1
856425,1071649,1
856205,1071686,1
856356,1071691,1
959191,1071871,1
856430,1071880,1
856211,1071977,1
856212,1071996,1
856434,1072011,1
949476,1072188,1
856365,1072228,1
856366,1072254,1
856367,1072294,1
856223,1072642,1
856373,1072649,1
856294,1072731,2
856448,1072899,2
856227,1072913,1
856377,1072979,1
856228,1073018,1
856378,1073023,1
856451,1073106,1
952765,1073109,1
856381,1073141,2
856301,1073144,1
856232,1073159,2
856386,107361,1
856306,1073661,1
856238,1073734,1
856388,1073750,1
856239,1073805,2
856462,1073885,1
856312,1073968,1
947880,1073993,1
856243,1073997,1
856396,1074124,1
856468,1074153,2
856317,1074202,1
856249,1074271,1
856550,1074276,2
947374,1074311,1
856321,1074392,2
856473,1074395,1
856552,1074409,1
856476,1074470,1
856480,1074666,1
856626,1074670,1
856706,1074765,1
856629,1074794,1
856707,1074795,1
856709,1074829,1
856710,1074854,1
856487,1074874,1
856711,1074934,1
856567,1075118,2
856491,107514,1
856637,1075212,1
856717,1075269,1
856495,1075292,1
856641,1075420,2
856497,1075464,1
856498,1075486,3
856643,1075506,1
856576,1075524,1
856645,1075571,1
946402,1075593,1
856502,1075686,1
856579,1075693,1
856580,107575,1
856504,1075826,2
856730,1075995,1
856585,1076013,1
856510,1076125,1
856654,1076186,1
856656,1076257,1
856590,1076289,1
856657,1076292,1
856515,1076409,1
856593,1076482,2
856740,1076534,1
856519,1076695,1
856520,1076752,2
856524,1076897,2
856525,1076944,1
856603,1076966,2
856526,1076986,1
856604,1076993,1
856605,1077108,1
947291,1077134,1
951359,1077156,1
856672,1077175,1
953852,1077313,1
856607,1077322,1
856752,1077347,1
856612,1077667,1
856757,1077690,1
856682,1077850,1
856538,1077875,2
856619,1078107,1
856622,1078238,2
856689,1078240,2
856623,1078262,1
856770,1078388,1
856999,1078540,1
946638,1078605,1
857078,1078645,1
856850,1078683,1
857081,1078768,1
856853,1078847,2
856785,1078857,2
856854,1078871,1
856855,1078897,1
857086,1078996,1
856788,1079011,1
856858,1079075,2
856790,1079111,1
856793,1079225,1
856796,1079423,1
857097,1079628,2
856866,1079635,1
856800,1079673,1
857099,1079725,1
856801,1079745,1
857101,1079864,1
954464,1080140,1
947020,1080221,1
856875,1080270,1
857031,1080373,1
856879,1080526,1
857035,1080615,1
851001,1080810,1
947781,1080964,1
856886,1080990,1
856824,108119,1
856891,1081233,1
949279,1081251,1
856895,1081391,1
856896,1081416,1
857127,1081424,1
856831,108147,1
857129,1081502,1
856899,1081509,1
856900,1081537,1
856901,1081546,1
856902,1081575,1
857056,1081577,2
857139,1081830,1
856842,1081846,1
857141,1081900,1
857142,1081937,1
856845,1081938,2
856912,1081940,2
856846,1081963,1
856914,1082002,1
857070,1082084,1
856926,1082183,1
857226,1082200,2
857152,1082318,1
857231,1082336,1
856932,1082337,1
857302,1082372,1
954727,262316,1
891790,262370,1
891853,262466,1
891793,26247,1
891854,262496,1
891647,262532,2
891795,26255,2
891715,262597,1
891798,262656,1
891653,262772,1
891655,262836,1
891724,2630,3
891866,263008,1
891726,263066,1
954612,263093,1
891727,263098,1
891728,263208,2
892117,263292,1
892118,263318,1
891874,263390,1
891898,263547,1
891880,263740,1
891907,26408,1
891912,264406,1
892043,264410,1
891913,264418,1
891979,264518,1
892139,264590,1
892048,264729,1
892142,264799,1
891921,264998,1
892052,265005,1
892148,265208,2
892150,265384,1
850994,265392,1
892060,265545,1
891996,265567,1
891998,265699,1
892000,265801,1
892160,265871,1
892067,265915,1
892161,265934,1
892004,266030,1
892076,266532,1
892077,26656,1
892015,266764,1
892174,266853,1
891951,266903,1
892175,266932,1
891956,267308,3
891959,267526,2
892091,267693,2
892187,267864,1
892193,267943,1
892190,268061,1
892032,268141,1
892197,268346,1
892100,26844,3
892102,268594,2
892201,268659,1
892273,268670,1
892104,268731,2
892107,268988,1
892111,269267,1
892214,269660,1
892358,269729,1
947741,269779,1
892426,269949,1
892362,269975,1
892427,270051,1
892293,270137,1
892364,270150,1
892294,270211,1
959564,270223,1
892430,270259,1
948612,270343,1
892367,270500,1
892435,270697,2
892370,270776,1
945591,271018,1
892374,271167,1
892308,271523,1
892378,271550,2
892379,271649,1
892446,271704,1
892313,272029,1
892383,272054,1
892451,272217,1
892316,272244,1
892322,272971,2
892458,272982,1
892398,27329,1
892399,273352,1
892258,27337,1
892466,27347,2
892472,273889,2
892337,27391,3
892408,274062,1
892410,274237,1
948617,274528,1
892576,274535,1
892479,274656,1
892420,274958,1
892487,274997,1
892503,275408,1
892496,275631,1
892507,275653,1
892743,275739,1
892508,275741,1
892652,275791,1
892513,276015,2
892601,276092,1
892516,276179,2
892751,276266,1
892521,276426,1
892525,276663,1
892613,276669,1
892760,276717,1
892526,276720,1
892765,276901,1
892769,277046,1
954265,277047,1
892771,277182,2
892540,277341,1
892542,277437,1
892685,27745,1
892776,277455,1
892686,277476,1
892544,277517,1
892687,277590,1
892780,277699,1
892787,278245,1
850916,278280,1
892648,278618,2
892704,278621,2
892562,278653,1
892564,27875,2
892569,279143,1
892879,279224,1
892713,279305,2
892812,279602,1
892955,279673,1
955090,279801,1
892887,280035,1
892960,280180,1
892723,280197,3
892961,280257,1
892894,280452,1
892823,280491,1
892900,280905,1
892972,280980,1
892831,281034,1
892905,281132,2
892976,281139,1
892979,281222,1
851269,281280,4
892982,281530,2
892842,281587,2
892986,281730,1
951923,281963,1
851654,282084,2
951721,282411,1
892931,28296,3
892862,283045,2
893067,283047,1
892934,28306,1
893006,283239,1
892866,283255,1
892867,283301,3
892941,283590,1
892943,28373,1
892873,283739,1
893078,283746,2
850909,283879,1
892946,283884,1
892877,284029,1
892948,284052,1
893019,284161,1
892950,284175,1
893182,284439,2
892952,284458,1
893184,284578,1
893028,285056,1
951764,285110,1
893105,285249,1
893338,285464,1
893096,285594,1
893100,285806,1
893101,285837,1
893113,285930,1
893202,286303,1
857153,1082376,1
947371,1082389,1
857154,1082464,1
857304,1082518,1
948714,1082553,1
857156,1082611,1
857308,1082673,1
955186,1082738,1
857162,1082813,1
946284,1082871,1
857164,1082898,1
856944,1082902,1
857245,1082972,1
857316,1083049,1
857167,1083079,2
857168,1083169,1
857170,1083308,1
856950,1083376,1
857321,108348,1
856959,1083813,1
857329,1083838,1
857180,1083844,1
946962,1083977,1
857335,1084027,1
947362,1084168,1
857341,1084318,1
856973,1084446,1
857195,1084506,1
856978,1084756,1
857348,1084779,1
857199,1084808,2
857200,1084932,1
857282,1085068,1
856984,1085112,1
857354,1085120,1
857205,108515,1
856986,1085223,1
857286,1085274,1
857208,1085291,1
951980,1085344,1
857291,1085517,1
856992,1085532,1
951643,1085613,1
856996,1085701,1
857218,1085831,1
857370,1085973,1
857373,1086194,1
857382,1086281,2
857459,1086318,1
857531,1086369,1
857461,1086521,2
857533,1086561,1
857463,1086616,1
857535,1086630,1
857387,1086644,1
857544,1087096,1
857545,1087145,1
857618,1087221,3
857547,1087237,1
857478,1087339,1
857550,1087375,1
952739,1087454,1
857481,1087642,1
857554,1087661,1
857555,1087785,1
857628,1087908,1
857631,1088095,1
857489,1088182,1
857563,1088256,1
857636,1088327,1
857637,10884,1
857566,1088430,1
951700,1088467,1
857495,1088548,1
947203,1088764,1
857643,1088817,1
857574,1088895,1
857646,1088947,1
857504,1089015,1
857648,1089016,1
857430,1089174,1
955470,1089182,1
857509,1089252,2
857653,1089316,1
946666,1089345,1
947546,1089367,1
949044,1089616,1
857658,1089710,1
857589,1089836,2
857664,1090036,1
950072,1090045,1
857665,1090065,1
857595,1090073,1
952770,1090087,1
857666,1090131,2
857596,1090133,1
857597,1090232,1
857669,1090335,1
857449,1090365,1
857670,1090421,1
857755,1090468,1
857756,1090484,2
857826,1090488,1
951416,1090491,1
857681,1090699,1
857831,1090786,1
857832,1090827,1
857687,1090947,1
857835,1090960,1
857908,1091030,1
857690,1091132,1
857768,1091143,1
857838,1091203,1
857771,1091305,1
857917,1091490,1
857701,1091635,2
950447,1091657,1
857702,1091700,1
851194,1092050,1
857710,109211,1
857712,1092216,1
857933,1092407,1
857715,1092457,2
949148,1092601,1
945763,1092624,1
857936,1092631,1
857865,1092639,1
857866,1092701,1
857721,1092813,1
857939,1092820,1
857723,1092905,1
857798,1092910,1
959823,1093028,1
857800,1093106,2
951707,1093175,1
946826,1093194,1
857727,1093199,1
949049,1093361,1
857876,1093443,1
857947,1093529,2
857806,1093562,1
857814,1093950,1
857740,1094053,1
857887,1094083,1
857742,1094150,1
857821,1094343,2
857963,1094350,1
958356,1094370,1
857964,1094374,1
857965,1094399,1
857966,1094435,1
857968,1094562,1
857898,1094565,2
857901,1094807,1
857972,1094868,1
857979,1094891,1
858053,1094894,1
857980,1094963,1
858054,1094967,1
955069,1095061,1
959222,1095124,1
857985,1095159,1
857987,1095235,1
955456,1095237,1
857989,1095287,1
858135,1095335,1
858203,1095376,1
858065,1095399,2
858204,1095401,1
858139,1095517,2
858069,1095558,1
858141,1095593,1
858072,1095649,1
858210,1095652,1
863550,1180217,1
863628,1180224,1
863629,1180274,1
863406,1180409,1
863408,1180622,1
863412,1180931,1
863639,1181016,2
863491,1181236,1
863492,1181342,1
863565,1181474,1
863643,1181492,1
863419,1181526,1
863420,1181579,1
863567,1181584,1
863568,1181639,2
863423,1181835,1
863498,1181928,1
863649,1181972,1
863427,1182112,1
863654,1182353,1
863432,1182545,2
863579,1182548,1
947940,1182719,1
863581,1182779,1
863510,118288,1
863436,1182881,1
863437,1182928,1
863584,1182950,1
863662,1182965,1
863663,1183034,1
863745,1183129,1
863666,1183155,1
863673,1183441,1
863674,118359,1
863820,1183592,1
863898,1183594,1
863750,1183811,1
863751,1183857,1
863902,1184,1
863682,1184138,1
863757,1184172,1
863758,1184240,1
863684,1184256,1
863908,1184287,2
863759,1184359,1
863832,1184547,1
863910,1184558,5
863834,1184749,1
863690,1184890,1
863836,1184956,1
947256,1185167,1
921281,1185314,1
953848,1185383,1
863919,1185414,1
955493,1185418,1
863771,1185683,1
863697,1185750,1
863844,1185940,1
863773,1185966,1
863846,1186053,1
863775,1186080,1
863702,1186195,1
863777,1186238,2
949967,1186293,1
863850,1186312,1
863853,1186588,2
863782,1186604,1
863854,1186629,1
863709,1186673,1
952473,1186764,1
863935,1186927,1
863787,118700,1
863860,118711,1
863861,1187163,2
863716,118724,1
863940,1187286,1
863717,1187289,1
947952,1187490,1
863943,1187497,1
863944,1187518,1
863721,1187592,2
947953,1187978,1
863801,1187996,1
863728,1188125,2
863874,1188137,1
863804,1188199,2
863730,1188201,1
947954,1188220,1
863879,1188373,2
863808,1188415,1
863737,1188554,1
863883,1188559,1
863884,1188590,1
863961,1188598,1
947965,1188692,1
863885,1188694,2
863817,118886,1
863819,1188954,2
951954,1189219,1
863970,1189226,1
864124,1189260,1
864279,1189261,1
864127,1189396,1
945705,1189432,1
864050,1189520,2
863981,1189605,1
864051,1189608,1
864052,1189643,1
863983,1189673,1
947966,1189747,1
864289,1189822,1
863986,1189827,1
864290,1189840,1
863989,1190094,1
863991,1190174,1
864141,1190247,1
863993,1190307,1
950299,1190476,1
864064,1190496,1
864298,1190516,1
863995,1190538,1
864066,1190621,1
947222,1190735,1
864147,1190872,1
954639,1190993,1
864150,1191182,1
864305,119123,1
864152,1191284,1
864308,1191414,1
864075,1191463,2
864156,1191640,1
864311,1191641,2
864078,1191657,1
864313,1191766,2
864159,1191872,1
864162,119198,1
864163,1192023,1
864164,1192179,1
864319,1192187,3
864018,1192401,1
864167,1192428,2
954171,1192611,1
864170,119270,2
864325,1192705,1
864023,1192885,1
864024,1193059,1
864026,1193209,1
864096,1193249,1
864175,1193258,1
864330,1193281,2
864027,1193286,1
864028,1193451,1
953917,1193576,1
864030,1193609,1
864179,1193619,1
959132,1193667,1
864031,1193736,1
864180,1193760,1
864335,1193768,1
864336,1193821,1
864104,1193910,1
864037,1194079,1
864187,1194134,1
864343,1194238,2
864189,1194247,1
864191,1194313,1
864113,1194356,2
864192,1194379,1
864350,1194546,1
864117,1194552,1
864351,1194572,2
864202,1194581,1
864119,1194651,1
864503,1194681,1
864199,1194713,1
893349,286484,2
893118,286557,1
850691,286615,1
955253,287063,1
893217,287389,1
893131,287537,1
959040,287566,1
893219,287645,1
893133,287682,2
850612,287754,1
893276,287812,1
893367,28796,1
959898,288009,1
893283,288329,1
893230,28843,2
893232,288505,1
893377,28853,1
893289,288706,2
893290,288823,1
893291,288856,1
893150,288864,1
893382,288894,1
893386,289204,1
893159,289365,1
893160,289386,1
953551,289476,1
893303,289493,1
893393,289495,2
893395,289634,1
893165,289655,2
948607,289743,1
893167,289838,1
893401,289991,1
893171,290039,1
893311,290085,1
893312,290139,2
893173,290153,1
893174,290227,1
893489,290262,1
893560,290274,1
959391,290280,1
946501,290338,1
893491,290387,1
893178,290397,1
893320,290486,1
893323,290533,1
893412,290589,1
893570,29062,1
893326,290654,1
893501,290770,1
893417,290919,1
893637,290932,1
947112,290974,1
893580,291132,1
893642,29124,1
893513,291358,1
893428,291401,1
893649,291466,1
893520,291647,1
893438,291881,1
893657,29191,1
893529,292043,1
893535,292326,1
893607,292351,2
893537,292403,1
893609,292426,2
893451,29243,1
893672,292602,1
893541,29262,3
893613,292634,1
893543,292684,1
893544,292712,1
893617,292755,1
893621,292980,1
893550,293004,1
893464,293023,1
893624,29310,3
893553,293110,1
893625,293168,1
893467,293170,1
893554,293173,1
893686,293179,1
893557,29329,1
893471,293316,1
893692,293435,1
893791,293494,1
893793,293577,1
893696,293662,1
893480,293721,2
893699,293737,1
893942,293814,1
893943,293891,1
893715,294104,1
893948,294178,2
893807,29431,1
850765,294433,1
893711,294454,2
893712,294564,2
893723,294584,1
893727,29477,1
893868,294792,1
893869,294810,1
893963,294909,1
893732,294910,1
893878,295127,1
893738,295169,1
893879,295197,1
893827,295212,1
893742,29539,1
952303,295437,1
893832,29545,1
893834,295553,1
893835,295664,1
893978,295677,1
893979,295710,1
850790,295822,1
893981,295832,1
893752,29588,1
893894,295955,1
893985,296016,1
893842,296051,2
893844,296143,2
893847,296341,1
893905,296542,1
893765,29657,1
893766,296646,1
893852,296653,1
894000,296864,2
893856,296921,1
954852,296922,1
893911,296925,1
894001,296944,2
955199,296994,1
948615,297066,1
894007,297323,2
894094,297538,1
893786,297834,1
850327,297846,3
893928,298007,1
894103,298067,1
894016,298149,1
893933,298186,1
894106,298225,1
894181,29828,1
893936,298308,1
894109,298344,1
893938,298382,1
894247,298425,2
894112,298440,2
894030,298751,1
894031,29878,1
894197,299087,1
894124,299099,2
894199,299190,1
894039,29927,1
894040,299308,1
894042,299468,1
894130,299474,1
894207,299769,1
894209,299868,1
894136,299884,1
894272,299897,1
894210,299928,2
894212,30,2
894139,300026,1
894275,300045,1
894276,30013,1
894217,300277,1
894056,300279,1
894057,300305,1
894147,300404,1
894148,300437,1
894223,300501,1
894286,300574,1
894227,30076,1
951236,300881,1
894159,301146,1
894296,301165,2
894073,30118,1
894074,301274,1
894236,301340,2
894325,301771,1
894309,301957,1
894086,301962,3
894556,30202,2
894087,302025,1
894331,302101,1
894558,30211,1
894315,30230,1
894561,302302,1
950144,302331,1
894562,302372,1
858211,1095702,1
858212,1095772,2
945665,1095853,1
858003,1095883,1
858149,1095944,1
851004,1096016,1
947889,1096027,1
858151,1096044,1
858221,1096117,2
858010,1096181,1
858155,1096199,1
858156,1096224,2
858225,1096255,1
858014,1096322,1
858089,1096326,2
858161,1096499,1
958810,1096520,1
858231,1096551,1
858232,1096575,1
858163,1096576,1
858233,1096582,1
858098,1096697,2
952133,1096809,1
858239,1096819,1
949781,1097036,1
858244,1097077,1
858174,1097082,1
858245,1097145,1
858108,1097155,1
858246,1097156,1
958716,1097209,1
945572,1097240,1
954998,1097277,1
947893,1097289,1
858036,1097294,1
958489,1097371,1
858182,1097414,1
858253,1097444,1
858116,1097483,1
858122,1097686,3
959775,1097805,1
858262,1097839,1
858500,1098039,1
946191,1098111,1
946401,1098141,1
858350,1098167,2
858504,1098246,1
858279,1098268,2
851373,1098282,1
858352,1098288,1
858281,1098380,1
858425,1098424,1
858428,1098561,1
858511,1098572,2
858286,1098581,1
858512,1098612,1
858430,1098638,2
858513,1098648,1
858289,1098681,1
858518,1098828,1
858437,1098898,1
953591,1098914,1
858438,1098919,1
858441,1099016,1
949985,1099042,1
858374,1099076,1
858446,1099196,1
858376,10992,1
858532,1099321,2
858451,1099431,2
858452,1099530,1
858314,1099714,1
858388,1099721,1
858315,1099746,1
858316,1099772,2
858460,1099775,1
858463,1099904,1
858546,1099918,1
858320,1099924,1
947905,1099930,1
858323,1100006,2
946582,1100031,1
858468,1100045,1
858470,1100137,2
858327,1100161,1
956714,1100163,1
858402,1100185,1
858403,1100203,1
858404,1100227,1
858405,1100264,1
858558,1100307,1
858333,1100319,1
858407,1100339,1
858334,1100386,1
858408,1100402,1
858336,1100499,1
858562,1100554,1
858411,1100582,1
858338,1100590,1
858412,1100625,1
858339,1100659,2
858483,1100665,2
858565,1100682,1
858417,1100884,1
858418,1100937,1
950782,1100949,1
858717,1100978,2
858718,1101020,1
858420,1101049,1
858719,1101076,1
858491,1101101,1
858494,1101332,1
858649,1101504,1
858798,1101655,1
858654,110174,1
858802,1101825,1
850809,110184,1
858803,1101905,1
858656,1101910,1
949797,1102128,1
858590,1102151,2
858660,1102227,1
947097,1102301,1
858593,1102332,1
858663,1102363,1
858741,1102379,1
858594,1102430,1
858742,1102432,1
858595,1102507,1
858813,1102526,1
858666,1102533,1
858597,1102632,2
858598,1102707,1
858817,1102731,1
858600,1102766,1
858671,1102788,1
858601,1102792,1
949811,1102840,1
858751,110287,1
858821,1103006,2
858675,1103009,1
858607,1103105,1
858759,1103221,1
858612,1103243,1
858760,1103245,1
858614,1103333,1
858831,110335,1
858686,1103388,1
858834,1103480,2
858618,1103510,1
858690,1103636,2
858769,1103703,1
858621,1103734,1
858771,1103791,1
858623,1103827,1
858772,1103850,1
858773,1103876,1
858625,1103941,1
858774,1103943,1
858843,1103949,2
858701,1104232,1
858702,1104263,1
858779,1104291,1
858703,1104325,1
858706,1104573,2
858784,1104660,1
946122,1104686,1
858637,1104716,1
858638,1104755,1
858786,110479,1
858856,1104790,1
858710,1104811,1
947912,1104819,1
858787,1104874,1
851392,1105297,1
864505,1194744,1
864506,1194826,1
864123,1194885,1
864427,1194889,1
864428,1194941,2
864356,1195216,1
864513,1195273,2
864217,1195455,1
950147,1195795,1
864220,1195833,1
864364,1195871,2
864224,1195989,1
864225,1196021,1
956833,1196034,1
864227,1196106,1
864447,1196142,1
864228,119618,1
864230,119637,1
864374,1196448,1
864451,1196476,1
952310,1196503,1
864534,1196808,1
945583,1196956,1
864538,1197100,1
864387,1197731,1
864388,1197794,1
864248,119796,1
864470,1198221,3
864550,1198305,1
864471,1198354,2
864552,1198392,1
864254,1198415,1
955138,1198424,1
864397,1198425,1
947962,1198429,1
864255,1198515,1
864555,1198604,1
864259,1198807,1
864479,1198819,1
864480,1198929,1
947115,1198987,1
954064,1199012,1
864481,1199052,1
864264,1199179,1
959036,1199288,1
864267,1199447,1
864268,1199516,2
864410,1199523,1
864568,1199597,1
864270,1199674,1
864490,11997,1
864491,119981,1
864274,120012,2
864575,1200147,1
864496,1200178,1
864498,1200350,1
946597,1200364,1
864500,1200518,1
864733,1200576,1
864807,1200770,1
864808,1200866,1
945523,1200970,1
864740,1201146,1
954076,1201147,1
864591,1201190,1
864660,1201191,2
864742,1201277,1
864593,1201283,1
864815,1201365,1
864816,1201394,1
864664,1201415,1
947344,1201472,1
864746,1201504,3
864598,1201618,1
864749,1201696,1
864602,1202013,1
947963,1202014,1
864753,1202157,1
864604,1202252,1
864673,1202260,1
864754,120229,1
864605,1202356,1
864827,1202394,1
956937,1202927,1
864679,1202975,1
864834,1203075,1
864835,1203179,1
864837,1203267,2
864685,1203456,1
864767,1203522,1
864618,1203530,1
864771,1203764,1
864622,1203773,1
950258,1203854,1
864690,1203860,1
949308,1203879,1
864691,1203904,1
864845,1203968,1
864692,120402,1
864625,1204100,2
864847,1204150,1
864777,1204258,1
864628,1204361,1
864778,1204462,1
864851,1204473,1
864698,120453,1
864780,1204536,2
954101,1204544,1
864635,1204804,2
864703,1204812,2
864707,1205302,1
864861,1205324,1
864790,1205432,1
864710,1205504,2
864792,1205539,2
864642,1205555,1
864865,1205704,1
864866,1205727,1
864794,1205758,1
864868,1205895,2
864871,1206376,1
864718,1206397,1
864873,1206630,1
864874,1206697,1
864802,1206715,1
864652,1206748,1
864721,1206749,1
864804,1206866,1
864877,1206917,2
864725,1207034,1
945771,1207184,1
864881,1207283,1
955535,1207439,1
865039,1207618,2
864968,1207627,1
864969,1207696,1
864886,1207726,1
865044,120785,2
865124,1207867,1
864973,1207871,1
864889,1207902,1
865045,1207905,1
865046,1207980,1
865128,1208165,1
864978,1208226,1
864982,1208762,1
865134,1208781,1
864899,1208803,1
947584,1208897,1
865056,1208905,2
865137,1208944,1
864902,1209008,1
865138,1209042,1
865059,1209057,1
864905,1209162,1
865142,1209375,1
865066,1209846,1
864912,1210015,1
865071,1210239,1
950717,1210371,1
865074,1210413,2
959836,1210435,1
864919,1210488,1
865075,121049,1
865006,1210813,1
865078,1210903,1
865159,1211023,1
865081,1211182,2
865162,1211274,1
864927,1211310,1
865012,1211455,1
864928,1211489,1
952141,1211558,1
865084,1211585,1
865168,1212006,1
852798,1014353,1
852577,1014371,1
852725,101442,1
852727,1014513,2
852652,1014534,1
852729,1014574,1
852807,1014676,1
852658,1014745,1
852809,1014772,1
852659,1014784,1
852661,1014892,1
951869,101490,1
852814,1015088,1
852594,1015102,2
852741,1015109,1
852669,1015209,2
852745,1015246,1
852820,1015253,1
852599,1015265,1
852674,1015412,1
852750,1015429,1
947719,1015451,1
852605,1015506,1
852827,1015536,1
852678,1015565,1
852754,1015581,1
852829,1015582,1
852609,1015618,1
852756,101562,1
852683,1015691,2
852759,1015727,3
852834,101575,1
852835,1015821,1
852614,101585,1
954394,1015878,1
852761,1015880,1
852762,1015902,1
852620,1016032,1
958869,1016056,1
852842,1016090,1
852769,1016173,2
852623,1016182,1
852771,1016198,2
852847,1016223,1
852697,1016225,1
852628,1016384,1
959878,101649,1
852705,1016548,1
852781,1016568,1
852708,1016635,1
853005,1016643,1
851364,1016653,1
853086,1016741,1
852937,1016919,1
852938,1016951,1
853091,1017003,1
852939,1017015,1
953037,1017039,1
853015,1017172,1
951174,1017199,1
949231,1017203,1
852942,1017214,1
852943,1017286,1
853018,1017292,1
852875,1017349,1
853020,101735,1
853021,1017387,1
852877,1017405,2
853022,1017407,1
852881,1017559,1
949354,1017585,2
852953,1017655,1
852883,1017668,1
853028,1017722,1
852884,1017769,1
957283,1017802,1
853109,1017967,3
853113,1018148,1
853038,1018264,1
852964,1018304,1
853041,1018464,2
852969,1018592,1
852901,1018779,1
852907,1019163,2
853129,1019189,1
852978,1019203,1
852908,1019204,1
853131,1019305,1
852980,1019308,1
852912,1019408,1
853134,1019451,1
852985,1019590,1
853137,1019610,1
852986,1019615,1
852918,1019684,1
853064,101978,2
853141,1019783,1
852921,1019865,2
853067,1019919,1
852923,1019929,1
852994,1019953,1
852925,1020001,1
853149,1020141,2
851399,1020153,1
853074,1020178,1
951286,1020237,1
853154,1020272,1
853003,1020278,1
959692,1020363,1
853078,1020374,2
853155,1020389,1
951972,1020475,1
959494,1020711,1
947389,1020753,2
850784,1020785,1
853381,1020800,1
853162,1020865,1
853163,102089,3
853234,102090,1
853383,1020908,4
853384,1020936,1
853236,1020964,1
853385,1020990,1
853387,1021183,1
853172,1021406,1
949709,1021490,1
955478,1021583,1
853176,1021648,1
853247,1021794,1
853249,1021838,1
853325,1021849,2
853327,1021979,1
853183,1022026,1
853329,102205,1
853184,1022051,1
853331,1022073,1
853186,1022083,1
957071,102212,1
853333,1022156,1
853334,1022364,1
853190,1022431,1
851034,1022432,2
853338,1022678,1
853340,1022719,1
853265,102291,1
853421,1022919,1
853266,1023040,1
853343,1023055,1
853198,1023056,1
853344,1023094,1
850873,1023108,1
853201,102317,1
958722,1023181,1
853271,1023186,1
853427,1023199,1
853429,1023275,1
851396,1023335,1
853275,1023373,1
853277,1023472,1
853280,1023678,1
853212,1023709,1
853281,1023734,1
853284,1023895,1
853441,1023906,3
853285,1023926,1
853361,1023932,1
853290,1024351,1
853222,1024411,1
853223,1024452,1
853450,1024518,1
853453,1024686,1
853373,1024724,1
853456,1024789,1
853300,1024852,1
853301,1024988,1
894402,302400,2
940520,302450,1
894403,30251,1
894565,302564,1
894408,302704,1
894342,302723,1
894323,302730,1
894478,302789,1
894482,303011,1
894576,303092,1
894350,303105,1
894577,30312,1
894488,303246,1
894582,303307,1
894422,303352,1
894424,303512,1
948619,303548,1
894498,303773,1
894430,303792,1
894593,303902,1
894436,304050,1
894438,304233,1
894374,304327,2
894441,304352,1
894516,304590,1
894448,304603,1
894382,304623,1
894610,304683,1
894525,305055,1
894619,305133,1
894393,305183,1
894395,305406,1
894534,305584,1
894539,305854,1
894540,305918,1
894474,306009,1
851346,306062,1
894475,306063,1
894790,306138,1
894546,306163,1
894793,306310,1
894795,306424,1
894797,306589,1
894727,306689,1
894728,306747,2
894729,306799,2
894733,30693,2
894808,307160,1
894737,30723,1
894871,307246,1
894810,307333,2
894653,307516,2
894816,307737,1
894746,30776,1
894885,308039,1
894823,30804,1
894666,308145,1
894889,308265,1
946441,308299,1
894670,308400,1
894671,308440,1
894893,308463,1
894760,308489,1
894837,308711,2
894900,308774,2
894681,308853,1
894770,308895,1
894843,308981,2
894844,309013,1
894912,309307,1
894851,309310,1
894781,309363,1
894853,309388,1
955023,309478,1
894696,309483,2
894856,309552,1
894920,309792,1
958315,309808,1
895019,310197,1
894949,310348,1
895023,310464,1
895094,31047,1
895095,310522,2
895025,310556,1
895027,310735,1
895098,310738,1
895261,311052,1
894964,311154,2
894965,311190,1
951488,311380,1
895283,311422,1
895042,311473,1
895051,311934,2
921175,311979,2
895053,311999,2
894982,312005,2
956699,312023,1
894983,312049,1
895326,312051,1
895140,312063,1
895056,312108,2
895332,312132,1
895336,312201,1
895062,312375,1
895353,312441,1
895125,312540,1
894995,312639,1
895172,312719,1
895183,313028,1
895075,31317,1
895077,313208,1
895083,313498,1
895084,313538,1
895085,313648,1
895676,313778,1
895704,314100,1
952969,314120,1
895906,314192,1
895909,314272,2
895471,314428,1
895445,31444,1
895917,314457,1
895919,31453,1
895480,314630,1
895925,314704,1
896057,314737,1
895928,314749,1
895930,314824,1
896065,314892,1
895754,315069,1
959881,315120,1
895950,315143,1
895952,315182,1
895761,315185,1
895964,315342,2
895768,315353,1
895774,315602,1
895975,315709,1
896094,315786,2
895978,315788,1
896096,315838,1
895782,315862,1
896098,315865,1
895548,315883,1
895984,315929,1
895550,315932,1
896102,315962,1
895996,316095,1
895806,316193,1
895576,316308,2
896014,316460,1
896123,316484,1
896015,316492,1
896027,316762,2
896034,316951,1
895612,316962,1
895856,317062,1
896146,317110,2
896043,317151,1
851075,317329,2
896155,317401,1
896051,317595,1
851151,317635,1
896625,317713,1
896173,317809,1
896177,317877,1
896639,318021,1
896643,318110,1
896193,318161,1
896196,318192,2
896197,318238,1
896211,318244,2
896212,318290,1
896492,318303,1
959126,318478,1
896219,318493,1
896386,318513,2
895127,318668,1
896662,318670,1
896394,318730,1
896504,318771,1
896670,318834,1
896672,318922,1
896242,319381,1
896336,319500,1
896527,319532,1
896693,319577,1
896422,319712,1
896259,31988,2
896537,319920,1
896266,320134,1
858946,1105394,1
858947,1105491,1
858869,1105530,1
858865,1105616,1
858871,1105647,1
858872,1105734,1
858955,1105931,1
859103,1106052,1
858957,1106068,1
859024,1106113,1
959417,1106151,1
858880,1106194,1
858959,1106220,1
859106,1106270,1
858882,1106284,1
950930,1106337,1
859028,1106362,1
859108,1106374,1
949605,1106430,1
859029,1106467,1
858964,1106514,2
858965,1106557,1
859032,11067,1
859113,1106766,1
858892,1106998,1
859037,11070,1
859119,110718,1
959705,1107190,1
859041,1107288,1
859121,1107312,1
950730,11074,1
859043,1107404,1
858976,1107423,1
859044,1107461,1
951243,1107525,1
951281,1107676,1
859048,1107760,1
859049,1107824,1
859050,1107912,1
858983,1107946,1
858906,1107947,1
858985,1108263,1
859135,1108357,1
858911,1108383,1
958394,1108390,1
859136,1108392,1
859057,1108404,1
950898,1108692,1
858994,1108729,1
858995,1108785,1
859144,11088,1
858996,1108813,2
859067,1108990,1
859148,1109021,1
859001,1109107,1
949558,1109125,1
951489,1109260,1
859072,1109336,1
858930,1109516,1
859075,1109542,1
949177,1109615,1
859158,1109845,1
859010,110985,1
859011,1109886,1
858936,1110036,1
952718,1110220,1
947333,1110239,1
859170,1110402,1
946749,1110490,1
858943,11105,2
859172,111059,1
859247,1110663,1
954122,1110716,1
859092,1110770,1
947899,1110831,1
859250,1110857,1
859177,1110933,1
859254,1111203,2
859324,1111227,1
859255,1111251,1
859182,1111292,1
859326,1111295,1
859259,1111604,1
859186,1111664,1
859410,1111686,1
859261,1111690,1
859188,1111733,2
859189,1111785,1
859333,1111796,1
954562,1111890,1
859335,1111964,1
859265,1112012,1
955418,1112035,1
859415,1112036,1
859418,1112183,1
859197,1112287,3
859198,1112368,1
958807,1112467,1
859423,1112539,1
859425,1112653,1
859347,1112690,1
859348,1112762,1
949649,1112769,1
946828,1112791,1
951569,1113001,1
859209,1113145,1
946110,1113191,1
859354,1113283,1
859437,1113548,1
859215,1113551,1
859439,1113625,1
859362,1113772,1
859442,1113846,1
859220,1113853,1
859365,1113919,1
859295,1113939,2
859446,1113971,1
859368,1114004,1
958698,1114110,1
946050,1114158,2
859371,1114182,1
859228,1114221,1
859451,1114238,1
859375,1114395,1
859305,1114490,1
859235,111467,1
850906,1114675,1
859460,1114869,1
859382,1114960,1
859311,1115015,1
859312,1115080,3
859241,1115145,1
859386,1115393,1
859618,1115577,1
859389,1115592,1
859544,1115800,2
859472,1115811,1
859394,1115837,1
859624,1115855,1
859474,1115860,1
859547,1115874,1
851109,111594,2
859478,1116056,2
859550,1116123,1
946183,1116134,2
859553,1116395,1
859634,1116558,1
859700,1116580,1
859485,1116699,1
951267,1116701,2
850910,1116783,1
859562,1117132,1
859564,1117353,1
859641,1117379,1
951257,1117891,1
859572,1118346,1
951872,1118360,1
859717,1118374,1
859719,1118487,1
859575,1118526,1
859506,1118726,2
859724,1118819,1
859580,1118828,1
859657,1118879,1
859582,1118905,2
859510,1118917,1
947063,1119149,1
859513,1119162,1
859662,1119192,1
859587,1119299,1
859664,1119377,1
859516,1119379,1
959866,1119412,1
859666,1119657,1
953496,1119782,1
865017,1212010,1
864934,1212046,1
947993,1212080,1
865090,121211,1
865020,1212141,1
865021,1212295,1
865174,1212406,1
865176,1212650,1
865025,1212656,1
865177,1212784,1
865026,1212788,2
865099,1213000,1
865180,1213106,1
865029,1213171,1
865033,1213363,3
865186,1213509,1
946124,1213732,1
865109,1213957,1
864956,1214018,1
949964,1214179,1
865263,1214203,1
865342,1214342,1
865265,1214456,1
865199,1214664,2
865267,1214702,1
865200,1214743,2
865347,1214837,1
865351,1215242,1
865431,1215292,1
947711,1215332,1
865207,1215560,1
865355,1215777,1
865209,1215782,3
956996,1215889,1
865216,1216430,1
946304,1216544,1
865217,1216551,1
951054,1216847,1
865367,1216901,1
947133,1217158,1
865372,1217285,1
865226,1217342,1
945431,1217391,1
865228,1217435,1
865296,1217551,1
865457,121765,1
865231,1217653,1
865298,1217677,1
865378,1217678,2
865232,1217775,1
865234,1218040,1
865382,1218136,1
865237,1218321,1
959742,1218410,1
947977,1218771,1
865468,1218864,1
865244,1218921,1
865246,1218998,1
865393,1219009,1
865473,1219050,1
865395,1219162,1
865249,1219180,1
865316,1219195,2
865252,1219319,1
865319,1219384,1
865255,121948,1
959477,1219488,1
865482,1219526,1
865261,1219817,1
953272,1219940,1
865492,1220176,1
865647,1220558,1
865719,1220675,1
865648,1220685,1
865499,1220688,2
865722,1220845,1
865569,1220898,1
865503,1220942,1
958391,1220996,1
865728,1221239,1
851444,1221293,1
865509,1221409,1
865731,1221430,1
865732,1221450,2
865661,1221456,1
865735,1221718,1
865736,1221760,1
865665,1221860,1
865583,1221877,1
865584,1221932,2
865586,1222044,1
865740,1222064,1
865741,1222155,2
865671,1222212,1
945813,1222214,1
865521,1222215,1
865743,1222270,1
865526,1222512,1
952857,1222730,1
865682,1222903,1
865603,1223064,1
865541,1223293,1
865696,1223598,2
865698,1223774,1
950570,1223814,1
865700,1223858,1
865701,1223895,1
955477,1223930,1
865553,1224101,1
865621,1224147,1
865622,122419,2
865556,1224231,1
851543,1224260,1
865558,1224383,1
865625,122442,1
865779,1224437,2
958656,1224553,1
865711,1224657,1
865712,1224721,1
865562,122473,1
865713,1224779,1
865864,122479,1
865784,1224808,1
866015,1224812,1
865631,1224845,1
866016,1224936,1
865633,1225109,1
947989,1225119,1
865868,1225124,1
865636,1225229,1
866022,1225413,1
865940,1225430,1
865792,1225433,1
866023,1225437,1
865878,1225711,2
866031,1225940,1
865881,1225949,1
866032,1225969,1
865950,1226013,1
865884,1226180,1
865886,1226278,1
865806,1226281,1
865955,122633,1
865890,1226439,1
865891,1226472,1
865894,1226596,1
865814,1226622,1
865816,1226776,1
866047,1226799,1
865897,1226808,1
866048,1226858,1
865966,122687,1
865967,1226965,1
865819,1226986,1
865968,1227056,1
865820,1227097,1
865969,122716,1
865821,1227177,1
866052,1227187,2
866055,1227439,2
865906,122749,2
865826,1227561,1
865976,1227613,2
865909,1227629,1
865977,1227750,1
865979,1227848,1
865831,1227901,1
866063,1227912,1
865914,122797,2
865983,122805,2
947774,1228161,1
865916,1228244,1
865837,1228504,1
866069,1228511,2
865919,1228515,1
896543,320220,1
896555,32061,1
896454,320658,1
896455,320726,1
896560,32073,1
896561,32077,1
896458,320801,2
896563,320805,2
896461,320851,1
896463,320920,1
896741,320949,1
952721,320984,1
896301,321028,1
896747,321120,1
896475,321170,1
896749,321205,1
896752,321296,2
896753,321340,1
896589,321474,1
896759,321475,1
896911,321569,1
896593,321572,1
896763,321575,1
896602,321881,1
896604,321914,1
949657,322103,1
896616,322326,1
959560,322336,1
896936,322362,1
949466,322379,1
896774,322402,1
897036,322588,2
896783,322625,1
897041,32272,2
896787,322748,2
897196,322886,2
897201,322989,2
897065,323421,1
897217,323461,1
897067,323515,1
897069,323573,1
896967,323600,1
897235,323981,2
897090,324178,1
850716,324194,1
896990,324424,1
950142,324443,1
896992,324592,1
897097,324643,1
897258,324707,1
897101,324804,1
896998,324883,1
897260,324934,1
897000,32498,1
897005,325201,1
897113,325354,2
897269,325357,1
896860,325360,2
897276,325510,1
897124,325602,1
897280,325611,1
897019,32565,1
897125,325652,1
897028,325914,1
897135,325972,1
897294,325973,1
897136,326001,1
897035,326094,1
897299,326132,1
897439,326190,1
851324,326295,1
897148,326491,1
897703,326493,1
897150,326522,1
897704,326523,1
897451,326624,1
897160,326830,1
851301,326913,1
897729,327244,1
897732,327282,1
897325,327312,2
953140,327382,1
897579,327486,1
897736,327539,1
897478,327588,1
897737,327617,1
897479,327654,1
897739,327658,1
897481,327722,1
897485,327868,1
897595,327875,3
897344,327914,1
897673,327958,1
897489,327967,1
897746,327993,1
959033,327996,1
897490,328036,1
897348,328109,1
948640,328341,1
897611,328352,1
897354,328366,1
946735,328439,1
897614,328445,1
897763,328460,1
897765,328520,1
897617,328576,1
897766,328582,1
957090,328675,1
897361,328738,1
897620,328753,1
897770,328809,1
949480,328811,1
897362,328834,1
897506,328983,1
897774,328988,1
897365,329009,1
897775,329088,2
897777,329142,1
897634,329255,1
897375,329396,1
897797,329886,1
897651,329907,1
897540,329933,1
897804,330087,1
897806,330121,1
897403,330190,1
897405,330260,1
897816,330519,1
897417,330548,2
897822,330699,1
897969,330821,1
897828,330867,1
897973,330937,1
897434,331053,1
897976,331069,1
897688,331154,1
897830,331262,1
897981,331265,1
897691,331379,1
896544,331438,1
897694,331451,1
897699,331625,1
898256,331631,1
954869,331640,1
898104,331879,2
957004,332045,1
898270,33213,1
898277,332227,1
898280,332360,1
897857,332425,1
898125,332491,2
898296,332829,1
898300,332951,3
898139,333000,1
898033,333041,1
897880,333219,1
897882,333238,2
898319,333314,1
897896,333497,1
897902,333703,1
898339,333728,1
898340,333797,1
898346,333988,1
898180,334123,2
897924,334386,1
948649,334503,1
897930,334524,1
898087,334663,1
898199,334713,1
898372,334781,1
898095,334789,1
898375,334927,1
898376,335026,1
898215,335228,1
897218,335272,1
898388,335609,1
898560,335645,1
898825,335662,2
898564,335733,1
898828,335748,2
898566,335773,3
898397,33582,1
898235,335844,1
898570,33587,1
898690,335881,1
898400,335952,1
898572,335974,1
898693,335980,1
898833,335989,1
948624,336141,1
898848,33635,2
853463,1025100,1
853536,1025128,1
853611,1025150,1
853537,1025170,1
850686,1025172,1
853466,1025206,1
853612,1025224,1
853689,1025428,1
945959,1025517,1
950486,1025725,1
853696,1025839,1
853475,1025847,1
853546,1025850,1
853477,1026059,1
853548,1026069,1
853478,1026088,1
853479,1026136,1
853627,1026283,1
853703,1026348,1
853631,1026519,1
853486,1026555,1
853708,1026614,1
853713,1026852,1
853714,1026869,1
853639,1026892,1
952610,1026901,1
853495,1027003,1
853718,1027109,1
853568,1027125,1
853498,1027144,1
853499,1027206,1
853721,1027217,1
853647,1027325,1
853502,1027335,1
853648,1027352,1
853503,1027380,1
853726,102756,2
956620,1027583,1
853732,102794,1
853733,1027971,1
850758,1027986,1
951974,1027992,1
853735,1028094,2
853585,1028161,1
853660,1028167,1
853517,1028343,1
853522,1028714,1
853744,1028754,1
853523,1028807,1
853745,1028879,1
853594,1028893,1
853746,1028906,1
853670,1028937,1
853530,1029078,1
853675,1029136,1
952195,1029188,1
853676,1029236,1
853532,1029251,1
853755,1029293,1
853679,1029301,1
853756,1029323,1
853680,1029410,1
853759,1029443,1
853681,1029464,2
853608,1029497,1
853762,1029515,1
853837,1029535,1
853763,1029555,1
853838,1029584,1
954703,1029598,1
853839,1029678,1
853990,1029734,1
853991,1029762,1
853996,1030100,1
853921,1030144,1
853997,1030149,1
853773,103016,1
951891,1030169,1
853998,1030211,1
853775,1030252,1
945300,1030466,1
853853,1030510,1
853779,1030522,1
853928,1030523,4
853929,1030578,1
853782,1030734,1
853784,1030791,1
854009,1030807,1
953744,1030869,1
853786,1030900,1
853935,1030902,1
853937,1031011,1
951969,1031024,1
853939,1031080,1
853791,1031099,1
959176,1031137,1
853869,1031277,1
853797,1031443,1
853872,1031482,2
949397,1031494,1
854023,1031603,1
853799,1031667,3
854025,1031793,1
949130,1031912,1
954745,1031928,1
853878,1031994,2
853804,1031997,1
853879,1032069,1
851563,1032292,4
955286,1032455,1
854039,1032802,1
853891,1033028,1
854044,1033133,1
853894,1033145,1
853968,1033157,1
854046,1033206,1
947419,1033208,1
853896,1033212,1
952266,1033250,1
854048,1033270,2
950666,1033272,1
853826,1033402,1
854051,1033444,1
853902,1033481,1
854055,1033700,2
854058,1033855,2
853984,1034107,1
854216,1034534,1
854066,1034540,1
854294,1034563,1
854069,1034722,1
957288,1034772,1
854070,1034791,1
854300,1034888,1
854223,1034954,1
854074,1035038,1
854225,103511,1
854306,1035299,1
854080,1035339,1
854082,1035472,1
854084,1035520,1
854313,1035561,1
854166,1035666,1
854087,1035711,1
854315,103574,2
854316,1035767,1
854090,1035829,1
854170,1035832,2
947286,1035891,1
854243,1035914,1
854093,1035919,1
854173,1035929,1
947798,1035945,1
854094,1035957,2
854322,1035958,1
854245,1035975,1
854095,1035984,1
854323,1035986,2
854175,103600,1
854246,1036012,1
854176,1036129,2
854247,103613,2
854326,103617,1
854250,1036233,1
854100,1036237,1
854180,1036258,1
854251,1036284,1
953055,1036328,1
854182,1036331,1
854255,1036418,1
854106,103648,1
854187,103654,1
854108,1036550,1
854338,1036652,1
854262,103669,2
898590,336407,1
898852,336435,1
898423,33644,1
898591,336442,1
898013,336447,1
898425,336470,1
898595,336530,1
898720,33655,2
898858,336555,2
898430,336645,1
898862,33671,1
898875,337255,1
898738,337273,1
898876,337274,1
898469,337598,1
898894,337702,1
898477,337775,1
898763,337905,1
898765,337993,1
895138,338037,1
898905,338039,1
898769,338355,1
898911,338358,1
898915,33846,1
898672,33858,2
898777,338603,1
898923,338606,1
898506,338613,1
898924,338687,1
898510,338734,1
898784,338850,1
898933,338853,1
898517,338919,1
898518,338985,1
898789,338994,1
954976,339056,1
947120,339305,1
898526,339322,1
899093,339440,1
898799,339475,1
898972,339617,1
898973,339689,1
899232,339738,1
899109,339899,1
899236,339902,1
948625,340127,1
899118,34028,2
899245,340288,1
898995,340499,1
898998,34066,2
899136,340713,1
899260,340716,1
899138,340755,1
899264,340832,1
899001,340840,1
899003,340864,1
953855,340943,1
899376,34112,1
899150,341157,1
899151,341192,1
899153,341261,1
899380,341294,1
899381,341318,1
899159,341493,1
899385,341543,1
899283,341615,1
899291,341848,1
899035,341962,1
899184,342202,1
899044,342229,1
899409,342243,1
959058,342311,1
945677,342314,2
899410,342348,1
898935,342512,1
959753,342590,1
899057,342638,1
899312,342723,1
899315,342803,1
899066,342856,1
899430,342894,1
899206,342913,1
899320,342917,1
899073,343049,1
899215,343346,1
899595,343472,1
899598,343587,1
899450,343610,1
899224,343692,1
899608,343886,2
899867,343901,1
899612,343965,1
899474,344023,1
899463,344141,1
899467,344362,3
899880,344363,1
950188,344417,1
899627,344466,1
899487,344519,1
899745,344645,1
899492,344681,1
899748,344810,2
899895,344828,2
899901,345051,1
899645,345085,1
899756,345113,1
899646,345147,1
950870,345321,1
899763,345339,1
899504,345373,1
899652,345500,1
899770,345612,1
899512,345656,1
899671,346028,1
899791,346284,3
898371,346341,2
899793,346356,1
899535,346389,2
899536,346436,1
899686,346544,2
899950,346799,1
899691,346824,1
899803,346882,1
899704,347277,2
899553,347367,1
899971,347615,1
954084,347741,1
899820,347794,1
899984,347929,1
899987,347985,1
953893,348268,1
899839,348456,1
899994,348477,1
900369,348575,1
900005,348956,1
900378,348981,1
899860,349123,2
897887,349152,1
900244,349156,1
900013,349181,2
900390,349311,1
900144,349334,1
900150,349543,2
948634,349584,1
900266,349815,2
900408,349837,1
900409,349895,1
900274,350110,1
900169,350218,1
896265,350245,1
900173,350382,2
900285,350436,1
900424,350515,2
900184,350629,1
895142,350652,1
900438,350818,2
900067,350930,1
900446,350962,1
900072,351035,1
900077,351158,1
900078,351213,1
900320,351220,1
900455,351240,1
900326,351337,1
900460,351360,1
900087,351366,1
900091,351402,1
900227,351428,1
900093,351457,1
897045,351480,1
899233,351582,1
900101,351604,1
900341,351745,2
900347,35189,1
900348,35193,1
900624,352000,1
900116,352020,1
900354,352094,1
900482,352147,1
900486,352208,1
900880,352302,1
955604,352362,1
900368,352427,1
900752,352578,1
900645,352634,1
900646,352706,1
900754,352722,2
900500,352741,1
900647,352744,1
900650,352816,1
900758,352840,1
900654,352930,1
900763,35295,1
900900,352982,1
900784,353621,2
900788,353717,1
900790,353777,1
900928,353901,2
900685,353916,2
900932,354014,1
900797,35405,1
900799,354081,1
900936,354095,1
946581,354184,1
900698,354263,1
900704,354400,2
900945,354523,1
900555,354544,1
850806,354741,1
900558,354773,1
900817,354805,1
900819,354825,1
900563,35483,1
900568,354942,1
850706,355241,1
900974,355576,1
900975,355628,1
900588,355657,1
900745,355839,1
898726,355888,1
900599,356,1
900857,356533,1
900993,356574,1
901144,356778,1
901280,356809,1
901003,356902,2
901285,356946,1
901008,357009,2
901010,357152,1
947231,357200,2
901015,357305,2
901166,35744,2
896213,357474,1
901303,357562,1
901178,357674,2
901031,357874,1
901186,357902,1
901310,357920,1
851189,357963,1
901314,357965,2
901036,357973,1
901192,358035,1
901324,358291,1
901451,358482,1
901329,358518,1
901331,358555,2
901051,358584,1
901208,358643,1
901457,358657,2
901212,358712,1
901057,358745,1
901343,358839,1
901231,35937,1
958921,359384,1
901233,359388,1
901081,359403,1
901237,359433,1
901088,359591,2
953258,359595,1
901247,359718,1
901250,359826,1
901380,359837,1
901253,359892,1
901101,360004,1
901258,360028,1
901396,360321,1
901108,360372,2
901823,360585,1
901112,360598,1
901824,360618,1
901826,360820,1
901701,360857,1
901711,361230,1
897115,361306,1
901856,361691,1
901576,361698,1
901577,361826,1
901735,361872,1
901984,362238,1
901592,362346,1
901594,362386,1
899621,362572,2
901763,362669,1
902002,362672,2
901606,362717,1
901765,362729,1
902006,362862,1
902008,362902,1
901616,362994,1
902012,363014,1
901909,363305,2
901913,363501,3
901627,363502,2
901793,363599,1
902032,363632,1
901797,363707,2
902035,363723,2
901799,363752,1
902039,363876,2
896601,36400,2
901926,364064,1
901635,364215,2
902052,3646,1
956983,364675,1
901946,364768,1
901668,364812,1
900803,364862,2
901669,364916,1
902220,364946,1
902221,365011,1
902063,365016,2
902468,365039,1
902474,365310,1
902075,365651,1
959284,365673,1
902477,365686,1
902085,365718,1
902478,365729,1
902238,365751,1
902319,365991,3
902097,366099,1
946926,366200,1
902252,366308,1
902337,366463,1
902261,366678,2
902503,36687,1
902350,366896,2
902270,366990,1
902506,367023,2
895303,367058,1
902124,36711,1
902136,367836,1
902282,367850,1
851126,367905,3
959416,367917,1
902284,367954,2
902523,367993,1
902287,368096,1
902383,368209,1
902393,368608,1
902000,368613,3
902542,368653,2
902299,368796,1
902556,369130,1
902187,36936,1
902310,369364,1
902418,369386,1
902568,369456,1
898257,369495,1
902579,369601,1
902438,369731,1
902206,369751,1
949813,369762,1
902210,369810,1
902720,369873,1
951657,370001,1
902849,370088,1
902851,370114,2
902460,370179,1
902966,370345,2
902740,37051,1
902619,370526,1
902979,370632,1
902747,370644,1
899597,370653,1
895162,37081,1
902880,370912,1
896510,37103,3
902771,371207,1
902890,371213,1
903007,371227,1
903009,37129,1
902779,371402,3
902897,371570,1
903024,371688,1
948652,371717,1
902791,371720,1
902797,371890,1
903041,371939,1
902675,371979,1
902917,372108,1
902681,372155,1
902682,372181,2
854112,1036699,1
854264,1036734,1
854114,1036740,1
854345,1036815,1
854197,1036832,1
854118,103692,1
854269,1036947,1
854120,1036995,1
854121,1037027,1
854272,1037037,1
854275,1037159,1
854356,1037285,1
854358,1037334,1
956651,1037395,1
854135,1037782,2
854136,1037882,1
854287,1037924,1
854369,1037936,1
854518,1037967,1
854521,1038095,2
958922,1038157,1
854448,1038277,2
854598,1038283,1
854525,1038291,1
854599,1038314,1
854529,1038565,1
854386,1039138,1
854535,1039235,1
959512,1039333,1
854611,1039367,1
854538,1039371,1
854390,1039385,2
854539,1039408,1
854540,103953,1
959355,1039532,1
854467,1039953,1
954462,1039974,1
854617,1040005,1
854396,1040048,1
854468,1040050,1
854402,1040485,1
854474,1040488,1
854403,1040505,1
854626,1040652,1
854553,1040666,1
854554,1040760,1
854409,1041057,1
854487,1041419,1
854636,1041423,1
854565,1041509,1
854417,1041512,2
854638,1041539,3
957110,1041542,1
854566,1041549,1
854418,1041564,1
854639,1041575,1
951820,1042037,1
854494,1042156,1
854423,1042275,1
854643,1042400,1
953750,1042444,1
854425,1042499,1
854645,1042631,2
854575,1042636,1
854499,1042653,1
854578,1042829,1
854430,1042863,1
854502,1042962,1
854579,1042986,1
850885,1043049,1
854435,1043210,1
854655,1043317,2
854657,1043400,1
947874,1043547,2
854511,1043778,1
854441,104385,1
854512,104386,1
854661,1043948,2
854514,1044073,1
958887,1044174,1
854515,1044204,1
854670,1044453,1
854817,1044474,1
854896,1044617,1
947875,1044758,1
854898,1044913,1
854823,1045040,1
854824,1045083,4
854902,1045142,1
854681,1045283,1
854752,1045284,2
854753,1045440,1
854907,1045445,2
854756,1045678,1
854911,1045790,1
854687,1045807,1
854837,1046017,1
951226,1046090,1
854916,1046200,2
854693,1046272,1
854694,1046374,1
854767,1046475,3
958806,1046487,1
854843,1046500,1
854921,1046557,1
854700,1046799,1
854925,1046853,1
854701,1046860,1
854773,1046861,1
854774,1046901,1
854850,1046910,1
950872,1046935,1
854928,1047025,1
854704,1047046,2
854929,1047116,1
947886,1047426,2
854856,1047457,1
854933,1047464,1
854934,1047539,1
854858,1047647,2
854785,1047762,5
854786,1047911,1
854715,1047976,1
854863,104799,2
952183,1048070,1
854789,1048086,1
854866,1048183,1
854792,1048257,1
854794,1048318,1
854871,1048390,1
854950,1048574,1
854951,1048639,1
854727,1048645,1
854800,1048698,1
854876,1048746,1
854801,1048903,1
854802,1048960,1
854955,1048965,1
854958,1049231,1
854961,1049523,1
854740,1049856,2
854965,1049900,1
854812,1049935,2
854888,1049961,1
945872,1050109,1
855124,1050261,1
952592,1050412,1
855202,1050553,1
952101,1050694,1
855204,105070,1
854982,1050754,3
855133,1050860,1
854985,105090,2
855058,105115,1
854988,1051176,1
855060,1051231,1
855138,1051262,1
854990,1051272,1
946914,1051324,1
949656,1051357,1
854991,1051385,1
854993,1051500,1
952964,1051541,1
855217,1051589,1
855066,1051604,1
855144,1051671,1
855068,1051756,2
855221,1051814,1
854999,1051844,1
855000,105191,1
855223,105192,1
954391,1052075,1
855224,1052126,1
855152,1052255,1
855075,1052261,1
902819,372361,2
902687,372367,2
902823,372535,1
903069,372613,1
902942,372764,1
902701,372772,1
902702,372800,1
902704,372910,2
902707,372949,1
903078,372956,1
902708,372969,1
903494,372997,1
903082,373041,1
902957,373149,2
903088,373158,1
898917,37317,1
903374,373328,1
903504,373348,4
903379,373395,1
903109,373603,1
903517,37368,1
903390,373710,1
946092,373838,1
903235,373975,1
903529,374081,3
955115,374135,1
903245,374164,2
903130,374171,1
953356,374291,1
901206,374329,3
903255,374347,1
903539,374431,2
954942,374497,1
903421,374919,1
903271,37495,1
948662,374951,1
903275,375068,2
903431,375171,1
903156,375283,1
903285,375438,1
903162,375568,1
903563,37563,2
903448,375675,2
903293,375762,1
903174,375920,1
903301,376015,1
903180,376156,1
946801,376200,1
903579,376249,1
903465,376272,1
903185,376369,1
903188,376445,1
903475,376610,1
903320,376781,1
903199,376846,1
903323,376869,1
903203,377010,1
903325,377068,1
903485,37730,1
903208,377364,1
903340,377740,1
903221,377751,1
903763,377990,2
899559,378009,1
903887,378019,1
903348,378049,1
903623,378575,1
903771,378665,1
903775,378754,1
903780,378931,1
899506,378981,1
904007,379046,1
903786,379217,1
904019,379518,1
904021,379543,1
903657,379647,1
898434,379684,1
903803,379868,1
903921,37988,1
903813,380159,1
946852,380334,1
904046,380349,1
903933,380368,1
903934,380417,1
903822,380468,1
903824,380554,1
903826,380601,1
903181,380670,1
899096,380779,1
904068,381115,1
904069,381135,1
903842,381249,2
902746,381303,1
903711,381406,1
895306,381646,1
903965,381667,1
904092,381722,1
903856,381812,2
903858,381850,1
903973,381910,1
903727,38194,1
903733,382078,1
903867,382239,1
903868,382304,1
899475,382334,1
903737,382362,2
903738,382393,1
904125,382581,1
904531,382763,2
904534,382865,4
903752,382873,1
904132,382908,1
904135,383067,1
904298,383167,1
904304,383368,2
904162,383625,1
904312,383626,2
904169,383844,1
904416,383944,2
904563,383948,1
904339,384401,1
904579,384410,1
955144,38451,1
904440,384663,1
904346,384680,1
904587,384717,2
904353,384842,1
904202,384953,1
904211,385108,1
904599,38517,1
904214,385227,2
904220,385310,1
904366,385314,1
904461,385499,1
958686,385526,2
904374,385562,1
904616,38558,1
898662,385584,1
904618,385602,1
904379,385630,1
904465,385637,1
898929,385675,1
904230,38568,1
904467,385769,1
904234,385779,1
904470,385845,1
904635,385959,1
904640,386057,2
896897,386108,1
904643,386111,1
904655,386428,1
904407,386441,1
904266,386466,1
904795,38660,1
905062,386642,1
904504,386707,1
904279,386778,1
904516,386867,1
905077,386880,1
904669,386920,1
898654,386969,2
905078,386975,1
952483,387014,1
904811,387035,1
905085,387172,1
904675,387213,1
904522,387301,1
904943,387386,1
896909,387624,1
904828,387688,1
905106,387832,1
904842,387966,1
904846,38806,2
904849,388113,1
904852,388205,1
904970,388349,1
949242,388355,1
904723,388575,1
904978,388589,1
904983,388946,1
902117,389115,1
904733,389132,1
904875,389134,1
899321,389169,1
905151,389189,1
904993,389391,1
947561,389467,1
905165,389625,1
904762,389876,1
905006,389931,1
904768,390034,2
855153,1052284,1
855077,1052418,2
855157,1052587,1
855236,1052934,1
855162,1052935,1
855086,1052989,1
855089,1053154,1
855022,105336,1
950033,1053370,1
855249,1053690,1
855250,1053778,1
946220,1054018,1
855253,1054064,1
855031,1054119,1
855255,1054190,1
855106,1054242,1
949848,1054267,1
855110,1054409,1
855261,1054413,1
855111,105448,1
855189,1054514,1
855114,1054646,1
855193,1054717,1
855267,1054739,2
855272,1054749,1
855196,1054862,1
855119,1054892,1
855270,1054933,1
855274,1054949,1
855275,1054992,1
855420,1054998,1
855348,1055042,2
855278,1055057,1
855349,1055069,1
855279,105514,1
855350,1055181,2
855280,1055225,1
855352,1055372,1
855581,105538,1
855283,1055423,1
855430,1055648,2
855356,105568,2
855358,1055763,2
855359,1055858,1
855588,1055866,1
855290,1055965,1
855292,1056080,1
855437,1056088,1
855363,1056092,1
946905,1056099,4
855294,1056195,1
855367,1056323,2
855368,1056370,1
855597,1056375,1
855598,1056462,2
855372,1056626,1
855302,1056696,1
949523,1056832,1
855605,105685,1
855607,1056929,1
855308,1056968,1
946904,1057111,1
855382,1057133,1
855611,1057138,1
855312,1057258,2
855613,1057301,2
855459,1057330,3
855614,1057381,1
953924,1057416,1
855618,1057758,1
855465,1057803,1
855466,1057884,1
855391,1057893,1
855622,1057989,1
855623,1058022,1
855394,1058073,1
855471,1058198,1
855399,1058337,1
855330,1058413,1
855331,1058484,1
855477,1058490,1
855402,1058504,1
952953,1058634,1
850893,1058655,1
855482,1058791,1
855406,1058792,1
855338,1058859,1
855639,1058879,1
855340,1058980,1
855486,1058982,2
855413,1059215,1
855344,1059226,1
855645,1059253,1
855345,1059255,1
855646,1059273,1
855498,1059284,1
855492,1059286,1
855493,1059314,3
855648,1059341,2
947871,1059381,1
855495,1059411,2
855419,1059413,1
855799,1059441,1
855651,1059452,1
855504,1059567,1
855723,1059584,1
855653,1059596,1
855725,1059659,1
855509,1059821,1
855806,105984,1
855657,1059871,2
855809,1060115,1
855661,1060154,1
855514,1060158,1
855811,1060182,1
855516,1060237,2
855813,1060241,1
855664,1060244,1
951365,1060430,1
855519,1060474,1
855738,1060489,1
855816,1060500,1
855739,1060521,1
958679,1060619,1
855670,1060748,1
855672,1060926,1
855674,1061047,1
946863,1061048,1
855676,1061230,1
855677,1061272,1
959264,1061338,1
949683,1061489,1
958618,1061574,1
855683,1061655,1
855754,1061692,2
950854,1061712,1
855835,1061806,1
855539,1061830,1
855687,1061871,1
855838,1061951,2
855840,1061994,1
855762,1062043,1
855692,1062059,1
855763,1062079,2
855546,1062111,2
954467,1062472,1
855768,1062538,1
945388,1062543,1
855698,1062545,1
855552,1062620,1
855770,1062623,1
855850,1062702,2
855701,1062722,1
855775,1062887,1
855705,1062925,1
855558,1062938,1
855707,106307,1
949235,1063288,1
855569,1063549,1
855788,1063643,1
855718,1063703,1
855572,1063707,1
856102,1064199,1
855879,1064304,1
856027,1064312,2
856029,1064480,1
856107,1064514,1
856032,1064677,1
856034,1064844,1
855968,1064947,1
856114,1064973,1
855890,1065003,3
856117,1065095,1
855893,1065113,1
855894,1065234,2
905018,390305,1
904779,390655,1
905193,390705,1
904780,390722,2
905024,390772,1
904785,390988,1
898711,391151,2
905038,391322,1
946830,391357,1
905041,391410,1
947288,391500,1
905596,391516,1
948642,391560,1
905353,391919,1
905480,392388,1
905223,392408,1
905225,392464,2
905615,392557,1
905486,392590,1
905617,392619,2
905378,392664,1
905236,392836,1
905497,392873,1
905238,392921,1
905630,393057,1
905396,393246,3
905398,393328,1
905644,393330,1
905251,393333,1
905648,393460,1
905257,393505,1
905650,393561,1
905264,393677,1
905318,393701,3
905271,393938,2
905661,394001,1
905665,394086,1
905533,394222,1
905423,394304,1
905534,394307,2
905425,394354,1
905286,394473,1
905430,394551,1
905438,394772,1
905548,394777,1
905549,394834,1
905441,39491,1
905695,394957,1
905308,395125,1
905567,395500,1
905470,395633,1
905268,395638,1
897389,396102,2
905581,396203,1
906081,396209,1
906085,396256,1
905845,396269,2
905847,396282,1
905850,396416,1
905855,396489,2
905972,396897,3
905876,397169,1
905762,397217,1
905979,397250,2
905770,397530,1
905774,397710,2
906137,397743,1
906141,397910,1
905905,397923,1
905992,397930,1
951877,398039,1
905912,398092,1
906146,398115,2
905914,398134,1
905788,3982,1
948654,398205,1
905918,398213,1
905999,398299,1
905924,398429,1
899979,398488,2
906006,398809,1
904815,398924,1
905936,399092,1
906010,399096,1
906013,399174,1
905810,399296,2
906020,399316,1
906021,399360,2
905950,399497,1
905952,399551,1
952102,399706,1
905820,399750,1
905958,399753,1
902695,399831,2
899082,400017,1
899906,400140,3
906047,400150,1
905830,400159,3
897844,400710,1
906311,400766,1
906195,400830,1
906062,400854,1
906319,401043,4
959275,401309,1
906205,401359,1
906323,401384,1
906209,401496,3
906216,40169,1
906581,401720,2
906583,401834,1
906468,401842,1
906336,401877,1
896290,402067,1
906591,402125,1
906472,402142,2
949655,402392,1
959457,40241,1
952704,402438,1
906486,402443,1
906241,402464,1
900245,402537,1
906490,402656,1
906248,402667,3
906361,402679,2
948655,402706,1
906614,402746,1
906364,402800,1
906257,402816,1
901508,402841,1
906261,402881,1
906369,402945,1
906511,403108,1
906630,403171,1
906277,403266,1
903179,403485,1
906645,403523,1
906293,403774,1
906413,403839,1
906415,403871,2
906670,403923,1
906674,403966,1
897132,403976,1
906679,404006,1
899922,404045,1
906683,404059,1
906709,404125,2
907116,404231,1
906721,404303,1
906858,404355,2
907129,404521,1
902250,404581,1
906066,404653,1
906879,404725,2
907140,404830,1
907142,404887,1
903981,405228,2
906899,405408,1
897909,40558,2
895220,405589,1
907164,405648,1
906077,405649,2
907168,405740,1
906913,405809,1
907173,405881,1
906922,406060,1
906785,406291,1
896342,406433,1
906931,406552,1
907192,406631,1
907196,406758,1
906802,406763,1
850664,406774,1
907207,406968,1
907067,407020,1
949850,407037,1
907074,407094,1
906824,407425,1
906834,407722,1
907089,407741,2
904280,407864,1
906969,407997,2
907376,408168,2
907377,408254,2
907241,408418,1
907487,408560,1
907389,408615,1
907592,408635,2
907491,408754,2
907267,409106,1
907403,409125,1
907498,409132,1
907269,409156,2
907279,409383,1
907625,409637,1
907422,410082,1
896740,410083,1
907515,410109,2
907516,410189,1
907636,410204,1
907638,410227,1
907519,410342,1
907428,410440,1
907304,410499,1
899833,410622,1
907432,410652,1
896344,410671,1
907648,410806,1
907654,410931,1
907658,411084,1
946457,411113,1
907319,411133,1
895223,411158,1
907543,411187,1
907447,411226,2
907666,411612,1
907556,411688,1
900176,411777,1
905073,411955,1
907464,412026,2
907669,412035,1
907349,412084,1
907670,412097,1
955433,412114,1
907351,412149,3
907671,412168,1
907672,412284,1
907357,41235,1
907577,412376,2
907579,412463,1
907821,412533,1
907477,412549,1
907585,41260,1
907683,412975,1
907836,413082,1
895179,41325,1
907839,413266,1
895180,413836,1
908111,413866,1
907967,413917,1
901633,413948,2
895452,414193,2
907976,414198,1
907728,414229,1
907980,414312,1
907732,414404,2
906627,414506,1
907989,414522,1
950420,414563,1
908136,414603,1
907994,414711,1
907744,414756,1
945304,414871,1
908000,414904,2
908150,415097,1
907889,415228,1
907891,415314,1
907758,415410,1
907894,415536,1
906827,415551,1
907900,415892,4
908016,415982,1
903658,416082,1
907905,416168,1
908022,416170,1
908172,416197,1
907907,416235,1
850782,416299,2
908176,416387,1
851232,416474,1
908178,416512,1
907785,416803,2
908045,416897,1
908195,416903,1
907815,416923,1
907791,416947,2
850836,416983,1
908199,416984,1
899658,417119,2
908204,417134,1
907798,417212,1
907951,417445,1
899698,417505,2
908360,417758,1
906260,417825,2
907819,417829,1
908365,417916,2
908073,41803,3
908371,418124,1
908627,418164,1
908227,418278,2
908078,418294,1
908490,418389,1
908229,418430,1
908639,418585,2
908643,418714,1
908505,418806,1
908513,418996,1
908654,419024,1
908409,419040,1
908412,419081,1
908656,419097,1
951383,419131,1
908262,419238,1
908659,419275,1
908523,419295,1
908661,419300,1
908526,419346,1
906686,419362,1
908530,419553,1
908667,419703,1
908425,419708,1
908669,419749,1
900346,419759,1
908537,419843,2
908676,419991,1
908436,420109,1
908546,420113,1
908289,420274,1
908441,420284,1
901236,420426,1
908554,420504,1
908690,420505,2
904612,420548,1
908300,420613,1
900897,420638,2
908454,420744,2
948667,420850,1
908566,420922,1
908316,42101,1
908461,421016,1
908318,421049,1
850718,421136,1
908571,421144,1
908712,421232,1
908327,421401,1
908476,421495,1
904816,421710,1
908485,421883,1
908487,421967,2
948669,422131,1
908592,422179,1
908856,422228,1
908737,42227,1
908599,422359,1
909112,422364,1
908351,42237,2
909115,422391,1
908353,422410,1
908605,42243,1
899864,422577,1
908743,422578,1
908745,422649,1
908870,422654,1
908613,422725,1
946004,422726,1
908876,422890,2
908884,423140,1
908987,423152,1
950907,423188,1
908990,423218,1
909144,423225,3
908891,423455,1
909151,423522,1
897156,423718,1
908898,423743,1
950868,423820,1
909005,423897,1
908905,424008,1
909161,424028,3
908795,424247,1
908922,424637,1
896257,424842,1
909031,424940,1
909186,425038,2
959017,425112,1
947674,425159,1
901154,425247,1
908818,425393,2
908820,425443,1
909054,425503,1
909203,425835,2
909210,426101,1
856120,1065269,1
856042,1065338,1
855896,1065365,1
855897,1065434,1
856047,1065770,1
855980,1065851,1
855902,1065876,1
856052,1066112,1
959224,1066272,1
856131,1066292,1
855907,1066370,1
855986,1066378,1
855989,1066593,1
855993,1066912,2
951964,1066923,1
856139,1066924,2
856141,1067179,2
856066,1067518,1
856001,1067632,1
856008,1068004,1
856154,1068026,2
855932,1068105,1
856078,1068114,1
855936,1068346,1
856015,1068364,1
856083,1068465,1
856084,1068533,1
856085,1068624,3
855941,1068966,2
856165,1068990,1
856088,1069065,1
856167,1069218,2
856090,1069312,1
855947,1069407,2
855950,1069651,1
856329,1069754,1
856097,1069791,1
856331,1069851,1
946903,1070051,1
856251,1070064,1
856252,1070143,1
856183,1070154,1
856253,1070184,1
856254,1070224,1
856338,1070253,2
856186,1070354,1
856340,1070453,1
856410,1070456,1
856188,1070471,1
856414,1070856,1
856195,1071056,1
856347,1071069,1
856265,1071088,1
856197,1071211,1
856419,107126,1
856269,1071414,2
856423,1071517,1
856272,1071606,1
856204,1071656,2
949410,1071667,1
856275,1071693,1
856427,1071707,1
856428,1071777,1
851330,1071856,1
946724,1071896,1
856359,1071915,1
856431,1071932,1
856362,1072007,1
946222,1072031,1
856363,1072043,2
856439,1072316,1
856440,1072337,1
856369,1072347,1
856220,1072364,1
856290,1072439,1
856442,1072453,1
949910,1072509,1
856224,1072693,1
856446,1072747,1
856450,1073052,1
856231,107314,1
856302,1073168,2
856384,1073384,1
856458,1073665,1
856459,1073713,1
856460,1073784,1
856389,1073825,1
856309,1073827,1
856240,1073834,1
856391,1073917,1
856463,1073951,1
856242,1073954,1
856392,1073966,2
856393,1074001,1
856314,1074050,1
856245,1074068,1
856248,1074234,1
856553,1074478,1
856323,1074496,1
856477,1074509,1
856478,1074556,1
851418,1074582,1
856704,1074684,1
856481,1074685,1
856627,107472,2
856560,1074786,1
856632,1074849,1
856633,1074897,1
856565,1074940,1
851637,107512,1
856638,1075238,1
856571,1075282,1
956826,1075308,1
856719,1075368,2
856573,1075406,1
950591,1075475,1
856723,1075553,1
856577,1075568,2
856725,1075725,1
856503,1075727,1
856509,1076087,1
856732,1076112,1
956888,1076174,1
850998,1076233,2
856592,1076347,1
856738,1076406,2
856739,1076487,3
856594,1076496,1
946398,1076731,1
856597,1076742,1
856522,1076828,1
856667,1076844,1
856668,1076892,1
856669,1076935,1
856671,1076994,1
856528,1077195,1
856751,1077294,1
856674,1077325,1
856530,1077358,1
856675,1077403,2
856531,1077459,1
856756,1077637,1
856535,1077714,1
856617,1078011,1
856686,1078115,1
856544,1078231,1
856691,1078350,2
856547,1078378,1
856692,1078386,1
856771,1078437,1
856549,1078444,1
857074,1078491,1
856695,1078498,1
857075,1078521,1
857076,1078559,1
856697,1078568,2
857000,1078580,1
856780,1078646,1
857002,1078661,1
857079,1078676,1
856781,1078677,1
856782,1078725,1
857004,1078755,1
856783,1078785,1
857082,1078841,1
856789,1079045,1
857011,1079088,2
857092,1079272,1
856794,1079289,1
856862,1079301,1
856795,1079364,2
857017,1079378,1
857094,1079379,2
857095,1079467,1
909212,426159,1
908836,426339,1
909075,426381,1
909220,426460,1
909081,426673,1
909223,426705,1
908844,426707,1
898697,426965,1
909092,426987,1
909630,427006,1
909231,427020,1
909236,427084,2
900520,427110,1
909639,427207,1
909378,427376,1
904438,427387,1
904688,427455,1
909649,427532,1
909250,427627,1
909387,427656,1
909258,427756,2
900440,42778,2
909518,428298,1
950082,428392,1
909674,428393,1
909275,428409,1
909416,428414,1
909420,428558,1
909534,428680,1
909537,42872,1
947084,428800,2
909285,428812,1
909430,428888,1
909290,428916,1
898683,42893,1
909691,428993,1
909698,429191,1
899173,429249,1
909304,429320,2
909442,429367,1
895320,429385,1
909154,429587,1
900154,429680,1
909722,430095,1
909324,430106,1
909325,430168,1
909577,430256,1
909729,430418,1
909733,430538,1
909341,430608,2
909591,430675,1
909481,430754,1
909483,43082,1
909739,430919,1
909742,430953,1
909749,431193,1
954965,431207,1
910123,431371,1
909761,431411,1
907346,431499,1
909617,431579,2
902125,43178,1
909771,431811,1
909626,431948,2
910137,431971,5
909778,432120,1
909999,432216,1
909788,432460,1
910156,432696,1
910161,432813,1
910164,432943,2
910165,432973,1
910166,433041,1
909806,433103,1
910171,433173,1
905079,433177,1
910026,433195,1
909809,433220,1
953469,433335,1
909931,433771,1
910193,433841,1
910046,433909,1
910048,433925,1
959493,433976,1
910052,434017,1
910202,434057,1
909947,434250,1
909949,434286,2
910073,434385,1
909859,434458,2
910226,434471,1
909969,434666,1
910258,435235,1
910265,435295,1
910406,435314,1
910409,435347,1
910268,435374,2
947746,435441,1
910651,435542,1
910118,435554,1
910282,435692,1
910429,435741,1
910538,435747,1
905105,435763,1
850644,435778,2
910540,43578,1
910290,435852,1
910292,43590,1
910442,435929,1
910448,436076,2
910555,436212,1
910556,436243,1
910457,436319,1
948681,436345,1
910318,436361,2
905704,436373,1
945636,436381,2
910692,436445,4
910565,436457,1
910470,436484,1
910567,436516,1
949461,436558,1
910569,436564,1
910572,436632,1
910699,436640,1
910332,436673,1
898754,436686,1
910574,436700,1
910337,436733,1
910485,436745,1
957139,43680,1
949894,436924,1
910498,437006,1
910503,437099,1
910359,437135,2
910719,437212,1
910512,437312,1
910370,437402,1
910618,437487,1
910531,437619,1
910381,437634,1
910624,437663,1
910729,437671,1
948691,437681,1
910730,437710,1
910830,437733,1
910629,437761,2
910734,437788,1
958598,437832,1
910735,437863,1
910836,437872,2
899053,437895,1
910736,437904,1
910745,438248,3
910746,438275,1
910977,438384,2
911071,438416,1
910981,438447,1
910755,438529,1
910863,438530,2
911077,438626,1
910874,438751,1
910880,438885,1
895322,438907,1
945369,438984,1
910885,439004,1
910769,439020,1
910771,439041,1
901779,439112,1
911098,439118,1
910775,439149,1
911101,439209,1
910778,439228,1
910897,439233,2
911104,439245,1
911013,439256,1
910907,439515,1
945644,439582,1
910786,439617,1
947547,439663,1
907877,439664,1
911118,439669,1
910789,439683,1
905702,439711,2
910917,439730,1
910790,439746,1
911132,439918,2
902192,440076,1
911038,440142,1
911139,440165,1
907291,440212,2
857096,1079554,1
856799,1079629,1
856802,1079768,1
856803,107995,1
945563,1079957,1
856870,1079959,1
857103,1080035,2
856872,1080057,1
856876,1080299,2
857032,1080453,1
856813,1080562,2
856814,1080595,1
856881,1080598,1
856815,1080634,2
856882,1080645,2
857041,1081061,1
857118,1081065,1
856888,1081086,1
857043,1081144,1
857120,1081156,1
856892,1081247,1
857125,1081371,1
856897,1081445,1
857051,1081461,1
856836,1081584,3
856837,1081608,1
856904,1081612,1
857058,1081614,2
857135,1081628,1
857136,1081722,1
856909,1081861,1
856911,1081914,1
954288,1081980,1
857144,1081981,1
857069,1082065,1
857147,1082090,1
856924,1082099,2
856927,1082206,1
857148,1082246,1
857227,1082259,1
856922,1082291,1
856923,1082303,1
856933,1082407,1
856936,1082627,1
857159,1082688,1
856939,1082697,1
950331,1082758,1
946721,1082765,1
857240,1082785,2
857243,1082900,1
857244,1082957,1
857246,1083090,1
857317,1083152,1
857247,1083175,1
955244,1083181,1
857174,1083556,1
857175,1083584,1
856957,1083777,1
857259,1083846,1
857181,1083861,1
857266,1084077,1
951940,1084082,1
856969,1084211,1
857339,1084213,1
857340,1084269,1
857272,1084397,1
857345,1084538,1
857347,1084663,2
857277,1084693,1
857278,1084809,2
857349,1084883,1
856980,1084941,1
857350,1084944,1
856981,1084979,1
857204,1085099,1
947634,1085269,1
857358,1085316,1
950557,1085376,1
856989,1085383,1
857210,1085431,2
857289,1085433,2
857290,1085484,1
857362,1085542,1
857215,1085644,1
857294,1085656,2
856997,1085793,2
857367,1085817,1
857369,1085938,1
857374,1086241,1
857528,1086253,1
857381,1086257,1
857375,1086279,1
857529,1086280,2
857384,1086509,2
947351,1086566,1
857464,108665,1
857610,1086806,1
857611,1086887,1
857471,1087057,1
857394,1087069,1
857616,1087140,3
857617,1087185,1
959709,1087492,1
857553,1087548,2
857403,1087614,1
857626,1087747,1
857483,1087815,1
857627,1087834,1
857557,1087911,2
949786,1088075,1
857632,1088144,1
953151,1088212,1
857413,1088265,1
857564,1088297,1
857567,1088473,1
857640,1088616,2
857569,1088625,1
857497,1088679,1
857641,1088686,1
857498,1088732,2
857499,1088783,2
857500,108885,1
857423,1088859,1
857425,1088962,1
857503,1088981,1
857431,1089213,1
857652,1089253,1
857510,1089306,1
954465,1089326,1
857511,1089362,1
857512,1089497,1
857435,1089565,1
857513,1089567,2
857587,1089685,2
949045,1089866,1
857660,1089886,1
857441,1089929,1
857520,1089994,1
857593,1090002,1
857446,1090156,1
857598,1090258,1
857599,1090347,1
857753,1090381,1
857671,109045,1
857602,1090474,1
857758,1090637,1
945804,109069,1
857682,1090732,1
857762,1090811,1
857903,1090825,1
857765,1090949,2
857906,1090952,1
857766,1090977,1
857689,1090987,1
857769,1091259,1
857770,1091288,1
857772,1091317,1
857913,1091318,1
857696,1091391,1
857916,1091426,1
857845,1091429,1
857918,1091551,1
857850,1091745,1
857703,1091753,1
857923,1091829,1
857783,1091841,1
857706,1091869,1
857708,1091989,1
851268,1091997,1
959706,1092011,1
857856,1092012,1
857928,1092078,1
850902,1092165,1
857711,1092174,1
911044,440275,2
910809,440286,1
949803,440343,1
910816,440502,1
910817,440535,2
910820,440590,1
905863,440714,2
900278,440780,1
911510,440899,1
911288,440989,1
897937,441032,1
911516,441061,1
911292,441073,1
911164,441082,1
911299,441228,1
959936,441273,1
905563,441342,1
911529,441355,1
909457,44136,1
911396,441387,1
911530,441396,1
911302,44140,1
911534,441451,1
908444,441490,1
911399,441541,2
953381,441555,1
898993,441604,1
903405,441725,1
911408,441766,1
911545,44181,1
911546,441820,1
911325,441919,1
911551,441948,1
907848,44203,1
911332,442092,1
911423,442156,2
906064,442206,1
911559,442315,1
911218,442524,2
911347,442661,2
911224,442668,1
896467,442681,1
911570,442688,1
911226,442692,1
911230,442814,1
911354,442909,1
911359,443027,1
911448,443036,1
901643,443117,1
895187,443134,1
911452,443172,1
911366,443205,2
911244,443242,1
911369,443390,1
911455,443416,2
911247,443447,1
946452,443676,1
911253,443700,1
911591,443792,1
906120,443929,2
959686,444026,1
911472,444070,1
911600,444143,1
911388,444201,1
911602,444206,1
911603,444258,1
911479,444313,1
911271,444348,1
911481,444395,1
911394,444539,1
911486,444718,1
911612,444874,1
911940,445014,1
911722,445023,1
911945,445200,1
911501,445285,1
911739,445560,1
911840,445577,1
911956,445623,1
911957,445664,1
850775,445729,1
911961,445810,1
911962,445849,1
907228,446163,1
950516,446231,1
911974,446447,1
911766,446557,1
945348,446567,1
903641,446568,2
911768,446734,2
911979,446841,1
911651,446955,1
911860,447058,2
911863,447126,1
911658,447133,1
911990,447241,1
911997,447624,1
911665,447633,1
911796,447637,1
911872,447654,2
911874,447732,1
912000,447765,1
911875,447781,1
908034,447795,1
911876,447846,1
905875,447876,1
911176,447893,2
911879,447900,1
901357,447903,1
911672,44794,1
897884,448071,1
911810,448158,1
911679,448174,1
912012,448204,1
911888,448244,1
911682,448303,1
912018,448558,1
911690,448772,1
911827,448777,1
895240,448927,1
911904,449056,1
911699,449070,2
911906,449085,1
911836,449124,1
911908,449135,2
911702,449183,2
911910,449256,1
911707,449341,1
912033,44944,1
912306,449557,1
912035,449576,1
912132,44958,1
912133,449708,2
945481,449818,1
911929,450085,1
912044,450137,1
912145,450280,1
912317,450306,1
912319,450405,1
912053,450407,1
912054,450499,1
912056,450531,2
912321,450578,1
912224,450648,1
912233,451074,1
906720,451159,1
912071,451192,1
912167,451252,1
954360,451311,1
899753,451320,2
950002,451375,2
912243,451467,1
912343,451502,1
912077,451526,2
912247,451650,3
912181,451759,1
945483,451798,1
908276,451809,1
902019,451847,2
912353,451869,2
896754,452078,1
912191,452127,1
912257,452136,1
912192,452164,1
912360,452179,1
912194,452277,1
912363,452289,1
912101,452377,1
912197,452466,1
899973,452763,1
912204,452953,3
898820,452988,1
912207,453000,1
899462,453090,1
959769,453208,1
912387,453267,2
949136,453342,1
912122,453581,1
912395,453627,1
912285,453654,2
946194,453712,1
912483,453719,1
958913,453867,1
911235,453965,1
912292,453968,1
912654,45399,2
851347,454030,1
912294,45408,2
912410,45430,1
912662,454401,1
908510,454655,1
908465,45481,1
912425,454902,1
908600,454943,2
912681,45503,1
912514,455309,1
912687,455319,1
912521,455646,1
908610,455688,1
912442,455774,2
912592,455786,1
908617,455789,1
907007,455811,1
912525,455854,1
912447,456014,1
912704,456090,1
912536,456242,1
947139,456276,1
912605,456375,2
912458,456587,1
912713,456607,1
911808,456843,1
909214,456998,1
912619,457057,1
912722,457071,1
912726,457111,1
912468,457165,1
947249,457345,1
912733,457365,2
912474,457367,1
912630,457386,1
912632,457454,1
912476,457562,1
912568,457575,1
912634,457585,2
912821,45777,1
912749,457956,1
912827,458027,1
912830,458167,1
912754,45832,1
908538,458480,1
912840,458831,1
912763,459064,1
912766,459195,1
913021,459223,1
912767,459271,1
913024,459314,1
912932,459412,1
912849,459419,1
912772,459478,2
950635,459716,1
912938,459817,2
908668,459897,1
912856,459906,1
913036,460095,2
896329,460122,1
913037,460137,1
910928,460170,1
959886,460205,1
913040,460406,2
912863,460472,1
912780,460482,1
912867,460617,1
912782,460639,1
912948,460644,1
913049,460818,1
912785,460828,1
912951,460841,1
954946,460901,1
945667,460969,1
954380,461183,1
912879,461189,1
948682,461268,1
912796,461327,2
903688,461500,1
912961,461521,1
912884,461553,2
908192,461596,1
910053,461617,1
912801,461745,2
912966,462037,1
912967,462184,1
897473,462534,1
913070,462846,1
946636,462872,1
912975,463010,1
912978,463156,1
908853,463160,1
912816,463262,2
912916,463464,1
913083,463625,1
913086,463807,1
953472,463820,1
952135,463921,1
913177,463959,1
912991,464024,1
913090,464043,1
913185,464499,1
912999,46450,1
913342,464503,1
908857,464592,1
946992,464645,1
902395,464686,2
900257,464715,1
913187,464876,1
913107,46495,1
913189,465032,2
948685,465075,1
913350,465191,1
913193,465237,1
913115,465297,1
906722,465654,1
913124,465722,1
913360,465778,2
913279,466213,1
897917,466389,1
913367,46651,1
913287,466780,1
913134,466834,1
913373,466857,2
910801,467057,2
909712,467084,1
913378,467090,1
913231,467274,1
913144,467474,1
903010,467529,1
910302,467776,1
913243,46790,1
909810,467993,1
913394,468057,1
958924,468091,1
913248,46815,1
945974,46823,1
913161,468412,1
913402,468450,2
913404,468479,1
950840,468669,1
913495,468695,1
896360,468804,1
900174,469009,1
912010,469065,1
913596,469078,2
913598,469113,1
949342,469312,1
908551,46947,2
913330,469563,1
913607,46968,1
913431,469759,1
913688,469780,1
913612,469926,1
910854,470110,1
913693,470137,1
908707,470168,1
913697,470376,2
913442,470388,2
913529,470415,1
913625,470515,1
913703,470720,1
913448,470743,1
913632,470775,1
910896,470776,1
913704,470791,1
900535,470797,1
913450,470839,1
913541,470984,2
913645,471197,1
913718,471370,1
913719,471421,2
913548,471522,1
910086,471683,1
903432,471744,1
900662,471823,1
913657,471832,1
913557,471865,1
913471,471870,1
913561,471969,3
908881,472035,2
913563,472058,1
913477,472072,1
913737,472096,1
913738,472116,3
913665,472127,1
953439,472135,1
913567,472151,1
913572,472275,1
913744,472312,1
913673,472386,1
913676,472477,1
913755,472600,1
910668,472743,1
913584,472806,2
910921,472837,1
857786,1092191,1
857864,1092586,1
946219,1093414,1
857805,1093506,2
857732,1093574,1
857733,1093688,1
857951,1093749,1
857882,1093784,1
857954,1093860,1
952524,1093892,1
857955,1093922,1
857885,1093925,2
857815,1094060,1
857741,1094091,1
949483,1094095,1
857888,1094140,1
857959,1094160,1
857889,1094174,1
857743,1094228,1
857962,1094321,1
857893,1094363,1
857747,1094368,1
857822,109437,1
857894,1094380,1
850890,1094432,1
857896,1094440,1
857899,1094682,1
857970,1094696,1
857973,1094943,1
857981,1095003,2
857982,1095036,2
857983,1095090,1
947842,1095213,1
858199,1095221,2
857988,1095246,1
858137,1095405,1
858206,1095494,1
858140,1095552,1
857997,1095594,1
858071,1095601,1
858143,1095672,1
858218,1096010,1
858081,1096028,1
858219,1096031,1
858220,1096073,1
858008,1096099,1
858009,1096137,1
858084,1096150,3
858223,1096192,1
858011,1096203,1
858224,1096220,1
858226,1096288,1
946898,1096343,1
858016,109642,1
957027,1096423,1
858020,1096578,1
959150,1096641,1
858167,1096727,1
858025,1096750,2
947891,1096761,1
949226,1096822,1
947757,1096934,1
858028,1096938,1
858104,1096978,1
858242,1096983,1
858030,1097002,2
858243,1097033,1
858106,1097046,1
858107,1097096,1
858175,1097147,2
858247,1097178,1
858177,1097182,2
858110,1097193,1
858248,1097218,1
858178,1097224,1
858249,1097264,1
858180,1097328,1
858113,1097350,1
947894,1097455,1
858254,1097490,1
858118,1097548,1
858257,1097600,1
858120,1097638,1
858045,1097659,1
947895,1097733,1
858261,1097800,2
858191,1097809,1
858048,1097811,1
858264,1097926,1
858265,1097942,1
858345,109795,1
858499,1098013,1
858275,1098051,1
858268,1098053,1
858502,1098123,1
858503,1098171,1
858278,1098193,1
858422,1098211,2
858280,1098299,1
858353,1098376,1
858507,1098408,1
858282,1098423,2
858355,1098449,1
949876,1098478,1
858426,1098483,2
858357,1098506,1
858510,1098522,1
858288,109866,1
858431,1098662,1
858514,1098679,1
858432,1098689,1
858515,1098706,1
858290,1098709,1
858363,1098729,1
951753,1098753,1
858519,1098881,1
858294,1098887,1
858520,1098906,1
858296,1098941,1
858442,1099031,1
858373,1099059,1
851355,1099063,1
858444,1099071,1
858377,1099211,1
858530,1099227,1
858531,1099285,1
858305,1099298,1
858450,1099370,1
954682,1099388,1
951157,1099453,1
953319,1099550,1
858453,1099577,1
858383,1099589,1
858540,1099708,1
858459,1099756,1
858461,1099824,1
858391,1099831,1
858393,1099907,2
858464,1099931,1
858398,1100047,2
858557,1100265,1
858476,1100291,1
858477,1100328,1
858560,110041,1
858410,1100545,1
858337,1100569,1
858482,1100592,1
858342,110083,1
858487,110088,2
950124,1100880,1
858344,1100908,1
945272,1101118,1
858492,1101146,1
858575,1101274,2
947906,1101280,1
851166,1101347,1
858576,1101354,1
858723,1101355,1
858647,1101362,1
858578,1101454,1
858725,1101472,1
858579,1101509,1
951579,1101576,1
858727,1101614,1
858797,1101619,1
858581,1101628,1
858582,1101702,1
858583,1101715,2
858730,1101721,1
858801,1101765,1
858655,1101773,1
858732,1101793,1
952611,1102029,1
858805,1102065,1
858736,1102095,1
913684,472847,2
952223,472912,1
913765,472938,1
913877,473146,1
902423,473264,1
914049,473379,3
952892,473463,1
914053,473538,1
913777,473585,1
913951,473710,1
913797,473722,1
895335,473785,1
908220,473788,1
913956,473823,1
914061,47383,1
913800,473838,2
895337,473842,1
913960,474071,1
913962,474179,1
914074,474218,1
913812,474222,1
913970,47440,1
914083,474413,2
913818,474519,1
913819,474567,1
910630,474580,2
914085,474655,1
913910,474717,2
914088,474722,2
913980,474835,1
913828,474956,1
913914,474960,1
913830,475021,2
914099,475166,2
914101,47524,1
914105,475318,1
913998,475337,2
900757,475350,1
914003,475397,1
909204,475405,1
913937,475495,1
913938,475579,1
914008,475641,1
896885,47569,1
914116,475707,1
913852,475736,1
913942,475741,2
947399,475760,1
903054,475848,1
946994,475868,2
850721,476115,2
914025,476174,1
952181,476266,1
914214,476291,1
914027,476388,1
895545,476454,1
910810,476485,2
947771,476502,1
914032,476527,1
914139,476535,1
914222,476582,1
952645,476652,1
914224,476660,2
914376,476725,1
914143,476828,1
914380,476907,1
914147,476915,1
914148,477017,2
905640,477063,1
912499,477204,2
914298,477226,1
951811,477250,1
898491,477406,1
850689,477426,1
914392,477445,1
903107,477455,1
914243,477494,1
902355,477549,1
899680,477558,1
914246,477566,1
914396,477577,1
908629,477849,1
914315,477918,3
914257,477938,1
906587,477951,2
914317,477958,1
914407,477987,2
914411,47820,1
914262,478213,1
914266,478341,1
914181,478360,1
901862,478461,1
914417,478590,2
914273,478614,2
914331,478734,1
914418,478759,1
911320,478898,1
914279,478947,1
914282,479061,1
914423,47921,1
921011,479368,1
914285,479416,1
947603,479670,1
914205,479695,1
914346,479798,1
914207,479819,1
914349,480031,1
904726,480041,1
900018,48009,1
914503,480114,1
914353,480180,3
914354,480305,2
912251,480354,2
850918,480412,2
903375,480498,1
914361,480614,1
947576,480658,1
914362,480661,2
914681,480707,1
951113,480915,1
914683,480929,1
914516,480986,1
907114,481,1
907145,481042,1
914684,481083,1
914521,481125,1
914583,481291,1
914526,481642,1
911374,481713,1
914451,481858,1
914693,482101,1
914694,482191,2
914456,482192,1
907456,482401,1
914536,482403,1
914459,482645,1
914602,482665,2
899296,48279,1
914462,482844,1
914603,482854,1
914464,483056,1
914703,483077,2
897414,483260,1
951287,483268,1
914546,483269,1
914611,483274,1
895551,483348,1
945597,483389,1
899936,483507,1
914548,483535,1
909470,483577,2
914708,48368,2
914554,484120,1
914718,484512,1
914560,484534,1
914629,484536,1
906019,48457,1
914563,484593,1
914482,484630,1
914724,48467,1
911016,484702,3
914640,484849,1
914641,484932,1
914490,485125,1
914644,48523,1
914494,485248,1
914736,485325,1
914740,485451,1
914497,485471,1
914741,485475,1
914747,485771,1
914981,485819,2
908686,485824,1
914822,485902,1
914982,485989,2
914984,486087,3
898355,486181,1
902755,48632,1
914667,486389,2
914991,48639,1
914758,486478,2
914992,486515,1
914904,486658,1
947537,486663,1
914994,486819,1
914838,486825,1
914840,487002,1
914997,487027,1
951360,487068,1
914998,487085,1
914843,487155,1
859668,1119787,1
859737,1119839,1
859669,1119929,1
859671,1120006,2
859596,1120041,1
859597,1120089,1
952389,1120097,1
859676,1120426,1
859530,1120559,1
952007,1120739,1
859751,1120900,1
859683,1121057,1
859684,1121138,1
859611,1121369,1
859612,1121422,1
859687,1121468,1
952660,1121751,1
859989,1121758,1
859616,1121814,1
859990,1121815,1
859762,1121907,1
859842,1122045,2
953083,1122079,1
859770,1122218,1
859843,112227,1
859844,1122366,1
859773,1122453,1
859918,1122458,1
859846,1122475,1
859774,1122499,2
860000,1122524,2
859920,112256,1
859850,1122780,1
859780,1123011,1
859926,112312,2
859855,1123192,1
952789,1123349,1
859786,1123493,1
860019,1124010,1
859795,1124077,1
860024,1124357,1
859946,1124520,1
859801,1124558,1
859947,1124567,1
952048,1124956,1
859882,1125045,1
859810,1125126,1
859956,1125135,3
860040,1125365,1
859888,1125408,1
859889,1125445,1
859817,1125517,1
959360,1125568,1
850685,112559,1
859891,1125612,1
859818,1125622,1
859892,1125646,1
945875,1125822,1
859968,1125828,1
859822,1125866,1
859896,1125874,1
859970,1125897,1
859901,112617,1
859975,1126220,1
859830,1126287,1
859904,1126301,1
859978,1126366,1
860060,1126443,1
951139,1126468,1
860062,1126534,1
859836,1126565,1
859911,1126651,1
859912,1126699,2
860215,1126705,4
953548,1126819,1
860218,1126911,1
860069,1126919,1
958308,1127007,1
860294,1127023,2
860220,1127029,1
860224,1127201,1
860300,1127282,1
860226,1127288,1
950751,1127302,1
860306,1127573,1
860232,1127591,1
860308,1127631,1
860235,1127703,2
860310,1127754,2
860158,1127778,1
860239,1127865,1
860161,1127886,1
860314,1127892,2
860162,1127914,1
860163,1127945,1
860316,1127948,1
860165,1128001,2
860319,1128034,1
860249,1128357,1
860101,1128509,1
860325,1128565,1
860102,1128594,2
860252,1128627,1
860176,1128727,1
860328,112883,1
860106,1128895,1
860180,1128989,1
860332,1129,1
860333,1129036,1
860260,1129038,1
860186,1129436,1
860339,1129467,1
860189,1129636,1
850605,1129734,1
860122,1129778,1
860272,1129808,1
860274,1129916,1
860127,1130036,1
860351,1130124,1
860129,1130215,2
860130,1130262,1
950724,1130318,1
953543,1130347,1
860131,1130348,1
860200,1130373,1
950186,1130438,1
860206,1130716,1
946895,1130731,1
860360,1130752,1
860361,1130857,1
860365,1130936,1
860363,1130983,1
860211,1131024,1
860364,1131027,1
860367,1131029,2
860212,1131031,1
860368,1131102,1
860214,1131174,1
860739,1131274,1
860745,1131502,1
860379,1131654,1
950593,1131836,1
860529,1131851,1
860382,1131869,1
860454,1131980,1
860534,1132010,1
860387,1132050,1
860457,1132052,1
860388,1132083,2
860459,113212,1
860460,113218,1
860463,1132393,1
860542,1132402,1
860394,1132424,1
860544,1132583,1
950510,1132593,1
860468,1132778,1
958301,1133077,1
860404,113318,1
860474,1133193,2
860405,113326,1
860411,1133554,1
860481,113357,1
860413,1133659,1
860484,113373,1
949059,1133942,1
860789,113399,1
860421,1134010,2
860491,1134019,1
953170,113404,1
860573,1134181,2
951325,1134273,1
860429,1134383,1
959620,1134406,1
860579,1134492,1
959233,110211,1
858659,1102129,1
858740,1102336,1
850855,110237,1
858743,1102524,1
858744,1102573,1
858667,1102600,1
858669,1102717,1
858670,1102733,1
946906,1102756,1
858820,1102871,1
858822,1103021,1
858606,1103059,2
858823,1103081,1
858608,1103131,1
858756,1103138,1
858825,1103156,1
858681,1103190,1
951943,1103207,1
858828,1103230,1
858613,1103270,1
858684,1103291,1
949156,1103302,1
858766,1103513,2
858619,1103583,1
858767,1103609,1
858836,1103628,1
858768,1103646,1
858837,1103655,1
858694,1103807,1
947911,1103854,1
950228,1103879,1
858842,1103931,2
858697,1103953,1
858844,1103998,1
858627,110401,1
858628,1104128,3
858846,1104158,1
858700,1104161,2
858778,1104205,1
858848,1104255,1
858631,1104285,1
858634,1104523,1
858635,1104597,1
858636,1104654,1
858708,11047,3
945418,1104703,1
858855,1104743,1
949578,1104778,1
954940,1104783,1
858641,1105105,1
858944,1105288,1
956909,1105334,1
851227,1105393,1
950532,1105443,1
858863,1105460,1
859093,1105467,1
947732,1105582,1
858870,1105609,1
955306,1105662,1
859096,1105711,1
858873,1105786,1
951317,1105802,1
859098,1105826,1
858874,1105831,1
858954,1105883,1
858879,1106092,1
859104,1106116,1
859026,1106260,1
858961,1106321,1
959889,1106322,1
859110,1106512,1
859033,1106765,1
859034,1106808,1
959186,1106845,1
859035,1106860,2
859115,110687,1
858969,1106888,1
859116,1106928,1
955440,1107041,1
858977,1107474,1
859045,1107507,1
859046,1107550,1
859047,1107694,1
947596,1107737,1
859128,1107764,1
858905,1107910,1
859051,1107969,1
858907,11081,1
859053,1108236,2
858912,1108400,1
951805,1108485,1
859058,1108515,1
858991,1108586,1
858992,1108632,2
956928,1108686,1
858917,1108691,1
859142,1108723,1
858918,1108753,2
859064,1108794,1
859146,1108920,2
859002,1109224,1
859071,1109276,1
859151,1109286,1
859152,1109346,1
952022,1109371,1
859005,110946,2
859074,1109488,1
859155,1109544,1
945643,1109548,1
952970,1109596,1
859008,1109621,2
858932,1109665,1
951038,1109905,1
858935,1109907,1
858937,1110071,2
858938,1110123,1
858940,1110238,1
859165,1110250,1
859168,1110516,1
859171,1110521,1
859245,1110541,1
859090,1110602,1
859248,1110708,1
859399,111083,3
859321,1110945,1
859179,1111097,1
859253,1111098,1
859406,1111340,1
859257,1111389,1
859184,1111515,2
859328,1111527,2
859187,1111689,1
859262,1111735,1
947372,1111775,1
859413,1111950,1
859414,1111971,1
859192,1111995,1
859266,1112087,2
950159,1112200,1
859271,1112374,1
859342,1112389,1
859421,1112429,1
859343,1112468,1
859422,1112483,1
859201,1112564,1
859202,1112595,1
859277,1112750,2
859207,1113000,1
859352,1113113,1
859353,1113151,1
859212,1113437,1
859356,1113468,1
859357,1113500,1
859287,1113519,2
859358,1113530,1
859216,1113610,1
859290,111365,1
859441,111381,1
859363,1113836,2
859364,1113885,1
859443,1113887,2
859222,1113933,1
958694,1113935,1
859223,1113957,1
946030,1114040,1
859369,111406,1
946679,1114121,1
859299,1114161,1
950848,1114173,1
859370,1114177,1
859373,1114270,1
859303,1114345,1
859453,111438,1
859454,1114418,1
914766,487223,3
915001,487238,1
914773,487682,2
914924,487923,1
897163,48796,1
911816,488088,1
914925,488123,1
914779,488183,1
952759,488348,1
914929,48840,1
903336,488450,1
902084,488498,1
914785,48866,1
914931,488700,1
915022,488817,1
906452,488833,1
914934,488986,1
915024,488997,1
915025,489112,1
912405,48913,1
914794,489406,1
947232,489560,1
945542,489639,1
914880,489796,1
914883,489896,1
904740,489931,1
914807,489935,1
914887,49014,1
914889,490208,1
914960,490227,1
914890,490288,1
915051,490314,1
904609,490356,1
951012,490582,1
957125,490588,1
958840,490609,1
911926,490821,1
915222,490923,1
914971,491025,1
897536,491123,1
915311,491362,4
915233,491368,1
915076,49138,1
915236,491416,1
897811,491732,1
915245,491874,1
895345,491879,2
915247,49192,1
915089,491961,1
915155,492083,1
915331,492351,1
915160,492404,1
915253,492455,1
915099,49246,1
915161,492463,1
902226,492503,1
915256,49265,1
915102,492667,1
915165,49267,1
915258,492767,2
915340,492852,2
915260,492855,1
915261,492914,1
915173,493005,1
915122,493634,2
915125,493743,1
909064,493754,1
915360,49396,1
915129,494007,2
915131,494160,2
896216,494174,1
915364,494245,1
915196,494325,1
915289,494372,2
915291,494554,2
897705,49457,1
915293,494605,1
915461,494848,1
895555,49495,1
901021,49497,1
915375,4950,2
915604,49506,1
915607,495176,1
915212,495356,1
915609,495386,1
915612,49549,1
915387,495605,1
911129,495618,1
915482,496130,1
915401,49625,1
915483,496251,1
897771,496287,1
915623,496353,1
912795,496558,1
908675,496565,1
915626,496639,1
915629,49672,1
915547,496888,1
915548,496901,1
915636,496928,1
915493,496954,2
915501,497522,1
951092,497548,1
915426,49755,1
915503,497580,1
915650,497639,1
915504,497682,1
901953,49774,1
915562,497828,1
915509,49790,1
902718,498010,1
915434,498195,1
915661,498220,1
946952,498486,1
915517,498492,2
915667,498941,1
915668,498981,1
915579,499033,1
915669,499063,2
904259,499155,1
915672,499268,1
915582,499416,1
915454,499419,1
896250,499429,1
915674,499527,1
915679,499621,2
915758,499680,1
915840,499685,1
915841,499713,1
915682,499777,1
915844,49981,1
915763,499828,1
908861,499838,2
915764,499915,1
915845,499922,1
902921,499928,2
915766,499983,1
915600,500058,1
915850,500137,1
903811,500140,2
915925,500323,1
915695,500380,1
897961,500381,1
915696,500392,1
948736,500492,1
850597,500561,1
915931,500702,1
915703,500714,3
915859,500763,2
915934,500968,1
899356,500981,1
915935,501013,2
915936,501091,1
896548,501178,1
915784,501276,1
908888,501278,1
915715,501355,2
915786,501385,1
915793,501717,1
915720,501728,1
915721,501751,1
915797,501830,1
953480,501837,1
915724,501886,1
915726,501956,2
901642,502066,1
915957,502231,1
915802,502287,1
915962,502418,1
915731,502465,1
915891,502549,1
896833,502782,1
915975,50315,1
915906,503255,1
915907,503319,1
914849,503397,1
912310,503531,1
915055,504022,1
951215,504126,1
915921,504128,1
915635,504216,2
916010,50429,2
915923,50431,1
897808,504322,1
916242,504443,1
916013,50445,2
915997,504459,2
948738,504619,2
916018,504670,1
916094,504675,1
915091,504712,1
860502,113466,1
860582,1134706,1
860584,1134850,1
860505,11349,1
860586,113496,1
860587,1135006,1
860589,1135013,1
860508,113502,1
860887,113515,1
860510,1135172,1
860813,1135570,1
860596,1135676,1
860598,1135834,1
860668,113598,1
860901,1136238,1
860673,1136299,1
860903,1136311,1
860675,1136542,1
860827,1136554,1
860907,1136730,1
860679,1136849,1
860831,1136858,1
860611,1136918,1
860910,1136987,1
860613,1137045,1
860614,1137177,1
851292,1137188,1
860835,1137208,1
860684,1137365,1
860837,11374,1
860685,1137560,1
860839,11376,1
860620,1137672,1
860688,1137683,1
860920,1137749,1
860921,1137880,1
860923,1138135,1
860627,1138318,2
958630,1138380,1
860631,1138624,1
947604,1138706,1
860633,1138843,2
860635,1139025,1
860858,1139170,1
860936,1139207,2
860937,1139248,2
860708,1139460,1
860645,1139978,1
860646,1140046,2
949662,1140186,1
860868,1140203,1
860870,1140434,1
950526,1140489,1
959370,1140588,1
860650,1140599,1
860651,1140662,1
860874,1140795,1
860951,1140809,1
860875,1140847,1
860723,1140997,1
955359,1141041,1
860655,1141049,1
860725,1141093,1
860955,1141113,2
860658,1141237,2
860727,1141248,1
949987,1141268,1
860959,1141456,1
860884,1141585,1
860732,1141654,1
861189,1141801,1
860734,1141829,1
861043,1142132,1
861118,1142345,1
861119,1142550,2
861050,1142962,1
949067,1143171,1
949068,1143226,1
861053,1143228,1
861054,1143281,1
861057,1143493,1
860985,1143494,1
861208,114351,2
955220,1143559,1
951313,1143681,1
861212,1143882,2
861136,1143914,2
861213,1143918,1
861214,1143975,1
860992,1143995,1
861138,1143998,1
860993,1144018,1
953122,1144020,1
954752,1144029,1
861140,1144185,2
861067,1144238,1
860996,1144265,1
861143,1144304,1
861070,1144347,1
861144,1144357,2
861073,114457,2
861002,1144613,1
949185,1144932,1
861228,1144938,1
861079,1145005,1
861080,1145037,1
861009,1145171,1
861232,1145252,1
953999,1145318,1
861157,1145426,1
861158,1145455,1
861159,1145471,1
959462,1145580,1
861162,114569,1
861163,1145781,1
861019,1145975,1
861164,1146011,1
861242,1146016,2
861093,1146111,2
861021,1146143,1
861023,1146241,1
861246,1146365,2
861097,1146423,1
946223,1146582,1
861249,1146603,1
956600,1146774,1
952578,1146810,1
850936,1147004,1
945941,1147029,1
861106,1147044,1
861036,1147244,1
861182,1147256,1
950695,1147261,1
861266,1147434,1
861262,1147468,1
861186,1147580,1
861341,1147676,1
861273,1147903,1
861492,1147936,1
861416,1148059,1
861417,1148083,1
861418,1148140,1
861277,1148176,2
861421,1148250,1
861353,1148406,1
861424,1148410,1
861503,1148621,1
861355,1148633,1
861356,1148736,1
861428,1148741,2
861359,1148842,1
953713,1148937,1
861362,1149042,1
861516,1149282,1
861368,1149327,1
861519,1149406,1
861521,1149497,2
945539,1149536,1
861523,1149547,2
947913,1149548,1
861308,1149721,1
861527,114973,2
861530,1149847,1
861383,1149933,1
947029,1149939,1
861456,1149971,1
861384,1149989,1
861388,1150187,1
861321,1150250,1
861462,115026,1
959718,1150283,1
861322,1150300,1
861463,1150301,1
861323,1150332,1
861326,1150431,3
916005,504744,1
916097,504924,2
916024,50494,2
910437,505147,1
916100,505175,1
916164,505219,1
897657,505221,1
916252,505223,1
956809,505263,1
916165,505292,3
916254,505378,1
907154,505395,1
916034,505662,1
916106,505754,1
916261,505831,1
916262,505870,1
916174,505917,2
916110,505944,1
916176,506004,1
899758,50603,1
916042,506171,1
916180,506186,1
916118,506311,1
947564,506336,1
916185,506384,1
915860,506433,1
916120,506555,1
916122,506706,1
916052,506709,1
916054,50684,1
916126,506886,1
916195,506958,1
916127,506965,1
916197,506993,1
916058,507031,1
916059,507053,1
899468,507063,1
916130,50711,1
955288,507182,1
916204,507194,1
916137,507404,1
955431,507493,1
896306,507499,1
916140,507620,1
896939,507813,1
947497,507940,1
916144,507977,1
903186,508055,1
916218,50824,1
916149,508249,1
916308,508269,1
916151,508328,2
916152,508404,2
907119,508711,1
916155,508769,1
916322,508913,1
911787,509153,1
902997,509653,3
916335,509678,1
914778,509708,1
897075,509942,1
916596,509950,1
902721,510054,1
916348,510201,1
916429,510219,2
916601,510221,1
916501,510343,1
916505,510685,1
916609,510890,1
916439,510988,1
913212,511343,1
916614,511509,1
916364,511561,2
916365,511625,2
916616,511692,1
916521,511854,1
916449,511867,1
916369,511890,1
898189,512050,1
916621,512130,1
897194,512216,1
916376,512349,1
925691,51235,1
916454,512446,1
851161,512466,2
916627,512571,2
916631,512632,1
916634,512924,1
916461,512944,1
916640,513320,1
954472,513325,1
949357,513545,1
916549,513553,2
916646,513563,1
951543,513614,1
916653,513917,1
916655,514051,1
916400,514052,1
916401,514158,3
958695,51417,1
916561,514173,1
916480,514175,1
916404,514283,1
916564,514296,1
916482,514312,1
916666,514885,1
916669,515020,1
912441,515057,2
916671,515197,1
916579,515356,1
916674,515367,1
916761,515380,2
916676,515646,1
916924,515734,1
916678,515812,2
916766,515822,2
916681,515972,1
916930,516112,1
916932,516240,1
916683,516254,1
916773,516476,1
916511,516513,1
916685,516595,1
916776,516608,1
903429,516642,2
903244,516648,1
916688,516746,1
916779,516897,1
916780,516983,1
916861,517150,1
916862,517166,1
916952,517213,2
916954,517321,1
901760,517465,1
909656,517470,1
916961,517659,1
916713,517842,1
907901,517857,1
916965,51789,1
916877,517927,1
895561,518044,1
916969,518123,1
916812,518176,2
916720,518300,1
916816,518318,1
916022,518341,3
916821,518544,1
949499,518662,1
954570,518673,1
916981,518751,1
916984,518850,3
916827,518883,1
909627,518889,1
916986,518893,1
916890,518921,1
916892,518967,1
903585,518984,1
916831,518999,1
916894,519002,1
916832,519025,2
916835,519084,1
916897,519087,1
916742,519250,1
902248,519618,1
899427,51971,2
907278,519770,1
917008,519838,2
917085,519910,2
917086,519949,1
917174,519961,2
900699,520049,1
917179,520110,1
917018,520216,2
898901,520283,2
917248,520309,1
917092,520341,1
917029,520462,1
917098,520578,1
904082,520601,1
917258,520655,1
917042,521016,1
917043,521062,1
917112,521112,1
958812,521141,1
917210,521328,1
917274,521350,2
898149,521452,1
917121,521577,1
899235,521721,2
901855,521731,2
899561,521753,1
951761,1114433,1
859381,1114846,1
859310,1114955,1
859383,1115024,1
859463,1115134,1
859244,1115547,1
859619,1115605,1
859620,1115676,1
859391,1115688,1
859691,1115952,1
859477,1115973,1
859549,1116023,1
850746,1116102,1
859628,1116108,1
859630,1116226,1
859632,1116399,2
859483,1116485,1
859555,111655,1
859484,1116560,1
851524,1116753,1
951746,1116770,1
952244,1116807,1
859487,1116862,1
859638,1116874,1
859705,1116896,1
947918,1117024,1
859563,1117291,1
859491,1117302,1
859565,1117427,2
859493,1117501,1
859711,11177,1
859567,1117738,1
859571,1118274,1
859649,1118378,1
859574,1118401,1
859503,1118541,1
859577,1118619,1
859722,1118640,1
859507,1118803,2
859508,1118864,1
859725,1118869,1
859583,1118931,1
859511,1119043,2
859584,1119074,1
859585,1119145,2
859586,1119184,2
954721,1119197,1
859663,1119313,2
859588,1119363,2
953927,1119459,1
859518,1119669,1
859736,1119748,2
859593,1119853,1
859670,1119989,1
859522,1119991,1
859523,1120007,1
954834,1120045,1
859524,1120095,1
859526,112035,1
859679,1120552,1
859748,1120568,2
859605,1120817,1
859607,1120904,2
859535,1121059,2
945879,1121080,1
949541,1121339,2
859537,1121358,1
949878,1121704,1
850656,1121711,1
859541,1121718,1
859761,1121879,2
859840,1121951,1
859768,1121972,1
859764,1121988,1
859769,1122011,1
859999,1122479,1
859847,1122513,1
952411,1122670,1
860002,1122745,2
859925,1123025,1
859784,1123365,1
859929,1123369,1
859785,1123447,1
859858,1123451,1
947470,1123511,1
859859,1123535,1
946848,1123590,1
859932,1123617,2
860014,112379,1
859934,1123803,2
859862,1123805,1
946893,1123893,1
859792,1123958,1
859867,1124063,1
859940,1124090,1
859869,1124222,1
859870,1124275,1
859797,1124284,1
859943,1124335,1
945731,1124498,1
946163,1124516,1
860028,1124576,1
859802,1124641,1
859949,112472,2
859807,1124963,1
859953,1124967,1
947928,1124969,1
859881,1124970,1
859957,1125226,1
958354,1125386,1
951196,1125507,1
859963,1125534,1
860045,1125615,1
859824,1125925,1
860052,1125960,1
860053,1126009,1
949957,1126353,1
860059,1126384,1
850993,1126420,1
859833,1126473,1
859979,1126498,1
859835,1126552,1
859909,1126558,1
952100,1126803,1
860068,1126813,1
860221,1127073,1
860145,1127183,1
949057,1127258,1
860225,1127260,1
860301,1127314,2
860149,1127333,2
860302,1127336,2
860303,1127401,1
860229,1127416,1
949674,1127419,1
860151,1127433,1
860305,1127530,2
860082,1127559,1
860154,1127606,1
860156,1127687,1
860315,1127916,1
954839,1127963,1
952722,1127996,1
860244,1128013,1
860168,1128243,1
860247,1128274,2
860098,1128288,1
946762,1128348,1
955026,1128497,1
860172,1128512,1
860251,1128592,1
851051,1128618,1
860104,1128682,1
860105,1128726,1
860107,112892,1
860330,112893,1
860108,1128946,1
860181,1129021,1
860111,1129039,2
860183,1129175,1
860262,1129300,1
860113,1129342,1
860336,1129353,1
860337,1129388,2
860342,1129684,1
860343,1129719,2
860344,1129746,1
860346,1129837,1
860273,1129842,1
860194,1129934,1
860126,1129950,1
860349,1130011,2
860276,1130014,1
860352,1130235,1
860353,1130317,1
861467,1150436,1
861468,1150481,1
861547,1150549,1
861397,1150562,1
861331,1150649,1
861473,1150725,1
958552,1150745,1
959763,1150785,1
861476,1150902,1
861335,1150943,1
861405,1150971,2
861407,1151091,1
861338,1151105,3
861558,1151115,1
946363,1151203,1
861483,1151244,1
861484,1151306,1
861412,115134,1
861569,1151524,1
959010,1151593,1
861794,1151659,1
949371,1151785,1
953426,1151787,1
861723,1151815,1
861725,1151864,1
861800,1151871,1
861726,1151888,2
861654,1152005,1
861655,1152050,1
861804,1152083,2
861805,1152137,1
861807,1152258,1
861808,1152279,1
861588,1152373,1
861661,1152497,1
861589,1152502,1
861662,1152551,1
861811,1152614,1
861812,1152683,2
861592,1152705,1
861665,1152713,1
861816,1152868,1
861743,1152975,1
861599,1153073,1
861821,1153111,2
861823,1153214,1
861830,1153925,1
861756,1153961,1
861683,115398,1
861757,1154010,1
861684,1154039,1
959449,1154257,1
959745,115434,1
861761,1154370,1
951705,1154388,1
954508,1154464,1
861762,115447,3
861689,1154516,2
861838,1154589,1
861765,1154659,2
861621,1154713,1
861767,1154716,2
947921,1154722,1
861696,1154912,1
861625,1154976,2
861627,1155104,1
950609,1155139,1
861701,1155234,1
861850,1155253,1
861776,1155274,1
851069,1155375,1
861852,1155384,1
861777,1155446,1
861853,1155453,1
861778,1155489,1
861634,1155561,1
851089,1155563,1
861779,115565,2
861709,1155735,1
861863,1155957,1
951415,1155989,1
861785,1156176,1
861714,1156200,1
861866,1156212,1
861937,1156285,1
862021,1156788,1
954586,1156859,1
861948,1156923,1
861952,1157088,1
861953,1157202,1
861883,1157209,1
862028,1157257,1
862106,1157291,1
862033,1157660,1
947559,1157743,1
861890,115778,1
862114,1157872,2
955120,1157912,1
861892,1157963,1
862038,1157972,1
956861,1157981,1
945429,1158018,1
850915,1158311,1
862121,1158350,1
861898,1158599,1
861972,1158626,1
861973,1158737,1
862048,1158754,2
861901,1158809,2
862128,1158912,1
862051,1158959,1
862129,1158990,1
861977,1159026,1
861904,1159039,1
862130,1159059,1
945425,1159075,2
861980,1159168,1
861907,1159169,1
861909,1159265,1
862057,115930,1
862135,1159321,1
861983,1159336,1
861984,1159364,1
862137,1159373,1
861985,1159403,3
862060,1159437,1
945940,1159468,1
861987,1159484,1
861988,1159589,1
862143,1159644,1
861918,1159677,1
945582,1159735,2
862146,1159766,1
862147,1159900,2
861995,1159903,1
861996,1159913,2
862071,1159944,2
861997,1159948,1
862150,1159961,1
862000,1159993,1
862153,1160036,1
862076,1160069,1
862154,1160152,1
862157,1160222,1
862081,1160300,1
862159,1160315,1
861935,1160356,1
862084,1160379,2
952245,1160390,1
862163,1160427,1
862011,1160430,2
862086,1160440,1
851479,1160442,1
862391,1160674,1
862240,1160737,1
862321,1160793,1
958374,1160923,1
862396,1160930,1
862252,1161512,1
862405,1161521,1
862181,1161663,1
950553,1161817,1
862182,1161891,1
862336,1161948,1
862258,1161954,1
862259,1162076,1
862338,1162095,1
945980,1162187,1
862261,1162228,1
862340,116231,2
862415,1162363,1
862263,1162380,1
862417,1162439,1
862190,1162464,1
862266,1162560,1
917281,521823,1
917053,521834,1
949595,521847,1
917216,521850,1
917283,521869,2
917054,521875,1
917217,521878,1
917056,522007,1
917129,522059,1
917295,522257,1
917296,522291,1
898700,522318,2
917066,522365,1
917140,522386,2
917141,522487,1
906756,522650,1
951542,522651,1
917145,522671,1
912236,522683,1
917308,522714,1
917316,523029,2
917154,523031,1
917157,523169,1
917333,523393,1
959800,523430,1
917426,523435,1
917345,523450,1
917427,523456,1
906500,52349,3
917495,523492,2
959534,523580,1
909858,523597,1
917498,523600,1
915938,523626,1
917500,523763,1
917354,523789,1
917568,523852,1
898855,523887,1
917569,523904,2
917504,523918,1
947243,523923,1
917435,524048,1
917571,524099,1
959152,524209,1
917572,524216,1
917573,524237,1
917576,524434,1
917445,524454,1
917578,524490,1
917513,524495,1
917450,524634,1
917372,524688,1
902053,524706,1
917453,524737,1
917454,524770,1
915734,524834,1
902403,524854,1
917379,524887,1
908608,52490,1
917457,524920,1
899349,524939,3
899806,524979,1
895356,52499,1
917528,524991,1
896779,525033,1
917529,525055,1
917388,525208,1
917461,525217,1
917601,525296,1
917393,525307,2
950304,525562,1
917540,525656,1
910424,525727,1
947491,525737,1
910162,525787,1
917478,525930,1
917409,525945,2
959232,525955,1
917550,526132,2
917777,526542,1
904820,526613,1
958418,526640,2
947630,526641,1
917645,526748,2
917631,526782,1
917786,526998,1
917787,527066,1
897182,527090,1
917844,527176,1
917651,527208,1
917846,527277,1
917792,527336,1
910957,527338,1
917849,527385,1
895362,527568,1
917728,527596,1
898964,527617,1
917798,527755,2
917855,527942,1
917803,528163,1
917804,528251,1
917859,528377,2
917862,528504,2
917677,528555,1
959798,528630,1
917811,528769,1
917814,529037,1
948717,529206,1
917749,529577,1
895473,529837,1
947762,529967,1
900208,530185,1
917889,530304,1
917829,530510,2
917892,530516,1
903998,530520,2
959210,530544,1
917703,530596,1
917822,530655,1
917761,530673,1
911353,53082,1
917836,530832,2
904086,530906,1
917707,53095,1
895475,530954,1
917900,530957,1
917901,531034,1
895368,531075,1
913729,531093,2
911883,531262,2
917768,531318,1
916919,531326,1
903014,531365,1
895476,531454,1
917902,531470,1
917716,531649,1
918054,531715,2
917905,531725,1
918055,531749,2
906912,531864,1
918057,531999,3
918058,532074,1
895478,532094,1
959631,532350,1
918004,532500,1
918067,532590,1
917928,532602,1
895263,532689,1
917931,532716,1
918138,532736,1
917933,532891,1
946806,532920,1
918009,532939,1
918011,533032,1
918014,533163,1
918147,533201,2
918075,533340,1
918019,533848,1
918084,533976,1
918086,534216,1
918162,534233,1
917959,534435,1
949229,534882,1
918176,535004,2
917967,535026,3
950586,535248,2
917971,535308,1
917972,535377,1
918184,535388,1
918185,535445,1
918186,535471,1
918111,535482,1
918037,535529,1
918188,535565,1
851416,535709,1
918192,535759,1
918040,53576,1
917988,53593,1
918043,536017,1
918195,536095,1
917996,536160,1
918123,536205,2
918046,536265,1
905147,536318,1
918201,536336,2
918126,536340,1
918127,536379,1
918049,536408,1
895371,536465,2
918339,536563,1
958544,536615,1
860281,1130405,1
860283,1130532,2
860203,1130584,1
851593,1130718,2
860288,1130771,1
860208,1130846,1
860289,1130863,1
860140,1130890,2
860362,1130916,1
860515,1131056,1
860369,1131160,1
860737,1131186,1
860370,1131202,1
860519,1131284,1
860520,1131296,2
860743,1131385,1
860523,1131400,2
860524,1131446,2
860525,1131508,1
860377,1131544,1
955104,1131709,1
860450,1131747,1
860752,1131930,2
860456,1132041,1
860755,1132044,1
860458,1132085,1
860764,1132559,1
860546,113270,1
860547,113280,1
860548,1132871,2
860769,1132910,1
860549,1132945,1
860550,1133039,1
860472,1133094,1
860403,1133144,1
860473,1133146,1
860773,113320,1
860407,1133352,1
953084,1133359,1
860776,1133367,1
946309,1133382,1
860479,1133478,1
860778,1133486,1
860779,1133547,1
860560,1133577,2
860483,113367,1
860565,1133844,1
860417,1133861,1
860487,113387,4
860488,1133911,1
860489,1133936,1
860788,1133948,1
860569,113400,1
860791,1134133,1
860423,113414,1
860425,1134183,2
860575,1134318,2
952339,1134325,1
860796,1134358,1
860576,1134359,1
860498,1134369,1
860577,1134376,1
947729,1134389,1
860578,1134447,1
860501,1134500,1
860432,1134556,1
860801,113461,1
860433,113463,1
860434,1134714,1
860435,1134783,2
951743,1134794,1
860804,1134846,1
860588,1135026,1
860590,113503,1
860509,1135121,2
860811,1135250,1
860593,1135377,1
860890,1135444,1
860594,1135482,2
860814,1135627,1
860664,1135755,1
860816,1135818,1
860665,1135848,2
860666,1135885,1
860667,113591,2
860820,1135987,1
860821,1136011,1
860899,1136027,1
860671,1136178,1
860605,1136320,1
860826,1136455,2
860608,1136691,1
954539,1136709,2
860680,1136934,1
956779,1137081,1
860686,1137597,1
860687,1137633,1
860842,1137744,1
860692,1138072,1
860694,1138254,1
860847,1138285,1
860695,1138326,1
860848,1138339,1
860697,1138454,1
946840,1138644,1
952988,1138696,1
860632,1138701,1
860855,1138942,1
860934,1139052,1
860935,1139140,1
860706,1139241,1
860707,1139301,2
860941,1139721,1
860712,1139909,1
860648,1140298,1
860871,1140586,1
860872,1140627,1
860952,1140909,1
860953,1141026,4
860879,1141202,1
860731,1141573,1
861037,1141676,1
861038,1141695,1
860733,1141777,2
861039,1141808,2
861041,1141959,1
861115,114197,1
861045,1142509,1
861047,1142656,1
860975,1142661,1
861122,1142833,1
861123,1142934,1
861201,1143015,1
861051,1143021,1
860979,1143031,1
958333,1143179,1
861203,1143224,1
861204,1143249,1
860982,1143285,1
861205,1143292,1
860983,1143303,1
861129,1143308,1
950484,1143326,1
861207,1143479,1
860987,1143595,1
860988,1143776,1
950810,1143795,1
860989,1143843,1
861063,1143922,3
950014,1143963,1
861065,1144017,1
861066,1144065,2
861219,1144290,1
861220,1144336,2
860999,1144438,1
861146,1144540,1
861075,1144632,1
861226,1144684,1
861076,1144702,1
861156,1145323,2
861014,1145509,1
861237,1145562,1
861087,1145579,1
861238,1145612,1
861088,1145637,1
861016,1145654,1
861018,1145820,1
861094,1146168,1
947910,1146353,1
861170,114654,1
951965,1146540,1
954870,1146548,1
861027,1146622,1
861172,1146631,1
861029,1146807,1
918221,536624,2
918340,536658,1
918210,536660,1
918569,53670,1
918345,536884,1
918215,536968,1
918350,53711,1
918461,537330,3
918590,537343,1
918359,53740,1
918594,537491,1
918365,537554,1
918254,537614,4
918258,537734,2
850610,537752,1
918259,537754,2
918374,537807,1
918376,537879,1
918610,537974,1
918476,537993,1
906052,538056,1
918277,538087,1
918388,538202,1
958917,538207,1
908578,538275,1
957153,538310,1
918282,538331,1
901579,538370,1
897962,538372,1
901067,538575,2
918291,538579,1
918404,538631,1
918295,538767,1
918296,538883,2
918418,539112,2
918422,539305,1
918507,539372,1
918307,539546,2
918432,539621,1
918516,539674,1
918310,53970,1
895571,540213,1
918670,540980,1
907122,541022,2
918547,541025,1
918551,541221,1
918681,5413,1
918802,541302,1
919010,541314,1
919011,541327,1
908311,541329,1
919016,541464,3
917639,541619,1
906329,541727,1
918699,541766,1
918813,541966,2
918817,542128,1
901948,542199,1
918713,542313,1
916355,542365,1
918719,542414,1
918905,542424,1
918831,542613,1
950673,542701,1
913432,542710,1
918727,542720,1
918912,542728,1
918729,542779,1
919048,54296,2
918734,543051,1
918842,543218,1
918926,543301,1
919063,543557,1
915896,543564,2
919065,543588,1
918932,543758,1
919068,543788,1
918761,544188,1
851474,544218,3
918862,544320,1
919090,544564,1
918779,544729,2
918966,544777,1
919101,544999,2
918783,545011,2
918980,545197,1
919107,545225,1
918790,545259,1
918890,545274,2
918985,545289,1
919116,545390,1
899635,545402,1
898642,545677,1
918995,545712,1
919525,545744,2
919531,545931,1
919310,546029,1
919533,546036,1
918704,546057,2
919315,546093,1
919540,546279,1
954381,546289,1
919324,546418,1
895575,54646,1
919328,546551,1
919331,546664,1
919552,546816,1
919553,546918,1
899350,547011,1
949973,547146,1
946974,547188,1
919560,547291,1
919562,547445,1
919221,547485,2
919223,54752,2
919566,547755,1
919228,547882,1
919233,547920,1
919249,548747,1
959530,549015,1
948721,549463,1
919375,549577,3
919379,549672,1
919478,549692,1
919601,549802,1
896819,549858,1
850717,549895,2
919273,550174,2
919605,550185,1
919612,550513,1
919614,550586,1
919397,550661,1
949262,550691,1
911155,550806,1
906242,550812,1
899045,550827,1
919286,550861,2
948723,550999,1
952541,551020,1
919291,551143,1
919507,55131,1
919630,55135,1
919955,551386,1
919632,551408,1
919751,551594,1
919515,551603,1
919142,551607,1
951709,551698,1
919516,551855,3
919963,55195,1
919760,552105,2
952323,552244,1
919644,552267,1
919853,552443,1
919856,552472,2
959863,552594,1
919976,552680,1
919770,552721,1
919861,552726,1
909049,552756,1
919773,55294,1
907571,55311,1
919985,553124,1
919993,553385,1
919668,553459,1
906409,55363,1
920004,553941,1
919677,553942,2
948735,553993,1
919798,554046,1
919682,55406,2
919886,554138,1
901807,554270,1
919809,554440,1
898896,554454,1
919811,554530,1
920029,554540,1
919696,554548,1
919814,554676,2
907596,554706,1
919818,554987,1
919703,55514,2
919706,555323,1
919918,555605,1
851200,555718,1
919835,555987,2
920060,556159,1
919840,556178,1
919930,556328,1
920064,556333,1
946426,556443,1
919727,556493,1
920068,556552,1
920070,556632,1
919937,556764,1
919939,556987,1
919737,557084,1
920079,557133,1
902141,557219,1
908132,557269,1
919949,557689,1
911459,557839,1
919269,558391,1
919970,55840,1
952729,558663,1
920233,558881,1
920593,559167,1
919035,55987,1
920394,559933,1
899676,560079,3
958369,560378,1
946955,560387,1
920410,560472,1
905672,560617,1
951525,560693,1
920133,56078,1
920134,560813,1
907580,560873,1
920272,56113,1
920647,561154,1
904002,561209,1
920277,561322,1
920438,561467,1
920439,561524,1
920442,561559,1
950965,561686,1
920452,561810,1
920153,561858,1
918981,561911,1
904060,562056,1
920303,562063,1
908434,562301,1
920165,562325,1
920691,562447,1
920319,562524,1
920321,562551,2
919795,562575,2
920325,562643,1
920179,562715,1
947197,562809,1
920490,562832,1
920184,562879,1
920726,563238,2
920922,563427,1
920200,563477,1
920928,56357,1
920934,563694,2
920936,563739,1
949606,563768,1
909800,563941,2
920754,564021,1
920757,564085,1
920767,564354,1
895271,56442,2
920969,564500,1
921332,564512,1
921148,56458,1
921334,564593,1
900542,564596,2
921153,564743,2
916101,56488,1
920994,564972,1
901449,564974,2
920997,565039,1
921165,565109,1
921358,565258,1
901475,565363,1
921177,565499,2
921377,56582,1
901905,565864,1
909754,565929,2
908622,565947,1
920844,566003,1
921201,566070,1
921387,566243,1
920852,566250,1
921390,566256,2
921207,566282,1
899985,566364,1
850913,566406,1
921400,56660,1
920871,566610,1
920874,566671,1
959588,566700,1
906680,566778,1
899917,566784,1
921228,566907,1
916370,56715,1
921414,567162,2
920896,567175,1
920902,567271,1
921120,567445,1
901158,567640,1
921432,567695,1
921438,567701,1
921440,567753,1
919909,567850,1
921286,568089,1
899185,568095,1
921614,568171,1
921616,56822,1
921792,568355,1
921464,568457,1
905004,568522,1
950289,568526,1
921935,568536,1
947565,568609,1
921809,568711,1
921479,568752,3
921640,56876,1
905267,568763,2
921821,569080,1
921657,569131,1
910466,569266,1
921825,569292,1
921980,569463,1
921834,569479,1
921981,569493,1
917200,569507,4
899961,56962,1
954466,569651,1
921838,569695,1
921520,569715,1
918449,569736,1
921844,569808,1
921000,570143,1
851205,570154,1
912896,570347,1
921857,570393,1
921538,570455,1
921707,570512,1
902480,570559,1
921594,570653,1
900889,570667,1
921711,570776,1
922009,570849,1
921715,570885,1
921868,570894,2
896784,571386,1
921884,571398,1
921726,571445,1
921890,571605,1
922031,571790,1
902036,571968,1
921901,571979,1
922043,572278,1
921911,572419,1
921913,572467,1
950686,572678,1
922058,572767,1
908256,57279,4
918255,572815,1
946156,572840,1
922059,572930,1
896183,572947,1
922067,573058,1
920347,57311,2
953485,573440,1
895386,573748,1
922274,573846,1
851210,573872,1
919801,573934,1
922116,573998,1
922083,574027,1
922410,57408,1
922119,574123,1
922420,574497,2
922128,574534,1
922289,574538,1
922131,5746,1
922134,574703,1
922430,574846,1
919639,574860,1
953751,574919,1
922142,575125,1
922558,575254,2
922146,5753,1
952400,575461,1
922572,576175,1
922452,576277,1
922167,576409,1
922172,576498,1
922176,576877,1
861174,1146817,1
861103,1146869,1
861255,1146941,1
861256,1147043,1
952526,1147051,1
861033,1147061,1
861258,1147195,1
861261,1147379,1
861269,1147649,1
861187,1147650,2
950311,1147685,1
861188,1147706,1
861342,1147797,1
861415,1147914,1
861346,1148069,1
861276,1148135,1
861498,1148252,1
861422,1148296,1
861352,1148318,1
861282,114841,1
861502,1148586,1
861427,1148673,1
861429,1148779,2
861358,1148805,1
861431,1148865,1
861510,1148953,2
861293,1149062,1
959331,1149064,1
861367,1149298,1
861440,1149321,1
851050,1149376,1
861304,1149527,1
861305,1149567,1
861306,1149618,2
861447,1149626,2
861525,1149646,1
861311,1149840,1
861453,1149885,1
861532,1149901,1
952111,1149916,1
861315,1149937,3
861457,1149998,1
947128,1150048,1
861318,1150121,1
861538,1150143,1
861461,115022,1
861464,1150333,1
861542,1150336,3
861544,1150424,1
861327,1150478,1
945396,1150560,1
861471,115062,1
950766,1150662,1
861472,1150669,1
861401,1150748,1
851309,1150764,1
861474,1150798,1
861552,1150817,1
861334,115090,1
861477,1150944,2
943550,1151009,1
861337,1151029,1
861557,1151090,1
861339,1151131,2
861482,1151223,1
861564,1151240,1
861411,1151260,1
861485,1151352,1
861563,115136,1
861568,1151469,1
861571,1151592,1
861572,1151621,1
954529,1151726,1
861575,1151748,1
861796,1151754,1
861797,1151800,1
861651,1151858,1
861652,1151877,1
861581,1151906,1
861727,1151947,1
861583,115207,1
861656,1152088,1
861584,1152100,1
861586,1152193,1
861587,115227,1
952154,1152361,1
861735,1152503,1
861664,1152689,1
861593,1152716,1
956635,1152844,1
861741,1152855,1
861819,1153004,2
861601,1153130,1
861674,1153157,1
861602,1153176,1
861603,1153227,1
861750,1153382,1
861605,1153419,1
861752,1153493,1
861679,1153599,1
861754,1153742,1
861833,1154179,1
861759,1154248,1
861615,1154364,2
951097,1154844,1
861769,1154893,1
861624,1154947,1
947922,1154964,1
861697,1154970,1
861771,1154980,2
861847,1155070,1
861773,1155136,1
861700,1155156,1
861774,1155207,1
861851,1155284,1
861633,1155472,1
861854,1155508,1
861635,1155639,2
861780,1155713,1
861781,1155859,1
861783,1155960,1
946450,1156070,1
861713,1156164,2
861865,1156170,1
861939,115637,1
861870,1156463,1
861943,1156647,2
862018,1156654,1
861945,1156717,1
862020,1156750,1
861876,1156782,1
861949,1156954,2
862102,1156996,1
861880,1157011,1
861954,11573,1
862029,1157339,1
861886,1157569,1
862031,1157574,1
861887,1157600,2
945757,1157658,1
862113,1157828,2
851033,1157859,1
861962,1157882,1
861891,1157899,1
958290,1158025,1
861964,1158050,1
862120,1158303,3
862043,1158346,1
862122,1158494,1
861971,1158589,1
862125,1158678,1
862049,1158819,1
862127,1158832,2
945772,1158890,1
862052,1159050,1
861979,1159128,1
862134,1159230,1
861910,1159337,1
861911,1159365,1
958338,1159594,1
862063,1159600,1
861989,1159616,1
861916,1159620,1
862064,1159621,2
861991,1159646,1
956989,1159692,1
861992,1159693,1
862067,1159728,2
861993,1159738,1
862148,1159911,1
861925,1159968,1
862151,1159978,1
862079,1160220,1
947930,1160245,1
953938,1160322,1
904505,576907,1
922584,577014,2
922179,577299,1
922183,577504,1
922185,577606,1
922481,577778,1
922485,578016,1
922198,578513,1
922202,578629,1
922610,578647,1
903346,578956,1
921567,579029,1
895387,579059,1
922619,579192,2
922507,579301,2
922626,579418,1
922628,579538,1
947406,579540,1
922224,579594,1
922369,579701,1
922520,580185,1
922238,580288,1
922523,580312,1
922785,580377,1
922640,580378,1
922245,580386,1
922667,580390,1
922656,580434,1
922642,580512,1
922643,580546,2
922792,580563,1
922645,580617,2
922666,580664,2
910068,58081,1
922654,581261,1
922919,581328,1
922922,581431,1
897967,581481,1
922926,581610,1
922688,581957,2
923134,582139,1
922694,582262,1
923136,582333,2
922698,582491,1
922951,582505,1
915615,582592,1
913905,582801,1
922853,58296,1
917232,582981,1
921066,583003,2
922964,583012,1
923147,583123,1
896033,583226,1
923150,583273,1
902703,583367,2
922858,583394,1
922985,583609,2
922989,583765,1
922870,583961,1
948754,584137,1
918636,584165,1
922878,584170,1
920870,584360,2
922881,584394,1
902743,584662,1
922890,584673,1
923187,584695,1
910067,584833,1
923192,584881,1
949802,585019,1
922894,585025,1
922755,585048,1
922757,585096,1
907746,585158,1
923034,585483,1
922756,585507,2
923209,585546,1
922908,585595,2
923217,585734,2
923219,585776,1
922914,585837,1
904935,585995,1
923652,586417,1
923072,586585,1
920862,58688,3
923087,58713,2
923672,587153,1
923394,587233,1
923258,587273,1
923675,587345,1
900235,587415,1
850330,587427,2
850780,587433,1
923515,587531,1
904901,58755,3
923682,587588,1
923270,587594,1
919631,587624,1
923686,587688,1
923273,587744,1
922581,587990,2
923419,588223,3
953891,588249,1
923538,588556,1
923431,588589,1
923436,588822,2
918378,588900,1
923551,588937,2
896066,589065,1
923308,589280,1
895277,589387,1
903935,589390,1
951170,589585,1
910033,589617,1
923465,589789,2
923737,589796,1
945403,589849,1
923330,589950,1
923586,590014,1
920701,590060,2
923341,590143,1
923599,590246,1
923343,590292,1
923488,590307,1
923755,590384,2
912206,590638,1
908781,591028,1
923363,591162,1
920411,591300,2
923936,591348,1
948756,591458,2
923785,591465,1
923788,591501,1
923793,591592,1
911447,591690,1
923795,591723,1
924231,591898,2
923959,591943,1
903070,591955,1
901473,592006,1
921221,592183,1
923816,592296,1
924246,592322,2
924066,592349,1
924252,592422,1
923821,592479,1
923825,592587,2
947427,592701,1
924082,592780,1
924083,592824,1
924272,592888,1
924276,592932,1
923988,592968,2
924279,593002,1
896412,593045,2
900740,593188,2
905963,593437,2
924296,593518,1
921666,593619,1
923862,593694,1
924007,593695,1
923864,593710,1
924011,593802,1
923867,593826,1
924108,593878,1
923869,593900,1
924317,593975,1
924122,594163,1
919134,594181,1
924329,594257,1
924029,594299,1
896723,594401,2
899924,594460,1
921898,594479,1
923887,594481,2
923890,594571,2
909968,594745,3
851476,594848,1
924146,594884,1
924359,594907,1
924362,594939,1
924000,595000,1
958286,595217,1
907341,59531,1
909988,595654,1
923528,595672,1
902963,595701,1
898231,595778,1
945487,595821,1
924751,595848,1
924191,595972,1
861934,1160329,1
862082,1160330,1
862160,1160349,1
862083,1160358,1
862009,1160364,1
862089,1160689,1
862392,1160703,1
862318,1160724,2
862242,1160786,1
862168,1160891,1
862243,1160894,1
862244,1160948,1
862245,1160978,2
862324,1160993,1
862399,1161142,1
862172,1161154,1
862247,1161159,1
862401,1161234,1
862327,1161250,2
862249,116131,1
862331,1161523,1
862253,1161547,1
862256,1161682,1
862335,1161833,2
862337,1162069,1
862184,1162071,1
862187,116234,2
862341,1162372,1
862416,1162383,1
862418,1162473,1
862420,1162679,2
862347,1162726,2
862424,1162888,1
862425,1163009,2
862199,1163081,1
862355,1163241,1
862357,1163318,1
862279,1163373,1
951749,1163415,1
862283,1163698,1
862209,1163721,1
862285,116379,1
862211,1163801,1
862439,1163812,1
862287,1163881,2
862440,1163884,1
862371,1164121,1
862293,1164248,1
862445,1164268,1
862219,1164298,1
862295,1164392,1
951015,1164522,1
851403,1164544,1
862380,1164780,1
862454,1164798,1
862227,1164822,1
862383,1164906,1
862384,1164931,1
862231,1164970,1
862614,1165268,1
949498,1165302,1
862464,1165312,1
862688,1165456,1
862542,1165629,1
862691,1165643,1
862621,1165651,1
862543,1165657,1
862692,1165661,1
862471,1165670,2
862545,1165730,1
862547,1165770,2
949469,1166042,1
862632,1166235,2
862705,1166319,1
862484,1166334,1
862706,1166348,1
862637,1166582,1
862638,1166635,1
862560,1166637,1
956658,1166644,1
862641,1166765,1
862564,1166774,1
953027,1166784,1
862643,1166815,1
862494,1166839,1
862567,1166872,1
862719,1166962,1
862649,1167003,1
947314,1167077,1
862574,1167081,1
862503,1167090,1
862655,1167194,2
950339,1167203,1
862656,1167241,1
862729,1167316,1
862582,1167424,2
862583,1167456,1
862513,1167491,1
862515,1167515,2
862517,1167604,1
862667,1167746,1
862519,1167795,1
862590,1167812,1
862742,1167860,1
958974,1168120,1
862526,1168129,1
862749,1168296,1
862528,1168298,1
862751,1168333,1
862603,1168454,1
862533,1168483,1
862755,1168494,1
947684,1168519,1
862756,1168521,1
862684,116855,1
862685,1168628,1
862760,1168778,1
862763,1168921,1
862914,1168926,1
862768,1168954,1
862916,1169014,1
862770,1169125,1
862841,1169129,1
862918,1169141,1
862991,1169157,1
862772,1169200,1
862773,1169227,1
862845,116927,2
862775,1169299,1
946176,1169305,1
862995,1169310,1
862848,1169345,1
862781,1169455,1
863002,1169526,2
863004,1169609,1
862932,1169616,1
862785,1169618,1
862786,1169632,1
949458,1169695,1
862936,1169752,1
863009,11698,1
862862,1169905,1
862941,1170026,1
863014,1170068,1
862795,1170075,1
947949,1170110,1
862943,1170123,3
862867,1170162,1
863016,117018,2
862944,117019,3
862946,117028,1
862799,1170303,1
862871,1170326,1
863022,1170422,1
863023,1170499,1
862951,1170606,1
862875,1170630,1
862878,1170711,1
863027,1170716,1
862955,1170720,1
862958,1170833,1
862959,1170968,1
851168,1170988,1
863032,1170990,2
862813,1171017,1
862961,1171040,1
862887,1171155,1
952035,1171191,1
863039,1171256,1
862820,1171299,1
862969,1171388,1
952540,1171490,1
851400,1171630,1
850622,1171641,1
955357,1171679,1
959011,596,1
924195,596051,1
895592,596148,1
898505,596316,1
924555,596487,1
896758,596543,1
909743,596552,1
924588,596654,1
924419,596658,1
902717,596676,1
924774,596699,1
924595,596730,2
924776,596738,1
948762,596797,1
924881,596801,1
902207,596824,1
920865,596833,1
924783,596892,1
918438,596915,1
910254,596989,1
924787,596998,2
924790,597017,1
959414,597026,1
946017,597030,1
919322,597098,1
945791,597398,1
924913,597400,1
924797,597465,1
924635,597518,1
924920,597616,1
909484,597730,1
924646,597854,1
924942,597947,1
924475,597989,1
924820,598135,2
924952,598155,1
924664,598210,1
924670,598373,1
924042,598423,1
924675,598557,1
901030,598747,1
924975,598947,1
924687,599024,2
924510,599032,1
924984,599115,1
922004,599250,2
924853,599367,1
924698,599427,1
924676,599436,2
924528,599839,1
919923,599907,1
905084,600365,1
949218,600418,1
850785,600470,1
954980,600472,1
950702,600480,1
925431,600746,1
925436,600805,1
925440,600937,1
925260,601002,1
947704,601111,1
925080,601173,1
925043,601195,1
925267,60121,1
920096,601430,2
925276,601461,1
925280,601681,2
925283,601749,1
925096,601752,1
906136,601892,2
925111,602381,1
925300,602441,1
925302,602521,1
908135,602528,2
925305,602563,3
925116,602564,2
925490,60259,1
925624,602980,1
925135,603289,1
905789,603453,1
925645,603595,1
925646,60370,1
923398,603799,1
916416,603891,1
925161,60425,1
925361,604272,1
904632,604340,1
925179,60456,1
925540,604586,1
925550,604905,1
925197,60500,1
917234,605065,1
925689,60516,1
954591,605365,1
925399,605478,1
925215,605488,1
951833,605555,1
925562,605560,1
925570,605793,1
925577,606077,1
925711,606168,1
925719,606619,1
897927,606742,1
850842,606760,1
925728,606785,1
921892,606798,1
959348,606927,1
905448,606937,1
925770,607062,1
925774,607354,2
926236,607619,1
925777,607698,1
925401,607862,1
926246,607965,1
903873,607976,1
915648,608350,1
850800,608415,1
925952,608459,1
922829,608511,2
926259,608564,1
926128,608615,2
926134,608672,1
904070,608792,1
950613,608861,1
926271,609025,1
925818,609108,1
946529,609193,1
926276,609230,1
926154,609237,1
925985,609382,1
926282,609525,1
923837,609658,1
926285,609804,1
925778,609819,1
953847,610081,1
920641,610238,1
926007,610295,1
898096,610601,1
925857,610864,2
925860,610995,1
926195,6113,3
953698,611316,1
925864,611347,1
926330,611363,1
925866,611397,1
920117,611462,1
919740,611495,1
921304,611511,1
922760,61158,1
949149,611600,1
926344,611663,2
926043,611702,1
921714,611866,1
925885,611966,1
926349,611968,1
921154,61206,1
920797,612126,1
926225,612339,1
898798,612468,1
926562,61254,1
926231,612598,1
926234,612809,1
926373,613017,1
926379,613150,1
926574,613223,1
926381,613231,1
926951,613631,1
926414,613676,2
926737,613915,1
926600,61397,1
907256,613973,1
926425,614169,1
918584,614673,1
921014,614694,1
919573,614711,1
946985,614841,1
921189,615105,1
925395,615171,1
924259,615178,1
921018,615320,2
850771,615329,1
927008,615394,2
897552,615395,2
955271,615625,1
919282,61572,2
927023,615744,1
926654,615766,1
895282,615772,1
926816,616097,1
927041,616098,1
927049,616384,1
926500,616385,1
862828,1171686,1
956994,1171735,1
946958,1171823,1
950219,1172117,1
862836,117218,1
862907,1172245,1
862986,1172370,1
863137,1172413,1
863288,1172534,1
863139,1172554,1
863068,1172644,1
863291,1172734,1
863218,1172884,1
863221,1173056,1
958631,1173102,1
945611,117311,1
863224,1173225,1
863225,1173309,1
863227,1173420,1
863154,1173445,2
863229,117357,1
949261,1173572,1
863084,1173679,1
950906,1173699,1
953265,1173703,1
863157,1173749,1
950987,1173861,1
863167,1174378,1
863242,1174560,1
863243,1174616,1
863319,1174622,1
863320,1174650,1
863171,1174668,1
863172,1174732,1
863247,1174848,1
863323,1174867,1
863174,1174877,1
863175,1174913,1
863250,117498,1
952612,1175192,1
947395,1175262,1
947923,1175295,1
863182,1175324,1
863256,1175462,1
863113,1175570,1
863259,1175573,2
863186,1175589,1
863337,1175791,1
863338,1175869,3
863339,1175905,1
863191,1175917,1
863118,1175934,2
863192,1175969,1
947735,1176076,1
863266,1176081,1
950500,1176110,1
863342,1176187,1
863194,1176193,1
949870,1176308,2
863270,1176348,1
863345,1176395,2
863125,1176501,1
863273,1176663,1
863349,1176754,2
863350,117687,2
851520,1177032,1
863279,1177084,2
863208,1177174,1
863281,117718,1
863209,1177182,1
863363,1177355,1
863284,1177360,1
863364,1177395,1
958310,1177427,1
863516,1177713,1
863447,1177847,1
953796,1177862,1
863598,1177887,1
863448,1177907,1
863522,1177992,3
863601,1178185,1
863377,1178217,1
863524,1178239,1
863381,1178546,1
863528,1178549,1
863530,1178718,1
863608,1178733,1
863384,1178767,1
863385,1178817,1
863611,1178994,1
863387,1179021,1
863388,1179053,1
863463,1179155,1
863390,1179237,1
958879,1179275,1
863616,1179276,1
863467,1179335,1
863540,1179360,2
863544,1179811,1
863472,1179843,1
863545,1179891,2
863624,1179951,1
863547,1180054,1
863401,118012,1
863626,1180149,2
863478,1180225,1
951080,1180259,1
863404,1180268,2
863551,1180270,2
863480,1180405,1
863481,1180497,2
863554,1180527,2
863482,118062,1
863410,1180800,1
863557,1180803,1
863413,1180943,1
863488,1180958,1
863561,1181000,1
949926,1181102,1
863417,1181258,1
863566,1181529,1
863421,1181606,1
863646,1181640,3
863496,1181750,1
863571,1181962,1
863650,1182009,1
863426,1182041,1
863428,118215,1
863429,118235,1
863504,1182380,1
863430,1182394,1
863505,1182459,1
863431,1182461,1
863580,1182633,1
863660,1182879,1
863583,1182893,1
863585,1183033,1
863513,1183036,1
863672,1183305,1
863897,1183542,2
851303,1183572,2
957059,1183589,1
863749,1183611,1
863821,1183734,1
863822,1183853,2
863752,1183965,1
863756,1184136,1
863831,1184428,1
863909,1184473,1
863762,1184728,1
863916,1185144,1
863767,1185154,1
863770,1185478,1
863920,1185664,1
863698,1185936,1
863925,1186170,1
863848,1186200,1
863703,1186244,1
863707,118653,2
863932,1186651,1
951115,1186654,1
863937,1187081,1
863790,1187187,1
952284,1187209,1
863791,1187288,1
863863,1187380,1
947951,1187408,1
863793,1187446,1
863719,1187456,1
863865,1187463,1
863794,1187499,1
863720,1187506,1
863945,1187616,1
863797,1187681,1
863723,1187689,1
905902,616599,1
915379,616644,1
906089,616647,1
915389,616679,2
900684,616725,1
921502,616745,1
902532,616766,1
927071,616769,1
922376,616999,2
927087,617248,1
925140,617366,1
926546,617391,2
949879,617430,2
926879,617433,1
926884,617503,1
926553,617653,2
906074,617845,2
907872,618039,3
927121,618078,1
915834,618195,2
927436,618222,1
926569,61823,1
922942,618600,1
949125,618691,1
909640,618713,1
913610,618731,1
927256,618773,2
927147,618899,1
909139,618902,1
927627,619325,2
927466,619367,1
850773,619626,2
951864,619777,1
927643,619832,1
927164,619866,1
925041,619899,1
901289,619909,1
927494,620058,2
927495,620166,1
927175,620320,1
927308,620391,2
927507,620566,1
925402,620606,1
927316,620612,1
927317,620722,1
927320,620813,1
902737,620928,1
921101,621032,2
917334,621177,3
927331,621316,1
927534,621436,1
927190,621465,1
947540,621538,1
927338,621578,1
920251,621618,1
912567,621657,1
927698,621713,1
927204,621721,1
902030,621840,1
927358,621902,1
917652,621913,1
927216,621991,2
927710,622025,1
927716,62210,1
947445,622147,1
927372,622150,2
927234,622252,1
927241,622421,1
927583,622466,1
926684,622542,1
927586,622546,1
927736,622553,3
895396,622560,1
927588,622590,1
950005,622646,1
927901,622732,1
948767,622756,1
927750,622886,1
927905,622913,1
927406,623045,1
955328,623050,1
952298,623054,1
912367,623059,1
927753,623072,1
928068,623079,1
928071,62311,1
927910,623174,1
958607,623234,1
928077,623429,2
927024,623514,3
925349,623578,1
949908,623592,1
927927,623676,1
927780,623692,1
928090,623755,1
928096,623923,1
908082,624004,1
919761,624066,1
909741,624122,1
850332,624180,1
955242,624252,1
911219,624265,1
927249,624350,1
928131,624776,3
927815,624804,1
928261,624833,2
895601,624958,2
927504,624987,1
919855,625041,2
927833,625185,1
851387,625327,1
920544,625349,1
949617,625362,1
927996,625485,1
926757,625556,1
928001,625575,1
928006,625718,1
928300,625893,1
850658,625910,1
905406,626044,1
900092,626192,1
895402,626357,3
928193,626417,1
928494,626934,1
910217,626973,1
928349,627059,1
954177,627087,1
951039,62710,1
928646,627150,1
926450,627222,1
928658,627589,1
928511,627612,2
955166,627660,1
899005,627860,1
921942,627982,1
928784,628018,1
917149,628070,1
926784,628171,1
928533,628572,2
897289,628573,2
928535,628643,1
949512,628843,1
928677,628931,1
928393,629094,2
902450,629154,1
928553,629309,1
919432,629579,3
925950,62981,1
928811,629827,1
928407,629861,1
902185,630057,1
922135,630310,2
928425,630423,2
928826,630458,1
920063,630814,1
907096,630895,1
928586,631003,1
928838,631027,2
928727,631045,1
916706,631046,1
928587,631060,3
906389,631083,1
928841,63117,1
914350,631223,2
928442,631411,1
922312,63145,1
906520,631576,2
899390,631614,1
928447,631632,1
915238,631706,1
928603,631749,2
928743,631860,1
906609,631920,1
928453,631921,1
908660,631972,2
928454,631986,1
925614,632435,1
928762,632643,1
928635,632824,1
928771,633028,1
923348,633353,1
919191,633382,1
917932,633413,1
928906,633497,2
928911,633678,1
952647,633709,1
929358,633774,2
929099,633840,1
913260,633925,1
928988,633933,1
916437,634087,2
928924,634108,1
929365,634252,1
950078,634385,1
929120,634563,1
956641,634571,1
850774,634582,1
929375,634646,1
929238,63482,1
899921,634867,1
929128,634882,1
927076,635066,2
928973,635130,2
929386,635187,1
923083,635205,1
903974,635233,1
929138,635240,1
929250,635383,1
929251,635444,1
927354,635489,1
957082,635583,1
958612,635730,1
919565,635746,1
928989,635862,1
958841,635915,1
929265,635948,1
928996,636014,1
929161,636088,1
928998,636217,2
929163,636242,1
915871,63637,1
929281,636418,1
929426,636421,2
924405,636517,2
929012,636649,1
929287,636660,1
918347,636687,1
917332,636709,2
914630,636948,1
929031,637149,1
929197,637186,1
924849,63730,1
929445,637393,1
929307,63742,1
929043,637426,2
929045,637432,1
929204,637453,1
929318,63759,1
929055,63762,2
929057,637706,1
922010,637716,1
929454,637717,1
925214,637718,1
929068,63799,1
929326,638050,1
929227,638112,1
929329,638142,1
929727,638410,3
929086,638424,2
908763,638553,1
911661,63866,1
929736,638760,1
900741,638817,2
948799,638998,1
929615,639032,1
929831,639171,1
925446,63938,1
929837,639485,1
915892,639532,1
951190,639588,1
929839,639602,2
908785,639616,1
928235,639627,1
921753,639770,3
927191,639881,1
929513,639983,1
929633,640012,1
929516,640111,1
923914,640213,1
907993,640580,1
929771,64062,1
952521,640834,1
925504,640917,2
959523,641050,1
902995,64109,1
929547,64118,1
929661,6412,1
929549,641225,1
929550,641519,1
918313,64152,1
947434,641548,1
926596,641675,2
929678,641786,1
909612,641792,1
929684,641837,1
929893,64184,1
918644,641847,1
954080,641908,1
923030,641972,1
906958,642078,1
925149,642440,1
903051,642586,2
929912,642647,1
929580,642652,2
929819,64267,1
910116,642670,1
929913,642698,1
929915,642794,1
951224,642843,1
929919,642910,1
958669,643107,1
908455,643213,1
929946,643287,1
921327,643400,2
930067,643469,1
930069,643551,1
914316,643563,1
946598,643599,1
919903,643652,1
929936,643675,1
903966,643700,2
909933,643782,3
925189,643955,1
952973,644007,1
902524,644011,1
913244,644019,1
930192,644086,1
930318,644142,2
924837,644151,1
930205,644420,1
930094,644444,1
919564,644555,1
925210,644652,3
897558,644684,1
920752,644724,4
930216,644767,1
897305,644793,2
930339,644837,1
930342,644914,1
929988,644927,1
925227,644955,1
922057,644984,1
930112,645043,1
908011,645210,1
925026,645231,1
930351,645267,1
923149,645323,1
895287,645330,1
921421,645383,2
924275,645386,1
904483,645436,2
930007,645495,1
930011,645644,1
954535,64570,1
924773,645751,2
914081,645879,1
954796,645887,1
930376,646030,1
909077,646078,1
930021,646080,2
930257,646188,1
930264,646378,1
930272,646644,2
930396,646648,1
926664,646776,1
947022,646978,1
930055,647149,1
930172,647265,1
912113,647335,1
930303,647482,1
926316,647626,1
895608,647824,1
930686,647877,1
896505,648023,1
925809,648109,1
920446,648339,2
930698,648355,1
898163,648380,1
956890,648615,1
930462,648668,1
930547,648680,1
907652,648701,1
919803,64913,3
930555,649192,1
942928,649271,2
928049,649391,1
907787,649423,4
907249,649464,1
902189,649509,2
951222,649605,1
923142,649668,2
930201,649703,1
863869,1187698,2
863800,1187953,2
863872,1187964,1
863950,1188050,1
959027,1188255,1
863878,1188308,1
863733,1188354,1
863809,1188453,1
863882,1188501,1
863811,1188528,1
863741,1188774,2
863887,1188784,1
863742,1188842,1
863965,1188858,1
863971,1188897,1
863890,118891,1
864047,118930,1
864284,1189601,1
951841,1189641,1
863982,1189642,1
864286,1189651,1
864287,1189730,1
863984,1189751,1
864288,1189781,1
863985,1189784,1
864056,1189831,1
864292,1190084,1
864139,1190160,1
863992,1190213,1
864062,1190214,1
864144,1190581,1
863996,1190599,1
864145,1190639,1
949510,1190710,1
864302,1190878,1
864069,119093,2
864002,1191243,1
864072,1191251,1
864151,1191252,1
864004,1191307,1
864074,1191351,1
864007,1191633,1
864008,1191654,1
864157,1191692,1
864009,119170,1
864081,1191889,1
864160,1191890,1
864317,119200,1
864084,1192012,1
864320,1192223,1
864089,1192464,2
864020,1192495,1
864169,1192624,1
864326,1192865,1
864172,119292,1
864094,1193063,1
864328,119309,1
864025,1193155,1
864098,1193483,1
864332,1193514,1
864029,1193521,2
864340,1194071,1
864186,1194101,1
864108,1194125,1
864039,1194228,2
864111,1194277,1
864345,1194292,1
864112,119431,2
864346,1194320,1
864114,1194490,1
864045,1194498,2
864046,1194531,1
864197,1194638,1
864204,1194696,1
864200,119474,1
864206,1194753,1
951233,1194854,1
864207,1194871,1
864507,1194902,1
864352,1194936,1
864508,1194945,1
864509,1195004,1
864430,1195066,1
864355,1195141,1
864431,1195187,1
864212,1195207,2
864432,1195217,1
864214,1195305,1
864359,1195435,2
864362,119578,1
864439,1195806,1
864365,1195906,1
864522,1195949,1
864366,1195979,1
864443,1195980,1
864524,1196004,1
864445,1196039,1
864448,1196228,1
864530,1196431,1
864231,1196446,2
955549,1196497,1
864531,1196498,1
864375,1196516,1
949714,1196545,1
864377,1196786,1
864378,1196840,1
864455,1196857,1
864236,1196924,1
864238,1197026,1
864542,1197569,1
864243,1197572,1
864244,1197715,1
864464,1197754,1
864245,1197773,1
864465,1197799,1
864545,1197801,2
864389,119781,1
864466,1197812,1
864247,1197847,1
951874,1197947,1
864547,1197955,1
864468,1198026,1
864393,1198210,1
864556,1198676,1
864557,119873,2
864400,1198788,1
864478,1198794,1
864261,1199034,1
864484,1199215,1
864407,1199277,1
958814,1199316,1
951920,1199698,1
864573,119999,1
864494,1200109,1
947476,1200142,1
864418,1200174,1
864576,1200203,1
864582,1200503,1
864424,1200656,1
864586,1200835,1
864589,1201036,1
864590,1201094,1
864814,1201237,1
864744,120141,1
864595,1201411,1
864596,1201452,1
864665,1201484,1
864668,1201678,1
864823,1201988,2
864671,1202044,1
864752,1202115,1
864606,1202431,1
959806,1202608,1
864829,1202609,1
864831,1202802,1
864760,1202924,1
864611,1202966,1
864762,120309,1
864613,1203092,2
864763,1203224,1
864841,1203636,2
864769,1203655,1
864770,1203697,1
864624,1203990,1
864774,1204083,1
864693,1204109,1
864694,1204190,2
864848,1204194,1
864779,1204485,2
864631,1204545,1
864781,1204586,1
864854,120459,1
864783,1204735,1
864785,1204817,1
864858,1204946,1
930478,649722,1
930630,649730,1
930724,649763,1
922677,649803,1
930480,649805,1
930574,649883,1
930726,649955,1
919650,650015,1
930638,650072,1
930730,650074,1
930491,650455,1
930582,650463,1
915662,650514,1
926101,650598,1
930650,65067,2
930587,650795,1
908828,650800,2
919168,650801,1
924263,650822,3
930656,650881,2
895410,651000,1
930660,651232,1
930750,65127,2
930594,651386,2
945754,651462,1
930596,651468,1
930597,65154,1
930665,651541,1
930599,651601,1
930668,651767,1
930672,652065,1
919669,652137,1
930974,652238,1
921341,652261,1
921386,652276,1
921040,652555,1
930676,652602,2
930914,652712,1
895504,652737,1
919170,652945,1
958367,652994,1
930920,65310,1
950363,653159,1
930834,653177,2
930922,653297,1
926685,653984,1
930935,654109,1
896968,65420,2
901205,654266,1
930995,654305,1
930853,65441,1
953887,654423,1
930859,654697,1
928412,654712,1
930944,654774,1
930801,655006,1
954768,655190,1
931007,655233,1
930953,655283,2
930805,655289,2
903272,655371,2
930955,655462,1
930808,655528,2
930867,655529,1
920790,655971,1
955252,655985,1
931020,656059,1
930958,656136,1
930875,656199,1
918718,656418,1
930820,656496,1
896651,656540,1
946269,656594,1
930964,65671,1
931032,656731,1
959636,656776,1
930971,657056,1
931046,657174,2
897061,65720,1
920260,657207,1
907930,657359,1
925101,657429,1
931050,657599,1
931106,657821,1
953359,658103,1
922676,65815,1
931113,658166,1
931058,658174,1
931252,65855,1
931121,658727,1
931255,658761,1
931122,658774,1
931066,658850,4
931206,659185,1
903723,65928,2
895613,659403,1
931073,659646,1
931130,659662,1
931266,659722,1
931132,659812,1
905107,659816,1
910019,659837,1
903290,659946,1
931078,659949,1
923761,660012,2
931080,660082,2
931273,660236,1
931141,660326,2
921124,660487,1
900703,660506,1
926361,660520,1
931085,660521,1
931278,660528,1
920899,660572,1
926701,660698,1
899127,660903,1
931146,660980,1
922055,660982,1
931228,661021,1
931147,661095,1
924819,6611,2
922557,661104,1
931231,66122,1
931150,661240,1
931283,6614,1
931156,661534,1
851127,661690,1
931235,661729,2
927067,661897,1
931242,662070,1
931243,662194,1
931172,662253,1
948820,662431,1
927110,662473,1
931324,662480,1
950477,662558,1
951362,662609,1
931329,662834,2
931415,66307,1
931319,663106,1
931333,663209,3
931334,663246,1
902387,663368,1
931420,663378,1
931485,66339,1
931575,663619,1
927911,663663,1
903000,663847,1
931429,663849,2
851175,663989,1
931580,664110,1
931434,664173,1
903954,664191,1
948771,66429,1
931356,664374,1
928729,664390,1
911484,664482,1
900214,664590,1
931442,664601,1
931363,664621,1
905066,664637,2
903018,664679,1
931512,664767,1
931589,66479,1
931368,664798,1
931370,664826,2
896358,664957,1
931516,664980,1
931381,665374,1
931605,665505,1
850812,665595,1
920518,665600,1
931385,665616,1
931532,66577,1
931460,665778,1
931534,665786,2
931615,66585,1
928768,665861,1
931464,665897,1
931399,665933,1
931401,666049,1
922197,666108,1
931471,666197,1
931405,666213,1
931407,666227,1
929846,66628,2
931629,666330,1
897410,666351,1
906109,666364,1
931475,666383,1
900425,666569,1
950607,666607,1
850955,1205139,1
954262,1205319,1
864708,1205387,1
864640,1205459,1
864641,1205496,1
864643,1205715,1
864712,1205719,1
864713,1205788,1
864867,1205801,1
864796,120599,1
958375,1206010,1
864715,1206164,1
864799,1206384,1
864872,1206415,1
864650,1206542,1
864801,1206633,1
864723,1206910,1
864724,1206946,2
864878,1206955,1
865112,1207080,1
865113,1207219,2
959815,1207317,1
865035,1207352,1
865036,1207369,2
945998,1207383,1
864965,1207445,1
865037,1207477,1
864966,120754,1
865118,1207597,1
864967,1207602,1
865041,1207706,1
865121,1207707,1
865123,1207826,2
864891,1208125,1
864976,1208142,1
864977,1208169,1
865129,1208219,1
946078,1208234,1
940504,1208238,1
865130,120836,1
947971,1208455,1
864979,1208478,1
864896,1208621,1
865054,1208779,1
954997,1208782,1
864984,1208827,1
865136,1208918,1
864985,1208921,1
865058,1209038,1
864903,1209053,1
959917,1209309,1
865063,1209411,2
864908,1209461,1
865064,1209463,1
955100,1209656,1
864910,1209840,1
864911,1209964,1
864996,1210006,2
954343,1210034,1
865149,1210161,1
865000,1210258,1
865073,1210353,1
865153,1210358,1
865002,1210366,2
865154,1210428,1
865003,1210440,2
865004,1210534,1
864920,1210556,1
865005,1210732,2
959481,1210800,1
865083,1211321,2
851306,1211513,1
947991,1211957,1
865091,1212224,2
949196,1212510,1
951787,1212571,1
865024,1212625,1
865095,1212647,1
954082,1212768,1
864942,1212825,1
865098,1212969,1
865028,1212986,1
865100,1213216,1
864946,1213231,1
865102,1213286,1
864948,1213305,1
865184,1213330,1
865104,1213391,1
865187,1213533,1
865415,1213905,1
864955,1213991,1
864957,1214044,1
945702,1214084,1
865196,1214289,1
947252,1214640,1
865424,1214657,1
865345,1214715,1
953530,1214749,1
952600,1214759,1
865269,1214830,1
865349,1214997,2
865272,1215026,1
851299,1215353,1
865353,1215536,1
865275,1215586,1
865276,1215763,1
851434,1215800,1
865277,1215838,1
865211,1215869,1
865213,1216048,3
951608,1216108,1
865280,1216124,1
865440,1216249,1
865214,1216265,1
865281,1216280,1
865361,1216321,1
865215,1216380,1
865218,1216592,2
951615,1216832,1
954458,1216948,1
865447,1216960,1
865290,1217129,1
865453,1217367,1
865374,1217383,1
865375,121745,1
865458,1217769,1
865301,1218046,1
865461,1218056,1
865304,1218343,1
865464,1218419,1
865305,1218450,1
865240,1218638,1
865313,1219005,4
865248,1219128,2
865476,1219208,1
945939,1219247,1
958784,1219260,1
865478,1219306,1
865321,121947,2
865481,1219478,1
865402,1219514,1
959298,1219786,1
951316,1219880,1
865409,1219906,1
865488,1219908,2
865489,1219915,1
850975,1220137,3
865642,1220294,1
865643,1220396,1
865645,1220486,2
865497,1220520,1
865498,1220650,1
865566,1220730,1
865720,1220747,1
865500,1220784,1
865723,1220901,1
865724,1220956,1
865504,1220966,1
865572,1221060,1
865655,1221099,1
865507,1221220,1
865730,1221377,1
865659,1221378,1
865579,1221516,1
865733,1221522,1
865662,1221539,1
865514,1221732,2
865515,1221866,1
865667,1221951,1
953939,1221962,1
865585,1222001,1
865518,1222035,1
959098,1222154,1
865520,1222165,1
946662,666661,1
931554,666921,1
931795,667068,2
925287,667103,1
927034,667236,1
924944,667447,1
931881,667465,1
918747,667486,1
931802,667503,1
931884,66764,1
931743,667698,1
931745,667722,1
931747,667767,1
931749,667835,1
931218,667846,1
924653,667925,1
931661,66797,1
931665,66808,1
923749,668184,1
904786,668213,3
919415,668215,1
931670,668281,1
902950,668326,2
931767,668422,1
931829,668484,4
931672,668512,1
931770,668513,3
931772,668695,1
930451,668917,2
955444,668922,1
945847,668975,1
931914,669007,1
911892,669214,1
931922,669271,1
919195,669320,1
931849,669379,1
931686,669408,1
931850,669424,1
929149,669437,1
931787,669504,2
931694,669608,1
931857,669634,1
931858,669706,1
904507,669712,1
919645,669726,1
931938,669758,1
931698,669767,1
931700,669816,1
931941,669853,1
953069,669876,1
931863,670062,1
911930,670090,1
931944,670170,1
932159,670270,1
951446,670323,1
932024,670341,2
931950,670350,1
903683,67042,1
931868,670439,1
932165,670447,1
899089,670469,1
931952,670481,1
928779,670761,1
932040,670932,1
931224,670963,1
947036,671172,1
900299,671244,1
904251,671250,1
931962,67130,1
932046,671327,1
904329,671365,1
932187,671471,2
902580,671540,2
932189,671542,1
932052,671630,1
910011,671662,2
932054,671676,3
903890,671764,1
946605,671788,1
925068,671803,1
921529,671812,1
927790,671954,1
928910,672070,1
908965,672114,2
951062,672222,2
926421,672263,2
898629,672289,1
909946,672300,1
931976,672314,1
932063,672319,2
927877,672423,1
927284,672759,1
932125,672920,1
932072,673029,1
932225,673294,1
932079,673482,1
920003,673536,1
932080,673540,1
951838,673592,1
923839,673614,2
900958,673672,1
932235,673675,2
930040,673735,1
903153,673972,1
911833,674018,1
932433,674071,1
959812,674073,1
903161,674097,1
922846,674139,1
932249,674273,1
932152,674351,2
932440,674355,2
932445,674449,2
932377,674549,1
932322,67456,2
902466,674593,1
932256,674686,1
903593,674705,1
932381,674716,1
954739,674723,1
908874,675052,1
918774,675083,2
932455,675240,2
895297,675270,2
932265,675287,1
904915,67530,2
915796,675508,1
932391,675534,1
914200,675564,1
930392,675774,1
932397,675908,2
897593,675928,1
920557,675973,1
932400,676056,1
932342,676285,1
927795,676363,1
948793,676509,1
946610,676681,1
897731,676778,1
930016,676802,1
900143,676983,1
905851,677073,3
931473,677076,1
932408,677086,1
932243,677138,1
919884,677222,1
932412,677491,1
923745,677643,1
917490,677664,1
932488,677835,1
932307,677864,1
932491,677915,1
932366,678054,1
923891,678110,1
925297,67836,1
927356,678395,1
904494,678461,1
921343,678467,1
907987,678479,2
932570,678740,1
927396,678742,1
932709,678780,1
923447,679022,1
932510,679081,1
951033,679109,1
931098,679130,3
946710,679159,1
851517,679441,2
932717,679516,1
932514,679591,1
932636,679821,1
932638,679935,2
932587,680128,1
932588,680209,1
932729,680333,1
945880,680429,1
907813,680495,1
918121,680534,1
921106,680618,1
932648,680950,1
932539,681167,1
931542,68129,1
932604,681553,1
913568,68174,1
924767,681772,1
927587,681776,1
932607,681905,2
904062,682016,1
896587,682067,1
932552,682129,2
950639,682173,2
922948,682261,1
923562,682285,1
932664,682303,1
932751,682320,1
923340,682366,1
954730,682380,1
928282,682389,1
932755,682788,1
946977,682928,1
928025,683177,1
925910,683206,1
932684,683301,2
932564,683337,1
927966,683579,2
932686,683689,1
932771,683742,1
926087,683825,1
902569,68398,1
958559,684124,1
932912,684155,1
901833,684222,1
953176,684300,1
932983,684401,1
959892,684421,1
932994,684786,1
925736,684848,1
932995,684849,1
932848,68532,1
932852,685428,1
933005,685449,1
919296,685667,1
920795,685676,1
932797,685783,1
932863,686030,1
932803,686057,1
851149,686149,1
851376,686249,1
933022,686469,1
932871,686501,1
932814,686695,1
932945,686699,1
932881,686878,1
933033,686998,1
897892,68708,1
932950,687183,1
932882,6872,1
933036,68722,1
925400,687549,1
896273,68757,1
946007,687586,1
916543,687700,2
933043,687757,1
932831,687758,1
932889,687761,2
932960,687766,1
932962,687857,1
914842,687904,2
954947,68794,1
933050,688006,2
933143,688053,1
919150,688199,1
929567,688254,2
933147,688295,1
933058,688361,1
954513,688411,1
932904,688448,2
924904,688468,1
933061,688528,2
933153,688596,1
932907,688598,2
904637,688663,1
903928,688709,1
933157,688900,1
950249,688999,1
904157,689033,1
920486,689145,2
906664,689366,1
933215,689392,1
948811,689476,1
933218,689611,1
933219,689703,1
928303,689736,1
933304,68994,1
933305,68998,1
926650,690093,1
926807,69029,1
933184,690354,1
933230,690355,1
933185,690370,1
902469,690499,1
933189,690636,1
933320,690746,1
911588,690856,1
933322,690941,1
931199,690954,3
902907,691089,1
932525,691093,1
933239,691139,1
915120,691140,1
933199,691190,1
933243,691301,1
918420,691369,2
933202,691381,1
933127,691475,1
933246,691487,1
911973,691566,1
933131,691661,1
911718,691846,1
915574,691906,3
933338,691975,1
933256,692036,1
933137,692065,2
929106,692103,1
897472,692192,1
931496,692257,1
903674,692359,2
919198,692379,1
933261,692575,1
933601,692687,1
933602,692791,1
897754,692985,1
933607,693127,2
916702,693241,1
933518,693317,1
905374,693405,1
933437,693432,1
933528,693788,1
933444,693798,2
957045,693814,1
933533,693973,1
933448,694036,1
918990,694072,1
933343,694103,2
933617,694107,1
924644,694135,1
951048,694136,1
933539,694365,1
927362,694373,1
933395,694468,2
907053,694476,1
896839,694479,1
902119,694522,1
912466,694562,1
928514,694695,1
915341,694717,2
933470,694719,1
930372,694851,1
906861,694924,1
922582,695013,1
906882,695019,1
933561,695169,1
895513,695264,1
933562,695274,1
933478,695290,1
916942,695336,1
946709,695457,1
931367,695487,1
933418,695553,1
926710,695589,1
933572,695713,2
956752,695788,1
949502,695807,1
933495,695821,1
933422,695836,1
925849,695981,1
933578,696003,1
922105,696045,2
933585,696105,1
945796,696127,1
933588,696313,1
933653,696554,1
926035,696806,1
933771,69685,1
933599,69687,1
933721,696902,1
927837,696919,1
921439,696923,1
950520,697310,1
933839,697398,2
933840,697472,1
932661,697516,1
951229,697522,1
924232,697535,1
913815,697617,1
933731,697619,1
933785,697637,1
850896,69790,1
933739,698011,1
933851,698012,1
932442,698027,1
901725,698039,1
862419,1162614,1
862192,1162628,2
953422,1162686,1
862421,1162707,1
862271,1162880,1
862352,1163074,1
862427,1163096,1
862429,1163229,1
862358,1163414,1
862280,1163420,1
862359,1163572,2
862206,1163574,1
952414,1163706,1
950308,1163903,1
862367,1163935,1
851162,1163969,1
862215,1164000,1
862372,1164294,2
954116,1164563,1
862451,1164727,1
862224,1164740,1
862452,1164756,1
862453,1164764,1
862302,1164899,1
862456,1164905,1
862387,1165085,1
862388,1165153,1
862389,1165174,1
850763,1165274,1
862237,1165407,1
862618,1165504,1
862540,1165520,1
862472,1165710,2
951652,1165819,1
862475,1165892,1
862476,1165934,1
862477,1166043,1
862631,1166185,1
862554,1166240,1
862633,1166260,1
954471,1166285,1
862634,1166308,1
862556,1166318,1
862487,1166627,1
862489,1166672,1
862562,1166691,1
862711,1166693,1
862491,1166761,1
862492,1166780,1
862642,1166788,1
862714,1166793,4
862495,1166885,1
862646,1166913,1
862569,1166916,1
862718,1166931,1
862648,1166979,2
862570,1166981,1
862650,1167034,1
862722,1167045,1
862573,1167054,1
862652,1167076,1
862724,1167084,1
862725,1167121,2
862577,1167195,1
862658,1167321,1
862659,1167347,2
862511,1167398,1
862514,1167506,1
862664,1167521,1
862665,1167577,2
862738,1167602,1
862740,1167794,1
862668,1167809,1
862670,1167880,1
862743,1167887,1
862675,1168157,1
947947,1168167,1
862748,1168230,1
862676,1168275,1
862599,1168304,2
958964,1168315,1
862600,1168332,1
951240,1168340,1
862683,1168514,1
862757,1168576,1
862608,1168758,1
862538,1168765,1
862687,1168769,4
862609,1168773,1
950068,1168791,1
862761,1168817,1
862765,116885,1
862611,1168864,1
862987,1168944,2
958383,1169122,1
862993,1169239,1
862774,1169265,1
862776,1169317,3
862996,1169328,1
862925,116936,1
862778,1169364,1
862849,1169370,1
862927,1169429,1
862780,1169441,1
862851,1169450,1
862930,1169540,2
955258,1169541,1
863003,1169556,1
862933,1169630,1
863006,1169662,1
862858,1169688,1
862861,1169894,1
863011,1169910,1
862939,1169933,1
862792,1169939,1
862863,1169967,1
862793,1169993,1
862868,117023,1
959831,1170232,1
863017,1170235,1
862801,1170362,1
863021,1170387,1
862802,1170404,2
956614,1170659,1
862807,1170703,1
862808,1170724,1
862879,117073,2
862809,1170747,1
954934,1170749,1
862881,1170826,1
862811,1170864,1
862882,1170880,1
863031,1170962,1
863034,1171081,1
863035,1171124,1
862816,1171148,2
862818,1171209,1
862889,1171210,1
862890,1171252,1
862967,1171261,1
952215,1171275,1
862968,1171328,2
862893,1171412,1
862894,1171451,2
863045,1171604,1
862973,1171611,1
863046,1171631,1
862827,1171642,1
862977,1171830,1
862900,1171836,1
862832,1171855,1
862901,1172037,1
863052,1172059,2
862980,1172060,4
863053,1172107,1
862904,1172129,1
862982,1172146,1
862905,1172187,2
863057,1172252,1
862985,1172273,2
863064,1172388,1
862910,1172389,2
947960,1172441,1
863138,117247,1
863067,1172558,1
863140,1172624,1
863290,117268,1
949462,1172831,1
863293,1172843,1
863146,1172951,2
863074,1172970,1
863148,1173080,1
863152,1173334,1
863226,1173362,1
863081,1173413,1
865588,1222167,1
865742,1222200,1
865672,1222314,1
865745,1222393,1
865592,1222441,1
865746,1222451,3
865525,1222471,1
865527,1222676,1
865528,1222725,1
865596,1222727,1
865680,1222825,1
865752,1222847,1
865681,1222857,1
865599,1222874,1
953599,1222876,1
865753,1222891,1
865757,1223066,1
865761,1223200,1
946964,1223261,1
865763,1223343,1
953327,1223350,1
865613,1223551,1
959629,1223575,1
947142,1223586,1
865614,1223638,1
865768,1223643,1
865615,122375,1
959050,1223809,1
865771,1223852,1
865550,1223859,1
865618,1223874,1
865552,1224002,1
865774,1224064,1
865627,1224561,1
865628,122472,1
950706,1224765,1
866017,1225089,1
865787,1225113,1
865788,1225161,1
866019,1225175,2
866020,1225211,1
865637,1225352,1
866025,1225592,1
865944,1225661,1
865796,1225678,1
865877,1225684,1
865945,1225685,1
866028,1225708,1
958370,1225756,1
865802,1226016,3
865952,1226196,2
866035,1226205,1
865887,1226328,1
866039,1226397,1
865957,1226412,1
865961,1226562,1
865895,1226654,1
866046,122670,1
958772,1226706,1
865965,1226821,1
865817,1226831,1
865898,1226860,6
866050,122699,2
866051,1227135,1
865902,1227191,1
947417,1227266,1
865903,1227278,1
851463,1227409,1
945252,122744,1
959743,1227454,1
865973,1227463,2
866057,1227534,2
865907,1227557,1
953557,1227609,1
865827,1227617,1
865828,1227753,1
865981,1227928,1
866064,1227944,1
865982,1227997,1
865985,1228393,1
866068,1228490,1
951903,1228537,1
953626,1228598,1
959375,1228669,1
866072,1228732,1
866073,1228955,1
865843,1229171,1
865926,1229289,1
865927,1229559,1
866078,1229631,1
865996,1229710,1
952965,1229908,1
865937,1230262,1
866088,1230419,1
866006,1230435,1
865859,1230606,1
866167,1230615,1
866093,1230680,1
866010,1230684,1
865863,1230940,1
866096,123097,1
866172,1231027,1
866098,1231087,1
958766,1231176,1
866246,1231322,1
866324,1231395,1
866248,1231424,1
947558,1231489,1
947352,1231500,1
866249,1231591,1
866106,1231694,2
866251,1231709,2
866107,1231788,1
949888,1231796,1
866253,1231843,1
866254,1231866,1
866331,1231870,1
866332,1231929,1
866186,1231935,1
866111,1231956,1
866333,1231962,1
866187,1231966,1
866258,1232089,1
959934,1232097,1
866189,1232124,1
957115,1232267,1
866116,1232269,2
866192,1232281,1
866117,1232285,1
851006,1232297,1
866263,1232363,1
866194,1232400,1
866195,1232431,2
945803,1232492,1
866122,1232560,2
866199,1232624,1
866346,1232715,1
956944,1232716,1
866347,1232800,1
866202,1232801,1
953985,1232816,1
952867,1232991,1
866352,1233056,1
866278,1233171,1
866136,1233460,1
866138,123357,1
866214,1233613,1
866139,1233645,1
866360,1233673,3
866216,1233752,1
866362,1233800,2
866218,1233868,1
866287,1233894,1
959950,1233897,1
866364,1233909,1
866144,1233916,2
866369,1234345,1
866370,1234364,1
866294,1234374,2
866153,1234544,1
866297,1234562,1
866375,1234607,1
866232,123470,1
866158,1234839,1
866234,1234877,1
866303,1234883,1
945387,1234909,1
959592,1234925,1
866164,1235096,1
866309,1235158,1
866312,123539,1
866394,12354,2
866466,1235465,1
866314,1235509,1
950827,1235523,2
920302,698056,1
918504,698127,2
923141,698157,2
932420,698204,1
900255,698309,1
931746,698316,1
908006,698344,1
953964,698473,1
933676,698487,1
912040,698540,1
911571,698564,1
933742,698593,3
929854,698617,1
922850,698665,2
920197,698911,2
956628,698926,1
933683,699136,1
958293,699362,1
933866,699481,1
933812,699495,1
933868,699515,1
933814,699522,1
933753,699563,1
953564,699576,1
895620,699594,1
933669,699784,1
950043,699800,1
895659,699879,2
933876,700111,2
933762,700289,1
922655,700312,1
926870,700324,1
927333,700483,1
900367,700695,1
959503,700847,1
933886,700886,2
926455,701026,1
922371,701089,1
933702,701120,1
902656,701153,1
903118,701256,2
933705,701277,1
933891,701304,1
895623,701313,2
899125,701561,1
952693,701627,1
933982,701628,1
950047,701675,1
899201,701851,1
929019,702010,1
959697,70205,1
945345,702085,1
905145,702122,1
933904,702195,1
948831,702202,1
953075,702359,1
912479,702397,1
933614,702435,1
934047,702576,1
912894,702738,1
932082,702743,1
948832,702769,1
933411,702919,1
933918,702982,2
851188,702999,1
934132,70321,1
921152,703284,1
909919,703651,2
923628,703699,1
900973,703769,1
910954,703820,1
931019,703857,1
933934,703963,1
918614,704000,2
934143,704040,2
934144,704112,1
933192,704192,1
928422,704452,1
933941,704539,1
934150,704557,2
905706,704621,1
920860,704706,1
933945,704725,1
934155,704954,2
927702,704964,1
934088,705161,1
933954,705308,1
899300,705344,1
899819,705394,1
934034,705437,1
931593,705542,2
934093,705616,1
932385,705800,2
922925,705805,2
933965,705874,2
953185,705879,1
954785,706198,1
934389,706245,1
928484,706327,1
955326,706353,1
934246,706385,1
900281,706407,2
900965,706413,1
928147,706415,1
918492,70643,1
933706,706448,1
923708,706721,1
903622,706799,1
922746,706824,1
919317,706896,1
921695,706928,2
915869,70697,1
952652,706985,1
947811,707076,1
903370,707235,1
922236,707303,1
946525,707333,1
934327,707392,1
924551,707414,1
934329,707422,2
931641,70749,1
851021,707586,1
934333,707757,1
934204,707840,1
934336,70788,2
898702,707895,2
926588,707969,1
934206,708015,1
934341,708029,1
951958,708045,2
934414,708119,1
934274,708188,1
953154,708202,1
922487,708238,1
906539,708359,1
934416,708368,1
921785,708376,1
924789,708384,1
932223,708391,1
934281,708408,1
907010,708463,2
934417,708493,1
949882,708499,1
928930,708656,1
918434,708674,1
926730,708693,1
926628,708770,1
928310,708824,2
934224,708892,1
923734,708895,1
929889,70892,1
934424,708948,1
934360,708997,1
934295,709028,1
934364,709198,1
903170,709227,1
934300,709246,1
934301,709337,2
934302,709376,1
934237,709392,1
932968,709396,1
934369,709415,1
934434,709438,2
909227,709493,1
906063,70950,1
934307,709513,3
934436,709521,1
934244,709577,1
947242,709631,1
915940,709639,1
930344,709659,1
934313,709673,1
934377,709698,1
934437,709713,2
896876,70981,2
925582,709922,1
908723,710035,1
934600,710087,1
921982,710099,2
934507,71018,1
922778,710270,1
924117,710339,1
955511,710358,1
928523,710674,1
934554,710738,1
946270,710952,1
934516,710985,1
934330,711002,1
851158,711005,2
934609,711059,1
958437,711094,1
956703,1173529,1
863083,1173546,1
947917,1173732,1
863307,1173801,1
863158,1173815,1
863086,117382,2
863308,1173842,1
863235,1173959,1
863236,1174089,1
863163,1174136,1
945742,1174150,1
863313,1174195,1
863239,1174262,1
863240,1174315,3
863318,117458,2
951646,1174594,1
863098,1174630,1
958965,1174652,1
863099,1174669,1
863321,1174686,2
863324,1174912,1
863249,1174953,1
863251,1175137,1
863327,1175173,1
863252,1175200,1
863107,1175264,1
863253,1175273,1
851525,1175320,1
947924,11754,1
863184,1175545,1
863260,1175597,1
863335,1175603,1
851359,1175613,1
947926,1175712,1
863189,1175833,2
863119,1175982,1
863267,1176186,1
863122,1176293,1
863269,1176315,1
863344,1176321,1
863123,1176343,1
863271,1176451,1
863127,1176691,1
863128,1176845,1
863351,1176948,1
850633,1176961,2
863131,1177031,1
863354,117704,1
863135,1177187,1
863210,1177195,1
863358,1177329,1
863285,1177396,1
863361,1177487,1
863366,1177498,3
863368,117759,2
863515,1177592,1
863370,1177728,1
863517,1177732,1
863595,1177755,1
956992,1177947,1
863375,1177975,3
863600,1178020,1
863602,1178259,2
863378,1178279,1
863379,1178317,1
863527,1178507,1
863607,1178598,1
863462,1179051,1
863536,1179185,1
863614,1179187,1
863392,1179296,1
863539,1179308,1
863617,1179329,1
863618,1179362,1
863619,1179526,1
863542,1179566,1
863620,1179572,1
863627,1180164,1
952921,1180207,1
863630,1180350,1
863634,1180756,1
863558,1180873,1
863486,1180915,1
863638,1180951,1
945762,1180986,1
954261,1181085,1
863418,1181446,1
863497,1181796,1
863648,1181912,1
863424,1181944,1
863500,1182035,2
863501,1182063,1
863652,1182138,1
863502,1182148,2
958651,1182323,1
863506,118252,1
863659,1182790,1
863509,1182821,2
863511,1182922,1
863512,118300,1
863586,1183053,1
863587,1183110,1
863588,118315,1
863746,1183174,2
863896,1183421,1
850937,1183482,2
863753,1184013,1
863903,1184044,1
863754,1184049,1
863826,1184060,1
863755,1184067,1
863828,1184158,1
863830,1184286,1
950891,1184292,1
863685,1184389,2
863763,1184771,1
863689,1184781,2
863764,1184812,1
863765,1184994,1
863691,1185068,1
863766,1185111,1
863693,1185182,1
863769,1185265,1
863695,1185275,1
947950,1185430,1
863696,1185484,1
863842,1185511,1
863843,1185754,1
863774,1186041,1
863700,1186050,2
863776,1186192,1
863929,1186426,1
863783,1186671,2
863784,1186746,1
863857,1186894,1
863788,1187084,1
863715,1187161,1
863939,118718,1
863798,1187716,2
863724,1187724,1
863947,1187775,1
863725,1187886,1
863726,1187962,1
863875,1188186,1
863953,1188224,1
863954,1188274,1
863806,1188276,1
863732,1188300,1
863955,1188321,1
863957,1188436,1
863810,1188482,1
863736,1188488,1
947955,1188500,1
863962,1188699,1
863740,1188716,1
863816,118884,1
863888,1188857,1
863967,1188932,1
863972,1188955,1
863973,1189034,1
863892,1189074,1
864278,1189227,2
863975,1189242,1
864280,1189289,1
864126,1189312,1
864048,1189376,1
864049,1189442,1
864283,1189449,1
863980,1189478,1
864285,1189633,1
864133,1189779,2
864055,1189801,1
864138,1190099,1
864060,1190138,2
864061,1190189,1
866317,1235698,3
866470,1235716,1
866616,1235754,1
866476,1236102,1
866623,1236156,1
866407,1236184,1
866624,1236186,1
953411,1236288,1
866410,1236340,2
866482,1236374,1
866411,1236401,1
866628,1236402,1
866413,1236509,1
866634,1236800,1
866559,1236827,1
866560,1236896,1
866490,1236916,1
866418,1236946,1
866636,1236950,1
866491,1236977,1
866637,1236993,1
866638,1237033,1
952396,1237170,1
866566,1237193,1
866424,1237220,1
866497,123723,1
866644,1237293,1
866569,123733,1
866428,1237449,1
866573,123751,1
866576,1237772,1
866506,1237779,2
866507,1237832,1
866654,1237879,1
866581,1237991,1
866583,1238112,1
866659,1238145,1
866440,1238175,1
866585,1238216,1
866661,1238252,1
866662,1238319,3
866589,1238430,2
866590,1238502,2
866446,1238540,1
866522,1238607,1
866668,1238752,1
866450,1238785,1
866671,1238978,1
866672,1239037,1
866674,1239241,2
866530,1239293,1
866457,1239379,1
866676,1239390,1
866602,1239404,1
866458,123941,1
851405,1239451,2
945983,1239608,1
866682,1239675,1
866609,1239817,1
945645,1239840,1
866610,1239879,1
866693,1239916,1
866611,1239926,1
866766,1239940,1
866688,1240084,1
866918,1240165,1
866841,1240204,1
958428,1240287,1
866773,1240346,1
866702,1240422,1
866703,1240547,1
866704,1240624,1
866777,1240659,1
866847,1240676,1
866925,1240708,1
866848,1240768,1
866849,1240834,1
866927,1240850,1
866855,1241298,2
958577,1241342,1
866713,1241377,1
866789,1241568,1
866716,1241575,1
947644,1241635,1
866937,1241639,1
866719,1241835,1
866862,1241837,1
953052,1241965,1
866942,1241994,1
866796,1242086,2
866723,1242099,1
953259,1242179,1
866869,124232,1
866947,1242342,1
866727,1242503,1
866871,1242504,1
866802,1242552,1
866950,1242613,1
866804,1242736,1
866874,1242796,1
866875,1242962,1
946468,1243045,1
866733,124306,1
954278,1243061,1
949385,1243064,1
866956,1243261,1
866736,1243391,1
866738,1243541,1
866882,1243548,1
866960,1243550,1
866962,1243834,1
866885,1243903,1
949724,1244014,1
866964,1244045,1
866743,1244206,1
866820,1244417,2
951212,1244478,1
866824,1244884,1
866894,1244929,1
866973,1244987,1
866896,1245039,1
866974,1245049,1
866753,1245057,1
866897,1245068,1
947983,1245071,1
866898,1245162,1
951892,1245447,1
947986,1245482,1
866901,124550,1
866758,1245628,1
949109,1245847,1
955534,1246038,1
949393,1246124,1
866986,1246292,1
952604,1246433,1
867224,1246572,1
867225,1246651,1
953883,1246685,1
867226,1246781,2
867227,1246911,1
867003,1246931,3
945601,1247042,1
867072,1247089,1
867007,1247141,1
867149,124720,1
867154,1247582,1
867156,1247676,1
867014,1247700,1
867158,1247871,1
950604,1247961,1
867086,1248042,1
946107,1248185,1
867166,1248565,1
867250,1248625,1
947527,1249040,1
867029,1249082,1
867173,1249092,1
867098,1249188,1
867032,1249301,1
867260,1249388,1
867102,1249394,1
867262,1249610,1
867180,124964,1
867037,1249651,2
867042,1250185,1
867270,1250315,1
867044,1250354,1
867112,1250401,1
867271,125045,1
867045,1250455,1
946682,1250474,1
867113,1250492,1
867189,1250532,2
867114,1250548,1
867273,1250611,1
934561,711120,1
934562,71116,1
922835,711340,2
934521,711353,1
934525,711549,1
934466,711567,2
909365,711573,1
934468,711594,2
934527,711597,1
925291,711614,1
919753,711661,1
934570,711726,1
947633,711814,1
934532,712081,1
929763,712260,2
934536,712304,2
934577,712417,2
922999,712480,1
933195,712533,1
934485,712534,1
929548,712546,2
934580,712594,1
934234,712672,1
902445,712676,1
929608,712688,1
934492,712795,1
933309,712812,1
925869,713005,1
851054,713140,1
934587,713240,1
933062,713450,1
934592,713502,1
927065,713543,1
923905,713833,1
954950,713839,1
934688,713901,1
915966,713966,1
903005,713997,1
911676,714224,1
931750,714311,1
934695,714372,1
934741,714476,1
934697,714480,1
934698,714576,2
927276,714661,1
933142,714672,1
934702,714874,1
934668,714886,1
933209,714928,1
946422,714946,1
934796,715025,1
945699,715082,1
931940,715262,1
948819,715288,1
934802,715526,2
934672,715544,1
905290,715594,1
955190,715610,1
910602,715778,1
934763,715954,2
921131,716018,1
930150,716179,1
896168,716257,1
934812,716314,1
906395,716358,1
934815,716408,1
929717,716601,1
934680,716727,1
934774,716734,1
934722,716776,2
921116,71684,2
915990,716844,1
934775,716867,1
909486,716894,1
934824,71705,1
934874,717084,1
924238,717154,1
929896,717233,1
934388,717254,2
934877,71733,1
904911,717363,1
950104,717530,1
897200,717592,1
925437,717706,1
930789,717762,1
934924,717764,1
947160,717877,1
908033,718004,1
934929,718035,1
905021,718157,1
934838,718166,2
926922,71818,1
934973,718180,1
929582,718310,1
922053,718328,1
934892,718370,1
934895,718452,1
934977,718524,1
911652,718542,2
905733,718625,2
959235,718667,1
934939,718686,1
918841,718706,1
928912,71874,1
934901,718765,1
934903,718865,1
953400,718872,1
924547,718905,1
909525,71906,1
953273,719099,1
934849,719178,1
958501,719199,1
921194,719219,1
946849,719505,1
934952,719545,1
934954,719751,1
908008,719753,1
958377,719783,1
934862,719921,1
935000,719925,1
928935,719926,1
896629,720023,3
910415,720040,1
934913,720053,1
898080,720126,1
934917,720272,1
935007,720333,1
933413,720388,1
903212,720499,1
934870,720507,2
934969,720514,1
953408,720567,1
916124,720568,1
906273,720697,1
935018,720734,2
935106,720791,1
933430,720792,1
931507,720843,1
926205,721149,1
920687,721162,1
928189,721167,3
950163,721276,1
899377,721290,1
930237,721293,1
935029,721409,1
927172,721467,1
935171,721471,2
935172,721493,1
952033,721506,1
897740,721675,1
903095,721690,1
907706,721824,1
927401,721984,1
935129,721998,1
906659,722096,1
948848,722135,1
917172,722189,3
931578,722195,1
950880,722244,1
948850,722328,1
910605,722335,1
927487,722388,1
933464,722390,1
923420,722396,1
926323,722404,1
935094,722421,1
904904,722437,1
915807,72244,1
903110,722451,1
918875,722513,1
935188,722569,2
935138,72268,1
903806,722683,2
925995,722690,1
935103,722724,1
935196,722774,1
935251,722841,1
925372,722844,2
850888,722849,1
935053,722903,3
935145,722916,2
950838,723022,1
917025,723041,2
919580,723072,2
935256,723145,1
935203,723190,2
925272,723239,1
946355,723268,1
915707,723329,1
947551,72336,1
922600,723422,2
946665,1190320,1
954722,1190482,1
864143,1190503,1
864299,1190583,1
863997,119067,2
864301,1190785,1
864068,1190807,1
864303,119099,2
864005,1191429,1
864154,1191499,1
864310,1191620,1
864077,1191639,1
864312,1191696,1
864158,1191764,1
864012,1191933,1
864161,1191944,2
864316,1191952,1
864013,1191957,1
864165,1192220,1
864166,1192346,1
864322,1192434,1
864168,1192476,1
946539,1192501,1
864021,1192656,1
864091,1192693,2
864022,1192786,1
864171,1192863,1
956746,119301,1
864173,1193066,1
864095,1193179,1
953570,1193439,1
950371,1193452,1
864177,1193490,1
956847,1193681,1
864101,1193759,1
864032,1193772,1
864102,1193797,2
864034,1193900,1
864183,1193913,1
864035,1194008,1
864105,1194009,2
864339,1194035,1
864036,1194049,1
864185,1194056,1
864038,1194113,1
864041,1194264,1
864042,1194307,1
959925,1194447,1
864349,1194528,2
864118,1194620,1
864502,1194640,1
864120,1194710,1
864504,1194716,1
864122,119476,1
864210,1195020,2
864512,1195236,1
864213,1195239,1
850898,119525,2
864434,1195343,1
864514,1195354,1
864358,1195375,1
864435,1195385,1
864363,1195838,1
864442,1195936,1
864523,1195984,1
864368,1196036,1
864525,1196041,1
864369,1196057,1
864446,1196063,1
864372,1196272,1
864452,119653,1
864532,1196530,1
864233,1196544,2
947631,1196863,1
950694,1196881,1
947957,1196948,1
864380,1196963,1
864537,1197001,1
864539,1197215,1
864460,1197297,1
864461,1197421,2
864385,1197532,1
864543,1197662,1
864246,1197806,2
954860,1197840,1
864392,1198087,2
864469,1198119,1
945969,1198320,1
864252,1198374,2
864395,1198379,1
864396,1198400,1
864473,1198405,1
864474,119844,1
947332,1198449,1
850676,1198520,1
864398,119863,2
864477,1198720,2
864558,119880,1
864260,1198874,1
864404,119909,1
864562,1199095,1
864263,1199101,1
864563,1199152,1
950087,1199276,1
864485,1199305,1
864565,1199329,1
864266,1199371,1
864566,1199429,1
951873,1199656,1
864570,1199714,1
864413,1199788,1
864571,1199813,1
864572,1199920,1
864493,119998,1
864574,120011,2
864495,1200132,1
864499,1200461,1
864423,1200541,1
864425,120072,1
951592,1200763,1
864655,1200837,1
864736,1200914,1
864656,1200933,2
864737,1200945,1
864588,1200948,1
864658,1201039,1
864659,1201138,1
864741,1201201,1
864661,1201218,1
864662,1201321,1
864594,1201383,1
864818,1201503,1
864747,1201598,1
864667,1201620,1
864600,1201703,1
864669,1201812,1
864670,1201957,1
864751,1201992,1
864672,1202134,1
864825,1202146,2
946913,1202376,1
864675,120248,2
864828,120249,2
864756,1202500,1
864757,1202615,1
864677,1202800,1
864761,1202986,1
864680,1203042,1
864614,1203235,1
864682,1203240,1
864683,1203259,1
864765,1203271,2
864616,1203278,1
864838,1203302,2
864686,1203555,1
952434,1203654,1
864688,1203679,1
864689,1203709,1
947697,1203720,1
864843,1203749,1
956844,1204152,1
956853,1204259,1
864629,1204463,1
864699,1204560,1
864782,1204648,1
864633,1204675,1
864636,1204881,1
864637,1204999,1
951815,1205290,1
864789,1205353,2
952225,1205370,1
864711,1205630,1
864646,1206107,1
864647,1206307,1
864716,1206328,1
935264,723447,1
931432,723461,1
927813,723472,2
935287,723491,1
934630,723533,1
952367,723586,1
935292,723640,1
899565,723669,1
935349,723771,1
923786,723778,1
934575,723785,1
932947,723801,2
919252,723864,1
935267,723899,1
924563,723937,1
955362,723942,1
922244,723968,1
903831,724078,1
928682,724130,1
935221,724136,1
935270,724147,1
934068,724281,1
904944,724375,3
935305,724408,1
850334,724418,1
947209,724457,1
935308,724663,1
927532,724664,1
935361,724697,1
920776,724712,2
924641,724766,2
927019,724841,1
906396,724861,1
900068,724952,1
920628,725001,3
929022,725012,1
935236,725033,1
935367,725161,1
935237,725199,1
895664,725275,1
903479,725315,1
910001,725341,1
935316,725343,2
916373,725366,1
929384,725445,1
850797,725463,1
850798,725467,1
931638,725606,1
923849,725814,1
935428,725825,1
908194,725870,1
922390,725906,2
935383,725907,1
920727,725923,1
959879,725947,1
935435,726024,1
913246,726056,1
928413,726068,1
932923,726235,2
909710,72627,1
928381,726335,1
920057,726340,1
925652,726345,1
935438,726367,1
935476,726398,1
928103,726433,2
918334,726475,2
935392,726481,2
932932,726498,1
949766,726562,1
948839,726634,1
935481,726642,1
922734,726660,2
935271,726791,1
904006,726920,1
931760,726963,1
935448,727001,1
935536,727027,1
953799,727058,1
935399,727092,1
921780,727206,1
952206,727220,1
931586,727248,1
935539,727290,1
959514,727353,1
934069,727374,1
935493,727403,1
935451,727431,1
952023,727475,1
928562,727536,1
932352,727607,2
951778,727617,1
959072,727632,1
948842,727831,1
895869,727853,4
911865,727986,1
935553,728002,1
935457,728039,1
921773,728140,2
935503,728155,1
920616,728171,2
959429,728194,1
930238,728265,1
899265,728293,1
895522,728300,2
932347,728313,1
935462,728322,1
921831,728473,1
935465,728513,1
935508,728525,1
921804,728536,1
897573,728577,3
935511,728652,1
924872,728694,1
927638,728761,1
935514,728765,1
935516,728847,1
902268,728973,2
935421,729072,1
935571,729149,1
897483,729217,1
925592,729249,1
926309,729387,2
935587,729611,2
907261,729651,2
935588,729695,1
914553,729746,1
920066,729759,1
959193,729823,1
908689,729880,1
922862,729894,1
935757,729906,1
929142,729950,1
935649,730026,1
931053,73004,1
924500,730050,1
935761,730096,1
935702,730105,1
935650,730110,1
935652,730182,1
935654,730303,1
932459,730339,1
907454,730416,1
935710,730458,1
913081,730477,1
921949,73059,2
947096,73073,1
935609,730769,1
901981,730805,2
913540,730821,2
919570,730928,1
922366,730930,1
930359,730994,1
907727,731010,2
935775,731044,1
902044,731167,1
929338,731169,2
935671,731286,1
935779,731338,1
924943,731395,3
946058,731399,1
935621,731416,1
949154,731524,1
946365,731531,1
928443,731557,1
935736,731578,1
914916,731740,1
933449,731937,1
908589,731968,1
921737,731974,2
935794,732070,2
920578,732228,2
935685,732267,1
904325,732456,1
935797,732516,1
930328,732604,1
935802,732769,2
922209,732774,2
949424,732941,1
850859,732988,2
949789,733231,1
912802,73337,1
935923,733430,2
930086,733445,1
910029,733450,1
952098,733477,1
935850,733778,1
935852,733929,1
935854,733999,1
935933,734005,1
935812,734024,1
867194,1250909,1
867276,1250920,1
867119,1251040,1
867056,1251426,1
867200,1251495,1
867282,1251586,1
867058,125162,1
867283,1251658,1
867060,1251688,1
867062,1251950,1
867134,1252286,1
867216,1252564,2
867144,1253110,1
867304,1253391,1
867523,1253410,1
867449,1253457,1
867451,1253600,1
867528,1253641,1
867387,1253821,1
867312,1253823,1
867534,1254064,1
867392,1254188,2
867319,1254427,1
867394,1254451,1
867464,1254458,2
867542,1254685,1
867543,125475,1
867470,1254822,1
867471,125503,1
867402,1255073,1
867329,1255187,1
867404,1255254,1
867475,1255365,2
867332,1255427,1
867553,1255638,1
867409,1255662,1
867335,1255664,1
867555,1255838,1
867559,1256026,1
867418,1256276,1
950080,125637,1
867419,1256372,1
867488,1256478,1
867490,1256619,1
867567,1256825,1
867426,1257110,1
867353,1257164,1
867428,1257235,1
867574,125730,1
867431,1257497,1
867356,1257510,1
867578,1257662,1
867434,1257668,2
949075,1257739,1
867503,1257741,1
867580,1257896,1
867581,1257945,1
954534,1257966,1
867506,1257974,2
867507,1258052,1
952129,1258472,1
867589,1258797,1
867591,1259062,1
867673,1259140,1
867517,1259158,1
867675,125928,2
867603,125931,2
867678,1259575,1
867606,1259581,1
867607,1259788,1
867749,1259806,1
867750,1259874,1
867751,125996,1
867611,1260208,1
867754,1260258,1
867832,1260455,1
867689,1260460,2
867616,1260507,1
867690,1260550,1
867760,1260689,1
867764,1261049,1
867624,1261141,1
951376,1261166,1
867625,1261181,1
867699,1261399,1
950176,1261481,1
867626,1261498,1
867769,1261695,1
867629,1261807,2
947258,1262081,1
867632,1262091,1
867849,1262173,1
867775,1262308,1
867777,1262491,1
867636,1262652,1
867638,1262814,1
867855,1262857,1
867641,1263172,2
867784,1263456,1
867860,1263489,1
867785,1263630,2
867647,1263917,1
867788,1264016,1
867649,1264195,1
867722,1264269,1
867866,1264325,1
867652,126446,1
947772,1264677,1
850813,126487,4
867798,126496,1
867876,1265125,1
945942,1265284,1
867803,1265343,1
867878,1265354,1
867804,1265387,1
867879,1265388,1
867662,126544,2
867738,126562,1
867664,1265622,1
867807,126564,2
867881,1265654,1
949252,1265683,1
867882,1265773,1
947287,1265816,1
949244,1265863,1
867742,1265913,1
867668,1265915,1
867745,1266261,1
867814,1266268,1
867898,1266318,1
867816,1266410,2
959179,1266417,1
867903,12667,1
867820,126673,2
955222,1266937,1
867905,1266997,1
867895,1267065,1
867823,1267082,1
867907,1267098,1
957058,1267151,1
949473,1267155,1
868134,1267164,1
959829,1267364,1
956183,1267495,1
868052,1267500,1
951623,1267519,1
867981,126781,1
868055,1267816,1
868143,126808,2
867917,1268093,1
868145,1268317,1
952010,1268410,1
868149,1268769,1
867923,1268771,2
868065,12688,1
867925,126889,1
868155,1269233,2
868071,126935,1
868156,1269380,1
953029,1269450,1
867933,1269615,1
868076,1269690,1
947502,1269693,1
868003,1269852,1
950032,1269877,1
868077,126988,2
868004,1269950,1
868007,1270142,1
868167,1270297,1
867941,1270320,1
868009,1270322,1
868086,1270857,1
867945,1270864,1
868087,127093,1
949080,1271038,1
959713,1271053,1
903691,73403,1
896664,734037,1
935813,734040,2
896247,734243,1
922066,734340,2
935936,734342,1
930605,734365,1
921457,734511,1
898571,734546,1
902273,734738,2
931900,734755,1
935823,734794,1
947795,734896,1
925494,734921,1
935827,73493,1
920424,734946,1
935828,734973,1
898323,735032,1
932023,735087,1
924096,735204,1
935943,735385,1
930249,735390,1
900123,73545,1
935835,735468,1
935608,735597,1
909372,735613,1
930578,735820,2
896118,73603,1
907472,736052,1
932444,736154,1
910351,736219,1
946361,736232,1
935914,736366,1
935954,736423,1
919119,736428,1
936054,736642,1
936058,736857,1
936061,736959,1
935959,736973,1
936002,737014,1
921025,737166,1
936068,737172,1
935509,737176,1
936069,737196,1
936125,737201,1
929832,737271,1
895635,737368,1
919121,737410,1
935970,737742,1
918744,737770,1
927506,737875,1
908322,73789,2
900237,737918,2
949423,737942,1
936015,737944,1
936138,737999,1
923271,738033,1
921397,738227,2
909620,738251,1
933378,738298,1
935977,738356,1
929949,738386,2
921974,738418,1
935979,738441,1
935980,738470,2
913773,738523,1
935981,738542,2
945961,738630,1
936023,738645,1
936088,73867,1
934379,738738,1
936090,738743,1
936026,73877,2
932984,738827,1
920631,738885,2
936157,739169,2
907541,739205,3
935992,73935,1
936106,739461,1
906193,739480,1
919236,73950,1
850695,739662,1
936234,739689,1
936235,739735,1
899720,739797,1
946102,739828,1
936113,739877,1
896335,739910,1
925845,739914,1
925698,739970,1
912832,740016,1
932888,74006,1
936176,740089,1
936177,740116,3
932592,740137,1
936290,740209,1
921905,740228,1
920716,740247,1
936342,740250,1
933787,740252,1
920493,740258,1
936292,740279,2
936181,740319,1
924222,740381,2
936294,740390,1
903911,740428,1
896978,740504,1
921950,740511,1
936350,740586,1
929219,740643,1
916084,740725,1
929616,740802,2
936188,740815,1
936357,740958,1
936302,741092,1
936195,741093,1
936196,741138,1
936361,741193,1
920164,741196,1
924050,74131,1
914810,741332,1
918253,741433,1
901462,741462,1
936368,741483,2
931390,741538,2
935680,741568,1
921009,7416,1
936269,741623,1
916865,74163,1
936270,741647,1
936316,741682,1
907812,741752,1
936214,741847,1
936377,741868,1
929233,741877,1
917134,741987,1
908405,742015,1
936380,742064,2
910747,742156,1
936220,742220,1
949873,74230,1
950982,742323,1
906204,742341,1
936223,742373,1
952999,742415,1
936337,742489,1
904725,742519,1
936338,742545,1
936339,742620,1
928338,742666,1
903254,742691,1
936509,742776,1
952190,742788,1
936393,742898,1
936394,742957,1
936233,743003,1
936400,743111,1
936576,743115,2
920351,743164,1
936401,743225,1
936578,743232,1
921871,743246,2
925493,743307,2
919792,743367,1
926615,743377,1
959074,743431,1
921295,743492,1
919125,743518,1
901638,743751,1
936458,743912,1
923247,744006,1
959711,744011,1
930693,744079,1
936591,744093,1
928724,744147,2
931279,744228,1
936412,744293,1
936530,744327,1
927862,744333,1
924647,744384,1
936467,744416,1
903114,744419,2
936413,744424,2
929931,744441,2
919130,744493,1
934936,744639,1
933565,744720,1
936600,744748,2
931886,744762,1
916469,744816,1
929790,744962,1
868088,1271054,1
868016,1271282,2
868090,1271283,1
868175,127130,2
868091,1271332,1
946289,1271490,1
868180,1271820,1
868182,127213,1
958556,1272222,1
868099,1272337,1
954541,1272393,1
868026,1272403,1
868030,1272852,1
868106,1272970,1
867965,1273010,2
868034,1273162,1
868110,1273586,1
951244,1273702,1
868197,127390,1
868199,127402,1
868204,1274327,1
868121,1274620,1
868208,1274677,1
868210,1274840,1
868286,1274880,1
868288,1275040,1
950303,1275092,1
868216,127544,1
868436,127556,1
868218,1275565,1
868219,1275604,1
868363,1275614,1
868295,127571,1
868439,1275742,1
851595,1275864,1
868222,1275866,1
945317,1275932,1
868367,1275964,2
868442,1276000,2
868369,1276195,2
868302,1276485,1
868229,127653,1
868304,12767,1
868374,127673,1
868380,1277290,1
868237,1277353,1
868456,1277381,1
868314,1277523,1
946336,1277551,1
868242,1277659,1
868317,1277862,1
868387,1277906,1
868320,1278168,1
868467,1278550,1
868468,1278602,1
947280,1278615,1
868398,127905,1
868330,1279152,1
868476,1279408,1
868332,1279420,2
868258,1279422,1
868334,127958,1
959117,1279581,1
868335,1279780,1
868405,1279811,1
868480,1279868,1
950242,1280022,1
868264,1280149,1
868341,1280273,1
868267,1280316,1
868343,128055,1
868269,1280587,1
868270,1280646,1
868415,1280713,1
868273,1280812,1
868417,1280897,2
868275,1281027,1
868276,1281130,1
868278,1281404,1
868422,1281405,1
868500,128171,1
949783,1281954,1
868502,1282054,2
868430,1282413,1
868519,1282811,1
868663,1282816,1
868741,1283035,2
868597,1283171,1
868743,1283197,1
868600,1283355,1
868746,1283410,1
868672,1283558,1
868673,1283605,1
868604,1283652,1
959369,1283680,1
868605,1283837,1
868675,128389,2
868676,1283959,1
868754,1284307,1
868679,1284408,1
850989,1284422,1
868614,1284731,1
868542,1285179,1
868544,1285341,1
946921,1285636,1
868771,1285709,2
950528,1286235,1
868633,1286314,1
868557,1286319,1
868634,1286345,1
868635,1286457,1
868636,1286514,1
868560,1286538,1
868561,1286611,1
868783,1286631,1
868785,1286702,2
868786,1286764,1
868641,128690,2
868787,128699,1
868642,1286993,1
868712,1287003,2
868714,1287139,2
868646,1287287,1
868571,1287404,1
868717,1287417,1
868720,1287662,1
868578,1287930,1
868655,128795,1
868725,1287973,1
868727,128815,1
868658,1288214,1
868728,1288371,1
868804,128841,1
868890,1288436,1
868806,1288615,1
868892,1288673,1
868732,1288832,1
868809,1288908,1
868813,1289396,1
869042,128949,1
868902,1289576,1
868828,1289818,1
868829,1289925,1
869049,1290225,1
868908,1290242,1
868976,1290263,1
868834,1290393,1
869052,1290423,4
868913,1290649,1
868837,1290652,1
869055,1290690,1
868838,1290696,1
869063,1291220,2
869064,1291382,1
868995,1291831,1
868996,129191,1
869070,1291921,1
869073,129212,1
869074,1292233,1
868934,1292351,1
869076,1292378,1
869077,1292417,1
868936,1292448,1
868861,1292595,1
868862,129274,1
869081,1292768,1
868863,129284,1
869007,1292844,1
869012,1293329,1
950061,1293340,1
868869,1293349,1
869014,1293410,1
869090,1293544,2
869091,1293672,1
869017,1293744,2
869021,1293973,1
936478,744981,1
926133,745001,1
916507,745148,1
948873,745158,1
900711,74533,1
930612,745359,1
950196,745525,1
932014,745540,1
936430,745560,1
936432,745728,1
924433,745809,1
936626,745839,1
898699,745849,1
936492,745882,2
947158,745942,1
936561,746067,2
936498,746158,1
936565,746216,1
936705,746301,1
901506,746631,1
922328,746696,1
923967,746913,2
922766,747169,2
921074,747176,1
909043,747208,2
947534,747218,1
947019,747283,1
918089,747328,1
933132,747450,1
932883,74765,1
936643,747734,1
954153,747741,1
935809,747783,2
936731,747993,1
936782,748148,1
936649,748161,1
850738,748214,1
936787,748242,1
924503,748276,1
850810,748280,2
912563,748370,1
924473,748410,1
920978,748561,1
924895,748689,1
923546,748844,1
936662,748905,1
907443,748962,1
936750,749125,2
913503,74918,1
922382,749306,2
950023,749408,1
901595,749409,2
948853,749424,1
917835,749493,1
905838,749526,1
936811,749541,1
936671,749583,1
936813,749595,1
902443,749610,1
936873,749651,1
948854,749656,1
936816,749789,1
923826,749796,1
904973,749802,1
936676,749819,1
921371,749862,1
936878,749883,1
936881,750079,1
898275,750086,1
947664,750165,1
933711,750429,1
922882,750587,2
948859,750658,1
928065,750660,1
936899,750666,1
937052,750742,1
926115,750756,1
936902,751054,1
925194,751368,1
925196,751369,1
908496,751546,1
936957,751551,1
923713,751704,1
937061,751828,1
919181,751917,1
937066,751970,1
912949,752014,1
900532,752161,1
920471,752258,1
925223,752263,1
936966,752272,1
904686,752373,1
896615,752391,1
937072,752518,1
936927,752550,1
936544,752583,1
936929,752661,1
953961,752895,1
908021,752904,1
936933,752908,1
926248,752933,2
933233,752980,1
904690,753078,1
951020,753115,1
925206,753129,2
937022,753168,1
937023,753209,1
936979,753293,1
920645,753593,2
899672,753596,3
904697,753597,1
936988,753747,1
951583,753794,1
937033,753931,1
931948,754100,1
937036,754113,1
909201,754144,1
936953,754167,1
902033,754173,1
937039,754205,2
937095,754252,2
905385,754271,1
897508,754404,1
937043,754425,1
924835,754509,1
924554,754645,1
937047,754666,1
923662,754739,1
918465,754826,1
937049,754969,1
935276,755081,1
925723,755113,1
937104,755114,1
895531,755180,1
927228,755202,1
895673,755304,1
937260,755354,1
958331,755371,1
920721,755433,1
895642,755451,1
937216,755564,1
899845,755605,2
937150,755720,1
927126,755743,1
937220,755784,1
937263,755821,1
936556,755945,1
950212,755976,2
926146,756134,2
929076,756194,1
958736,756225,1
898842,756241,1
937229,756321,2
931288,756738,2
932707,756778,2
937161,756800,1
899399,756813,1
919559,756828,1
937236,756856,2
937276,756918,1
933359,756934,2
937167,757019,1
937124,757027,1
928959,757049,1
937169,757081,1
923807,757088,2
937127,757111,1
951613,757361,1
949833,757398,1
904047,757486,1
934305,757733,1
937182,757747,1
935419,757990,1
937189,758001,1
928721,758027,1
929765,758033,1
937410,758168,1
896732,758180,1
930305,758292,1
917109,758338,1
950491,758348,1
924016,758374,1
937300,758405,1
958396,758793,1
947570,758893,1
937307,758928,1
937419,758941,1
930723,759006,2
909549,759217,1
937367,759326,1
947503,759351,1
937368,759373,1
937314,759470,1
933500,759477,1
937369,759503,1
937317,759508,1
931318,759512,1
937319,759526,1
925895,759558,2
934149,759579,1
937432,759601,1
923429,759623,1
936198,759628,1
937374,759666,1
937323,759674,1
937436,759716,1
895879,760038,1
850461,760048,2
953050,760081,1
918565,760090,1
933212,760140,1
909752,760172,2
932910,760212,1
932935,760361,1
932416,760363,1
937495,760418,1
921227,760535,1
959783,760591,1
929719,760853,1
918882,760942,1
937352,760976,2
937400,760995,1
936747,761147,1
937355,761160,1
926512,761188,1
911415,761194,1
937593,761196,1
950266,761282,1
928694,761287,1
895646,761301,2
946672,761303,2
937599,761317,1
937600,761345,1
930428,761355,2
937523,761392,1
900904,761406,1
937604,761411,1
937531,761443,1
901675,761454,1
850464,761472,3
937358,761479,1
937533,761591,2
901767,761596,1
919628,761621,1
930000,761740,2
927857,761816,1
906855,761896,1
937538,761921,1
937544,762110,1
937667,762170,1
934375,76218,1
937669,762227,1
947752,762237,1
912278,762240,1
937672,762300,1
937675,762390,1
932976,762396,1
933210,762430,1
906987,762452,1
907945,762535,2
922868,762540,1
928984,762629,1
937557,762642,1
908348,762650,1
955383,762718,1
954300,762835,1
937690,762842,1
955309,762892,1
898143,762927,1
937742,762966,1
906079,763010,2
958397,763083,1
949236,763099,1
932098,763112,1
937645,763186,1
929618,763227,1
937579,763310,1
937649,763321,1
921561,763437,1
936738,763504,2
937750,763516,1
897418,763549,1
937587,763560,2
929773,763646,1
937705,763681,1
937754,763690,2
959076,763857,1
937906,763867,2
929875,763876,1
926923,763893,1
918297,763935,1
937769,763952,1
937861,763960,1
937802,763968,1
937771,763993,1
904736,764113,2
958335,764127,1
910276,764176,2
920276,764233,1
959431,764357,1
921096,764389,2
933792,764396,2
935071,764431,1
937813,764441,2
909085,764469,1
946704,764470,1
926803,764477,1
937815,764514,1
937780,764547,1
937816,764569,2
917146,764601,1
937818,764616,1
937922,764653,2
937926,764759,1
920152,764867,1
928943,764926,1
936307,764979,2
908146,765003,1
934218,765051,2
937792,765094,1
921685,765171,1
937934,765301,1
925838,765338,1
937935,765408,1
905321,765416,1
937839,765449,3
936587,765454,1
923139,765614,1
937891,765640,1
923714,765691,1
899408,765698,2
937895,765784,1
951804,765843,1
937848,765850,1
937959,765890,1
931910,766021,2
937963,766115,2
937854,766187,1
929118,766299,1
933586,766459,1
933594,766464,1
938023,766536,2
938025,766673,1
935512,766768,1
938072,766961,1
928406,767041,1
935052,767044,1
922117,767051,2
923166,767177,1
896812,767269,1
918961,767298,1
945355,767308,1
937988,767360,1
926329,767402,1
934915,767543,1
938035,767614,2
936842,767657,2
937994,767670,1
924309,767696,1
898847,767724,1
938127,767809,1
937996,767820,1
937997,767844,1
906878,767846,1
938129,767935,1
895678,768054,1
938131,768125,1
926027,768145,1
920095,768166,1
928624,768211,1
937760,768259,2
929828,768267,1
925099,768298,1
938085,768316,1
938005,768380,1
922454,768481,1
923051,768494,1
928161,768571,1
947666,768630,1
904197,768693,1
911478,768694,2
896810,768703,2
868954,1293996,3
869098,1294168,1
868957,1294281,1
869025,1294312,2
868958,1294326,1
869027,1294369,1
869028,1294423,1
869104,1294543,2
868962,1294558,1
869030,1294576,2
868963,1294603,1
868887,1294627,1
868888,1294737,1
869033,1294935,1
958660,1294991,1
869109,1295102,1
952719,129520,1
869122,1295481,1
869039,1295495,1
869199,1295536,1
869116,1295578,2
869342,1295646,1
869126,1295680,1
869127,129581,1
869344,1295830,1
869346,1295969,1
869274,1296014,1
869275,1296065,1
869349,1296255,2
869208,1296261,1
869277,129630,1
869209,1296317,1
869139,1296649,1
869283,1296657,1
869216,129678,1
956673,1296944,1
947037,1297069,1
869221,1297143,1
869295,1297559,1
869154,1297808,2
869298,1297814,1
869155,129790,1
869299,129792,2
869157,1298166,2
869376,129828,1
869237,1298453,1
947779,1298765,1
869164,1298791,1
869165,1298877,1
869383,1299003,1
869387,1299297,1
869316,1299617,1
869391,1299632,2
958626,1299808,1
869395,1299997,1
950642,1300001,1
869398,1300336,2
869257,130037,1
869183,1300497,1
869184,1300583,1
850623,1300735,1
869261,1300878,2
869404,1300908,1
869330,1301046,2
958871,1301063,1
869190,1301075,1
869191,1301126,1
869192,1301320,1
869408,1301338,1
869490,1301602,1
869337,1301635,1
869421,1301659,1
869413,1301811,1
869494,1301929,1
869341,1302026,1
869495,1302171,1
869564,1302284,1
869642,1302483,1
950328,1302485,1
850595,13025,1
869500,1302569,1
869430,1302641,1
869647,1302769,1
869571,1302800,1
851441,1302822,1
869649,1302841,1
869435,1302873,1
869506,1302911,1
869436,1302942,2
869652,1303011,1
869509,1303080,1
869440,1303236,1
869511,1303263,1
869512,130336,1
869580,1303393,1
869581,1303413,1
869583,1303544,1
869447,1303663,1
869585,1303709,1
869518,130375,1
869664,1303858,1
869450,130427,1
869590,1304446,1
945888,1304544,1
869453,1304650,1
869525,1304703,1
869526,1304751,1
869455,1304784,2
869527,1304806,1
869456,1304812,1
946546,1305337,1
869679,1305662,1
869604,1305733,1
869538,1305874,2
869606,1305891,1
869682,1305893,1
869683,1305947,1
869685,1306034,1
869542,1306043,1
869610,1306058,1
948017,1306107,1
955461,1306133,1
869548,1306429,1
869694,1306476,2
869555,1306676,1
869623,1306721,1
956865,1306757,1
946391,1306761,1
959475,1306768,1
869483,1306915,1
869624,1306932,1
869701,1306984,1
869628,1307315,1
869561,1307335,1
869562,1307375,1
869630,1307460,1
869716,1307568,1
869708,1307697,1
869634,1307813,1
869710,1307920,1
869713,1308168,1
869797,1308190,1
951302,1308498,1
950325,1308629,1
869869,1308660,2
959165,1308680,1
869803,1308758,2
869730,1308829,2
869806,1308917,1
869732,1308929,1
956814,1308986,1
953608,1308993,1
869874,1309034,1
869809,1309120,1
869951,1309165,1
869736,1309176,1
869737,1309241,1
869738,1309314,1
948020,1309358,1
869739,1309366,1
869884,1309696,1
958767,1309780,1
869962,1309929,1
869822,1309935,1
869748,130994,1
869750,1310033,1
869892,1310072,1
869826,1310096,1
869752,1310099,2
869970,1310397,1
869831,1310480,1
950626,1310487,1
869972,1310558,1
869832,1310576,1
869758,1310578,1
948871,768724,1
936004,768825,1
938144,769058,1
916313,769081,3
938047,769126,1
951927,769141,1
946387,769166,1
912649,769171,1
938153,769312,1
955292,769454,1
938157,769563,1
935466,769580,1
938152,769628,3
936396,769639,1
938057,769973,1
928715,770016,1
934381,770050,1
928616,770157,1
938240,770240,2
928207,770446,1
938288,770471,1
938247,770524,1
910995,770545,1
937178,770717,1
936751,770802,1
938297,770828,1
927144,770870,2
905383,770927,1
929746,770940,2
938204,771055,2
938305,771163,1
938168,771218,1
938253,771229,1
938307,771239,1
938208,771244,1
938255,771333,1
938213,771399,1
938259,771414,1
938312,771418,1
935347,771426,1
938313,771463,1
909184,771539,1
938175,771672,1
938177,771716,2
927758,771982,1
938266,772066,1
909274,772160,1
949989,772217,1
957087,772307,1
921417,772416,1
926867,772570,1
928588,772617,1
895653,772711,2
938189,772726,1
938332,772785,1
905547,772843,2
955176,772862,1
933483,772913,1
926144,773022,1
928867,773047,1
921117,773178,1
938392,773234,1
850468,773526,1
938117,773790,1
938284,773806,1
902429,773995,2
936163,774090,1
938405,774109,2
938340,774193,1
937028,774280,1
938500,774303,1
921208,774345,1
923982,774529,1
898927,774530,1
938506,774548,1
925500,774775,1
911866,774841,1
905730,774931,2
952345,775116,1
850469,775209,1
913364,775227,1
938425,775274,1
946764,775361,1
959574,775396,1
937639,775526,1
938432,775737,1
905744,775743,1
938433,775755,1
938475,775758,1
938370,775787,1
903126,77584,1
933529,775870,1
905483,775938,1
922123,776033,1
926014,776062,1
956969,776067,1
920530,776098,1
936193,776215,1
938486,776430,1
937958,776599,2
959715,776723,1
919014,776737,1
937212,7768,2
938557,776824,1
897839,776931,1
945846,776936,1
928785,776969,1
914816,777043,1
938541,777078,1
945748,777085,1
937060,777099,1
938598,777239,1
938599,777292,1
937616,777318,1
938632,777346,1
908044,777467,1
918880,777475,1
932620,77755,2
938681,777567,1
938682,777625,1
938638,777645,1
938605,777681,1
901785,777688,1
926929,777764,1
926663,777804,1
920387,777841,1
947367,777906,1
923979,777907,1
910113,777926,1
938609,777964,1
926633,778019,2
910656,77803,1
908684,778097,1
924147,778111,2
921692,778134,2
924072,778139,1
938412,778172,1
926843,778213,2
945738,778227,1
938564,778239,1
938617,778248,2
914297,778274,1
938619,778303,1
936863,778331,1
908209,778334,1
938620,778343,1
913198,778597,1
936582,778602,1
927413,778688,1
922070,778691,1
948893,778718,1
938570,778759,1
938659,77877,1
952029,778811,1
922156,778840,1
917111,778858,2
918405,778958,2
937787,77897,1
938625,779045,1
850474,779089,1
938575,779118,1
948894,779303,1
925679,779533,1
928903,779605,1
938673,779617,1
938718,77966,1
929688,779686,1
938719,779741,2
948895,779767,1
908738,779904,1
938676,77994,1
919972,779958,1
938851,779992,1
948896,780021,1
938809,780084,1
956724,780205,1
938771,780309,1
927379,78031,1
926679,780518,1
928804,780726,1
901042,780770,1
903589,780945,1
936312,780995,1
938734,781029,1
934250,781109,2
850479,781120,1
929722,781131,1
919362,78132,1
905892,781328,1
911568,781390,1
910059,781433,1
922015,781494,2
938744,781625,1
934652,781785,1
909795,781799,1
954820,781853,1
922860,781909,1
910649,781920,2
927154,781938,2
906867,781946,1
937914,781956,1
938792,782012,1
900372,782044,1
938794,782174,1
945413,782408,1
938835,782546,3
909367,78258,1
938886,782720,1
938759,782776,1
932813,782792,1
924856,782976,1
938765,783048,1
952381,783159,1
938843,783193,1
926207,783272,1
938844,783311,2
933623,783327,1
948877,783379,1
932590,783383,1
932254,783413,1
955014,783531,1
938896,783533,1
897207,783623,1
926427,783642,1
931052,783867,2
910264,783913,1
939039,784355,1
936569,784381,1
926067,784423,1
948878,785052,1
927683,785163,1
938915,785178,1
937171,785378,2
931108,785466,1
938953,785470,1
923178,785560,1
938919,785755,1
907609,785802,1
931892,785845,1
924114,786002,1
850485,786102,1
919871,786131,1
924600,786182,1
934423,786334,1
939068,786429,1
949678,786482,1
937549,786702,1
954413,786732,1
918682,786959,2
905180,787087,1
923230,787101,1
937261,787206,1
895690,787208,1
908705,787267,1
927764,787290,1
925660,787321,3
908501,78737,1
948880,787382,1
938977,787411,2
930758,787483,1
938980,787504,1
911496,787734,1
939031,787740,1
921451,787908,1
958305,787953,1
939146,787991,1
932921,787996,1
939033,788016,1
928883,788161,1
939226,788184,2
918811,788879,1
924997,788972,1
939107,789215,1
925676,789337,1
946854,789363,1
939243,789402,1
918419,789411,1
939195,789431,1
939169,789480,1
939245,789490,1
898162,789519,1
932308,789550,2
939198,789610,1
896926,789726,2
902725,789836,1
937181,790018,3
917980,790064,1
935156,790134,1
946318,790173,1
935845,790201,1
932077,790496,2
920451,790560,1
939179,790804,1
906598,790905,1
931957,790934,1
926398,790937,2
918409,791076,2
925375,791112,1
933115,791118,1
950385,791276,1
914324,791320,1
938918,791451,1
937197,791656,1
905684,791730,2
903580,791739,1
898671,791876,1
949691,792109,1
910452,792184,1
931304,792373,1
945910,792555,1
925363,792686,1
939054,792878,1
929801,793116,1
923269,793177,1
939270,793207,1
939322,793208,1
850341,793379,1
937925,793610,1
924482,793632,1
934823,793692,1
909541,793736,2
901105,793874,1
907117,793880,1
930741,793919,1
939384,79392,1
929989,794088,1
939280,794128,1
939435,79419,2
954063,794195,1
935395,794254,1
934934,794517,2
939286,794757,2
922089,794776,1
930497,794797,1
907698,794874,1
931258,794893,2
939346,794993,1
939288,795031,2
898426,795073,2
921180,795164,4
939351,79522,1
939447,795239,1
925048,795247,2
939352,795267,1
939354,79539,1
899582,795452,1
946187,795525,1
939401,795702,1
928699,795983,1
950936,796047,1
939366,796088,2
939307,796268,1
950298,796375,1
934232,796414,1
947528,796474,1
939452,796508,1
939310,796698,1
950211,796756,1
939311,796801,1
895792,796864,1
927099,797075,1
909580,797271,3
904260,797527,2
937998,797542,3
899670,797582,1
934706,797617,2
905713,797821,1
948898,797830,1
939525,797838,2
939550,7981,1
921229,798315,1
912026,798422,1
905913,798455,1
927672,798484,1
910706,798602,1
918781,798613,1
939600,798769,1
948899,798816,1
939601,798863,1
945779,799169,1
939605,799237,2
939480,79928,1
869901,1310701,1
869762,1310768,1
869903,1310840,1
869904,1310888,1
869765,131093,2
869840,1311035,1
869906,1311065,1
869843,1311281,1
869772,1311435,1
869913,1311527,1
869914,1311588,1
869776,1311646,1
869993,1311823,1
869994,1311880,1
869780,1311905,1
869856,1311986,2
869997,1312044,1
869922,1312104,1
869784,1312134,2
869923,1312137,1
870001,1312300,1
851248,1312376,1
870003,1312414,1
869862,1312418,2
869928,1312444,2
869930,1312648,2
870006,1312659,1
869864,1312676,1
870242,1312782,1
870010,1312926,1
870244,1312955,1
869935,1312986,1
870245,1312994,1
870021,1313001,1
870246,131307,1
870248,1313171,1
870167,1313394,1
953227,1313530,1
870168,1313546,1
950689,1313601,1
870254,1313689,1
870033,1313835,1
870258,1313875,1
870179,1314196,1
948023,1314327,1
870043,1314464,1
870044,1314615,1
870185,1314617,1
870045,1314691,1
870270,1314760,1
870188,1314863,1
870050,1315134,1
870191,1315144,1
870192,1315200,1
870119,1315438,1
870278,1315440,1
870053,1315443,1
870054,1315526,1
870055,1315670,1
870282,1315792,1
870058,1315873,1
870127,1316060,1
870128,1316084,1
870204,1316339,2
870289,1316348,2
870205,1316389,1
947218,1316411,1
870290,1316429,1
956999,1316839,1
870139,1317010,2
870073,1317036,1
870140,1317048,2
870075,1317137,2
870143,1317372,1
870218,1317419,1
870144,1317428,1
870303,1317457,1
870078,1317468,1
870079,1317548,1
870220,1317603,1
870306,1317611,1
870221,1317650,2
870308,1317724,2
870225,1317935,1
870087,1318041,1
870088,1318205,1
870228,1318212,1
870313,1318253,1
870229,1318268,1
870399,1318771,1
870163,1318804,1
952040,1318818,1
870164,1318869,1
870324,1318995,1
946551,1319002,1
870403,1319025,1
870546,1319494,2
850320,1319613,3
870468,1319639,1
947141,1319673,1
870407,1319735,1
948005,1319862,1
870552,1320212,1
870334,1320256,1
870335,1320340,1
870477,1320685,1
870338,1320737,1
870416,1320814,1
870341,1320944,1
870564,1321605,1
870346,1321676,1
870491,1322265,1
870429,1322374,1
870430,1322477,1
870432,1322554,2
870356,1322661,1
947363,1322705,1
870357,1322713,1
870577,1322843,1
870360,1322928,1
870437,132293,1
947683,1323144,1
870441,1323302,1
870582,1323342,1
870442,1323369,2
870366,1323467,1
870507,1323617,1
870585,1323618,1
870447,1323901,1
870511,1324038,1
958455,1324505,1
870516,1324589,2
870594,1324599,1
870517,1324723,2
870596,1324875,1
870456,1325159,1
870386,1325675,1
870618,1326133,3
870532,1326741,1
870694,1326779,2
870612,1327089,1
870624,1327116,1
870536,1327287,1
870626,1327428,1
870701,1327709,1
945318,1328056,1
870704,132834,1
870632,1328445,1
870770,132847,1
870847,1328744,1
870772,1328892,1
870848,132902,2
951733,1329153,1
870636,1329180,1
870850,1329200,1
870776,1329371,1
870853,1329452,1
870712,1329477,1
870640,1329487,1
870854,132957,1
870643,1330211,1
870781,1330213,1
870857,1330241,1
870858,1330352,1
870859,1330443,3
870646,1330529,1
870860,1330615,1
870785,1330736,1
870720,1330802,3
870648,1330806,1
870786,1330812,1
870721,1330844,2
870649,1330864,1
851121,1331152,1
870864,1331280,1
926478,799582,3
921057,799632,1
908252,799860,1
939565,799862,1
939616,79989,2
939523,799907,2
922905,799937,1
901749,799949,2
939617,799962,1
939526,800030,1
936801,800056,1
956957,800080,1
959661,800175,1
939623,800188,2
939624,800251,1
938399,800261,1
936981,800319,2
939627,800355,1
939534,800490,1
895795,800550,1
939537,800622,1
925984,800682,2
905339,80069,1
925057,800718,2
939724,800931,1
923473,800934,2
939810,800943,3
931209,800984,1
939687,800986,1
901395,801020,2
939689,801085,1
928500,801200,2
930699,801257,1
912414,801285,1
939655,801292,1
939692,80136,1
939731,801398,1
921145,801479,1
920816,801502,1
939020,801563,1
901416,801619,1
933532,801684,1
921907,801720,1
929021,801727,1
937824,801768,1
923481,801786,1
907882,801810,1
929323,801865,1
935488,801959,1
935456,802020,1
929713,802066,1
907624,802089,1
925307,802093,1
918338,802270,1
939755,802271,1
937977,802287,1
939671,802365,1
939585,802431,1
931327,802462,1
950487,802481,1
923364,802486,2
927199,802528,1
927478,802567,1
934343,802579,2
939829,802656,1
938481,802662,1
939831,802710,1
927062,802731,1
939760,802834,1
905140,802932,1
920342,802975,1
933250,803028,2
926549,803073,1
954050,803110,1
946020,803316,1
923193,803439,1
922726,803465,1
928662,803500,1
954028,803588,2
939780,803606,3
907751,803642,1
951970,803656,1
947453,803701,1
920920,803710,1
903241,803737,1
939904,803771,1
923733,803777,1
946970,803778,1
932205,803971,1
939858,804020,1
931998,804046,1
939953,804101,2
926509,804170,1
937894,804219,1
932273,804237,1
924103,804281,1
956637,804324,1
952974,804371,1
939075,804426,2
949265,804499,1
939866,804538,2
918660,80466,1
898724,804710,1
948886,804794,1
927738,804832,2
936454,804866,1
926152,804910,1
939874,804966,2
928403,804967,2
906941,805052,1
939968,805271,1
902650,805275,2
928791,805343,1
939800,805369,1
898111,805458,1
905416,805491,1
937965,805557,1
939884,805598,1
912165,805636,1
939975,805706,1
905393,805720,1
919206,805759,1
939934,805782,1
930998,805827,1
939888,805843,1
955248,805868,2
925921,805879,1
939937,805885,1
939979,805925,1
939717,805948,1
927573,805958,1
946708,805999,1
899219,806003,1
939892,806046,1
916853,806080,1
918998,806081,1
903469,806127,2
940131,806234,1
939895,806237,1
910940,806288,1
896974,806395,1
930413,806414,1
940030,806419,1
940081,806488,1
913659,806521,1
907318,806529,1
898246,806556,1
929776,806631,2
939994,806692,1
940135,806715,1
898218,806925,1
924859,806981,1
899494,807000,1
931349,807056,1
940000,807188,1
946377,807204,1
903030,807283,2
933973,807305,1
953240,807417,1
940003,807473,2
925502,807525,1
940045,807558,1
920522,807663,1
933479,807730,1
938873,807822,1
904308,807912,1
900517,80798,1
940009,808011,1
904866,808036,2
908761,808073,1
940011,808120,1
953260,80823,1
940101,808310,2
957129,808396,1
915075,808462,1
930058,808508,1
940017,808561,1
902056,808604,2
931341,808609,1
940107,80862,1
940020,808651,1
926899,808695,1
937407,808918,3
940024,808921,1
940026,809019,1
921062,809054,1
931075,809197,1
940157,809296,1
926775,809319,2
931127,809439,1
940072,809634,2
949999,1331283,1
870654,1331505,2
870793,1331629,1
870728,1331675,1
870731,1332031,2
947227,1332089,1
870733,133226,1
870873,1332323,1
870734,1332329,1
870874,1332389,1
870663,1332408,1
870801,1332418,1
870736,133252,1
947493,1332823,1
870878,1332850,2
870880,1332997,1
870741,1333029,1
870669,133308,1
870743,1333237,1
870671,1333249,1
870883,1333293,1
870673,1333475,1
870812,1333598,1
851027,1334249,1
870752,1334255,1
870680,1334308,1
870681,1334419,1
870819,1334539,1
945966,1334574,1
870756,1334672,1
870896,1334782,1
870823,1334934,1
870824,1335139,1
870900,1335178,1
870690,1335268,1
870764,1335327,2
870828,1335363,1
870920,1335592,1
870832,1335611,1
948030,1335648,1
870921,1335653,1
870834,1335724,1
958943,1335731,1
870996,1335783,1
870835,1335791,1
951186,1335833,1
870998,1335873,1
870913,1335909,2
871000,1335991,1
870931,1336214,1
871150,1336377,2
870936,1336603,1
871076,1336615,1
954417,1336691,1
871079,1336815,1
871157,1337010,2
870941,1337063,1
870942,1337150,1
952055,1337160,1
871159,1337219,1
871018,133760,2
871166,1337833,1
871022,1337843,1
870951,1337917,2
950101,1337970,1
871024,1337978,1
871025,1338101,1
952615,1338313,1
871098,1338592,1
870962,1339053,1
871179,1339113,1
871035,1339117,1
870967,1339567,1
871106,1339569,1
871185,1339659,1
871041,133968,2
871112,1339908,1
871190,1339933,1
871191,1339986,1
952529,1340023,1
870979,1340183,1
871119,1340221,1
870981,1340299,2
870983,1340520,2
871123,1340622,1
871201,1340626,1
870985,1340654,1
871124,1340670,3
870988,1341029,1
871127,1341030,1
871128,1341131,1
870990,134120,1
871130,1341246,1
871064,1341279,2
871134,1341552,1
948037,1341560,1
959377,1341575,1
871225,1341607,1
946754,1341611,1
871227,1341726,1
871215,1341745,1
871301,1341805,1
871230,1341959,2
871218,1342025,1
871220,1342233,1
871143,1342260,1
871144,134236,1
949927,1342402,1
871236,1342420,1
871312,1342645,1
871313,1342730,1
871456,1342748,1
871244,134299,1
871461,1343070,1
871247,1343144,1
871249,1343384,3
871323,1343601,1
871253,1343774,1
871255,1344002,1
871257,1344191,1
871548,1344230,1
871332,1344293,2
871260,1344327,1
871262,1344499,1
871263,1344528,1
871336,1344581,2
871478,1344615,1
871267,1344831,1
871483,1345105,2
871342,1345153,1
871270,1345218,1
871343,1345225,1
871485,1345289,1
871347,1345590,1
871277,1345789,1
871491,1345795,1
871568,1345799,1
871492,1345831,1
871352,1346002,1
871494,134602,1
871282,1346167,1
871283,1346221,1
945824,1346525,1
871359,1346542,1
871287,1346545,1
871502,134671,1
871504,1346842,1
946086,134699,1
871585,1347195,1
871368,1347246,1
871299,1347644,1
871512,1347652,2
871590,1347663,2
871514,1347794,1
871594,1348080,1
871595,1348127,1
871381,134818,1
871520,134839,1
871606,134847,1
871521,1348512,1
871600,1348592,1
871608,1348609,1
871387,1348715,1
871524,1348754,1
871754,1348890,2
871614,1349364,1
871758,1349442,1
871616,1349510,1
871682,1349577,1
871617,1349664,1
871397,1349851,1
871763,1349859,1
871622,1350088,1
871766,1350113,1
871767,1350257,1
940160,809656,1
927319,809892,1
921575,809972,1
956817,809986,1
911461,810045,1
940259,810111,1
923288,810202,1
953904,810344,1
925554,810548,1
930381,810852,1
939610,810945,2
933118,811093,1
921835,811213,1
902925,81139,1
931618,811566,1
940330,811604,2
850510,811615,1
906416,811750,1
940219,811790,1
910022,811796,1
940279,811929,1
914742,811943,1
923010,812169,1
958969,812170,1
908615,812236,1
932429,812242,2
939887,812317,1
906794,812402,1
924912,812439,1
940194,812594,1
937384,812682,1
940233,812699,1
940292,812702,2
929689,81275,1
926120,812816,1
931877,812819,2
899146,812903,1
938834,812940,2
940196,812996,1
940298,813084,1
940240,813136,2
945493,813150,1
940345,81319,1
923191,813191,1
940242,813274,1
895694,813339,1
940244,81342,1
905311,81344,1
940202,813443,1
959102,813521,1
924034,813722,1
930426,813764,1
940308,813791,1
935105,813875,2
937196,813931,1
940311,814024,3
936410,814081,1
940356,814120,1
940256,814151,1
940257,814387,1
931179,814410,2
936798,814426,1
940451,814593,2
939653,814598,2
940453,81465,1
895960,814698,1
940454,814701,1
940412,814713,1
926814,814804,1
920615,814889,1
936287,814960,2
899677,814964,1
904687,815233,1
898730,815395,1
908549,815508,1
940464,815793,1
939923,815813,2
940421,815886,2
940382,816109,1
911761,81611,2
952216,816240,1
940521,816270,1
895803,816273,1
927269,816330,1
940523,816335,2
896775,816543,1
940433,816694,1
946275,816751,1
921222,81683,1
940396,816838,1
940480,816912,1
940437,816932,2
940482,817081,1
940540,817133,1
937578,817281,2
940401,817305,1
921681,817308,1
938805,817309,1
955445,817387,1
940405,817397,1
927209,81740,1
926096,817412,1
903097,817457,1
926183,817524,2
914530,81758,1
920952,817608,1
908768,817658,1
927970,817706,1
927876,817715,2
936024,817731,1
949155,817758,1
908378,817815,1
940553,817816,1
922632,817879,2
911492,817961,2
926251,81799,1
899911,818006,1
940552,81801,1
915699,818173,2
920836,81820,1
940558,818217,2
909415,818284,1
917032,818335,1
940598,818390,1
958513,818416,1
939427,818470,1
930501,818515,1
908666,818526,1
940671,818559,1
939396,818636,1
940672,818666,1
930341,818821,1
940640,818914,1
940673,818923,1
909998,818957,1
925559,81898,1
940607,81902,1
924221,819020,1
936353,819038,1
913570,819288,1
906661,819348,2
925609,819372,1
920890,819391,1
938875,819421,1
912017,819440,1
959003,819510,1
933350,819609,1
930843,819726,1
940682,819829,1
921708,819867,1
940575,820001,1
940653,820012,1
950454,820054,1
908386,820066,2
904496,820096,1
940687,820100,1
906971,820220,3
936903,820255,1
940621,820289,1
940655,820300,1
926986,820460,1
850516,820568,2
918758,820592,1
931322,820647,1
928048,820662,1
940585,820765,1
934447,820829,1
940587,820878,1
913075,820926,1
850517,820987,1
899997,821070,1
913624,821079,1
938121,821149,2
939034,821304,1
912328,821338,2
949119,821357,1
940630,821367,2
940664,821512,1
936773,821549,3
950850,821577,1
909990,821589,1
947479,821602,1
932792,821640,1
936365,821643,1
897566,821807,1
932662,821843,1
940633,821850,1
918947,822119,1
938022,822188,1
931508,822299,1
940747,822323,1
949663,822656,1
928719,822927,1
924282,823069,2
940797,823148,1
940753,823202,1
940799,823215,1
950615,823219,1
895699,823270,1
940835,823387,1
919743,823429,3
922001,823453,1
905153,823541,1
948930,823619,1
958828,823724,1
940842,823739,1
926490,823895,1
940846,824020,1
906734,824170,1
937074,824502,1
959397,824599,1
938677,824606,1
918230,824697,1
940736,824715,3
940767,824761,1
920143,82481,1
910235,824900,1
940770,824931,1
950421,825104,1
936820,825106,1
934459,825176,1
940775,825423,1
906527,825479,1
948912,825561,1
927350,825756,1
919849,825772,1
928821,826009,1
939791,826061,1
924316,826248,1
912666,826249,2
940958,826258,1
918915,826273,1
940917,826324,1
936734,826341,1
940918,826412,1
917399,826431,1
940960,826441,1
850521,826456,1
924768,826586,2
955094,826760,1
940924,826766,1
951019,826890,1
947111,827062,2
906105,827342,1
924054,827355,3
926501,827394,1
914363,827555,1
925581,827876,1
920375,827931,1
940888,828066,1
924921,828084,1
850522,828109,2
923612,828379,1
931238,828412,1
940939,828432,1
949128,828742,1
929487,828793,1
938700,828921,1
940945,828980,2
938661,829037,1
941067,829054,1
941068,82909,1
933438,829248,2
898967,829308,1
901941,829528,1
932087,829604,1
899196,829654,1
940901,829672,1
950799,829791,1
940954,829830,1
895707,829856,1
939133,829875,1
940994,829976,1
923376,830136,2
918591,830333,1
941091,830351,1
955441,830463,1
940909,830540,1
941094,830621,1
941004,830953,1
941168,831309,1
911289,831365,1
926064,831408,1
940287,831463,1
929511,831475,3
941008,831754,1
930603,831778,1
953358,831942,1
903406,832030,1
929478,832148,2
939684,832235,1
941175,832477,1
938733,833147,1
907020,833162,1
941018,833245,1
941104,833281,1
900056,833336,2
948921,833438,1
941106,833560,1
921936,833660,1
915220,833718,1
922682,833744,2
928759,833764,1
901587,833939,1
937654,834110,1
920331,834189,1
926052,834205,1
920515,834328,2
948922,834341,1
850524,834602,2
941112,834619,2
925855,834801,1
941182,834817,1
935304,834890,1
941030,834924,2
941147,835033,1
898589,835216,1
941183,835243,1
941116,835272,1
903574,835311,1
926750,835447,1
959118,835620,1
905556,835637,1
941151,835639,1
941124,835911,1
941154,835948,1
939264,835970,1
940043,836049,2
922993,836073,1
941243,836085,2
941160,836347,1
929868,836359,2
941245,836469,1
941161,836607,1
936091,836728,1
941205,836797,1
931932,836906,1
941247,836923,1
941277,837014,1
930129,837046,1
928505,837055,1
941305,837066,1
931649,837132,3
939508,837348,1
895807,837389,1
922162,837405,1
938991,837457,1
903637,837460,1
927135,837512,1
918478,837579,1
945756,837582,1
850526,837628,1
921554,837723,1
927997,837788,1
953307,837952,1
941254,837988,1
941311,837995,1
908832,838043,1
950109,838164,1
941312,838165,1
924488,838367,1
941221,838433,1
941256,838436,1
941222,838458,1
921812,838480,1
850528,838539,2
938128,838695,2
899549,838764,1
913695,838775,1
902626,838915,1
920580,838988,3
919141,839037,1
958548,839109,1
941260,839160,1
925996,839188,1
925902,839282,2
936044,839286,2
941134,839301,1
932042,839363,1
949602,839419,1
904452,839423,1
926643,839449,1
871625,1350343,2
871690,1350355,1
947583,1350401,2
871771,1350582,1
871773,1350754,1
871776,1351366,1
871635,1351514,1
871781,1351740,1
871703,1351836,1
871641,135199,1
871706,1352084,1
958376,1352257,1
871788,1352365,1
871426,1352710,1
871427,1352785,1
871715,1352793,1
871650,1352894,2
871428,1352899,1
946984,1352946,2
871429,1352971,1
871653,1353113,1
871720,1353227,1
871803,1353940,1
871726,1354043,1
871439,1354141,1
871727,1354182,2
871808,1354574,1
871664,1354635,1
871442,1354649,1
871811,135486,1
871667,1354892,1
871668,1355007,1
871446,1355013,1
871448,1355355,1
871451,1355568,1
871675,1355699,1
871742,1355860,1
871743,135601,1
871823,135610,1
952579,1356278,1
871745,1356307,1
871909,1356367,1
947370,1356549,1
871911,1356576,1
871748,1356638,1
958413,1356703,1
871750,1356810,1
946580,1356890,1
872206,1356893,1
872207,1357071,1
959860,135720,1
871844,1357200,2
871918,135747,1
872214,1357947,3
872216,1358059,1
871855,1358366,1
872219,135856,1
871994,1358688,1
871860,1358732,1
872224,1358910,1
871934,1358915,1
871999,1359155,1
871936,1359216,1
871864,1359258,1
872231,1359810,1
871941,1359833,1
871869,1359853,1
952083,1359994,1
871944,1359997,1
872235,1360036,1
871946,136023,1
871875,1360346,1
872010,1360390,1
871880,1360857,1
872243,1360873,1
951655,1361149,1
946593,1361213,1
953997,1361284,1
871886,1361529,1
871889,1361784,1
872252,136179,1
871963,1362003,2
955132,1362348,1
872257,1362385,1
871966,1362389,1
872258,1362424,1
872260,1362652,1
872033,1362677,1
871899,1362718,1
872034,1362752,2
872263,1362826,1
871972,136284,1
940509,1362982,1
872265,1362988,1
871903,1363020,1
871975,1363049,1
871904,1363060,1
871905,1363110,1
872268,1363127,1
872041,1363281,1
872042,1363363,2
872272,136355,2
872359,1363550,1
872274,1363704,1
952435,1363830,1
872366,1364158,1
872053,1364353,1
872072,1364642,1
953879,1364687,1
872136,1364843,1
872376,1364914,1
872291,1365104,1
872079,1365182,2
872293,1365222,1
872142,1365258,1
950996,1365267,1
872145,1365536,1
952771,1365563,1
872300,1365812,2
872087,1365960,2
953804,1366535,1
957057,1366851,1
872093,1366929,1
872395,1367352,2
872397,1367618,1
956946,1367643,1
947250,1367777,1
872102,1367941,1
955231,1368013,1
872319,1368212,2
953280,1368322,1
872320,1368349,1
945606,1368437,1
872321,1368490,1
959162,1368788,1
872324,1368972,1
872326,1369223,1
872327,1369303,1
957035,1369488,1
872118,1369836,1
949516,1370508,1
872126,1370747,1
872186,1370756,2
959071,1370772,1
872188,1370868,1
872342,1370886,2
872429,1370949,1
872190,1370973,1
872433,1371011,1
872434,1371113,1
959425,1371120,1
872192,1371121,1
948043,1371259,1
872348,1371440,2
872512,1371589,1
872197,1371620,1
872517,1371863,2
872520,1372132,1
872585,1372137,1
872521,1372146,1
872662,137217,2
872522,1372201,1
948044,1372297,1
872587,1372311,1
872525,1372550,1
872666,1372569,1
872453,1372620,1
872667,1372677,1
872455,1372897,1
948045,1372970,1
872530,1373014,1
872595,1373110,1
851414,1373116,1
851141,1373150,2
872598,1373244,1
940022,839508,1
940414,839649,1
919285,839653,1
909594,839721,1
915308,839905,1
937676,839987,1
926221,840060,1
908216,840277,2
941233,840320,1
941322,840391,1
941235,84043,1
926665,840467,1
901195,840493,1
910848,840612,1
929298,840617,1
941366,840641,1
850533,840680,1
941367,840698,1
914721,840757,1
927678,840857,1
932540,840862,1
901093,84091,1
947186,840979,1
908894,841005,2
896491,841018,1
941327,841073,2
906838,841136,1
922252,841146,1
932118,841207,2
928359,841289,1
931292,841399,1
936450,841498,1
899107,841577,1
922342,841616,1
922856,841664,1
904761,841707,2
916423,841708,2
941394,841807,1
902571,841884,2
947121,842032,1
912553,84204,1
910211,842146,1
953809,842222,1
938418,842329,2
941345,842341,1
940103,842416,1
926439,842557,1
941379,842626,1
941400,842894,1
938169,842937,1
905719,842943,1
941382,843053,1
932909,843136,1
938243,843140,1
935113,843171,2
932872,84325,1
924472,843349,1
940169,843380,1
931792,843489,1
937583,843499,1
900269,843636,1
904240,843814,1
899121,843838,1
941440,843859,1
948900,843874,1
935890,843920,1
938969,843996,1
934165,844019,1
921210,844189,1
941408,844295,1
941388,844304,1
926110,844337,2
941033,844544,1
933330,844577,3
935326,844589,1
922141,844609,3
898619,844630,1
935888,844650,1
923692,844784,1
898438,844832,1
910426,844939,1
928333,844979,1
937952,844996,1
904788,844997,1
937412,845066,1
946660,845096,1
906669,845102,1
934063,845151,1
936665,845237,2
950009,845255,1
897155,845288,1
941459,845308,1
941516,845327,1
905967,845357,1
930427,845421,1
941485,845442,2
920444,845486,2
922996,845505,3
924192,845511,2
941518,845521,1
946932,845545,2
941486,845578,1
936500,845586,1
954055,845681,1
911791,845714,2
921363,845748,1
941488,845863,1
933741,846050,1
945516,846051,1
903541,846082,1
915536,846124,1
941465,846304,1
939629,846311,1
927465,846415,1
939481,846435,1
941097,84645,1
901874,846490,1
941494,846510,1
939652,846519,1
938776,846527,1
931895,846561,1
919427,846617,2
941473,846651,1
933160,846708,1
941549,846867,1
941496,846944,2
941105,846956,1
941497,846988,1
945927,847003,1
935422,847004,1
921252,847005,1
903878,847059,1
906016,847107,1
946155,847126,1
910528,847131,1
923965,847185,1
929179,847229,2
934272,847277,1
921499,847380,1
948906,847412,1
931306,847426,2
941533,847433,1
920498,847479,2
926365,847494,1
941500,847513,2
916366,847595,1
895898,847723,1
908488,847741,2
926371,847858,2
941027,847861,1
949425,847935,1
947137,847961,1
940479,847966,1
938096,847968,1
941334,848036,1
922103,848063,1
959157,848106,1
940176,848163,2
927359,848241,1
907434,848250,2
921225,848353,2
941477,848428,1
912028,848448,1
934938,848461,1
941651,848492,3
932776,84850,2
941109,848532,1
938710,848598,1
938956,848630,1
904289,848671,1
941594,848703,1
899647,848817,1
941083,848917,1
918272,848965,1
941048,848966,1
923724,848986,1
921298,849004,1
941241,849015,1
921992,849035,2
941601,849046,1
941658,849074,1
941578,849093,1
937211,849097,1
939079,849104,1
948910,849200,1
951567,849304,1
926106,849340,1
951135,849359,1
941606,849369,1
913289,849374,1
914751,849389,1
941607,849414,2
927832,849470,1
906331,849505,1
938924,849523,1
911212,849528,1
941670,849539,1
952080,849543,1
931029,849585,1
941640,849597,1
906784,849653,1
932426,849664,1
929024,849676,1
897080,849718,2
925455,849739,1
938742,849818,1
948911,849857,1
941616,849859,1
931289,849885,2
929160,849889,1
926772,850028,3
911509,850047,1
932139,850080,2
941434,850084,1
933421,850214,2
941752,850313,1
902989,850403,1
922587,850404,2
931814,850416,1
928165,850626,1
941020,850647,1
913546,850687,1
926091,850727,1
934500,850797,1
930507,850880,1
951902,850943,1
941759,850950,1
941690,850977,2
941794,851023,1
941730,851031,1
934054,851071,1
923995,851110,1
937898,851227,1
941796,851284,1
941734,851306,1
941764,851362,1
924577,851396,1
946420,851424,1
934479,851505,1
916687,851586,2
940214,851710,3
899699,85174,1
921091,851741,1
926172,851755,1
946349,851757,1
946067,851764,1
941744,851765,1
910009,851802,1
924074,851834,2
927562,851836,4
936525,851860,1
903984,851882,1
934373,85190,1
913859,852053,1
954786,852063,1
941811,852228,1
941707,852344,2
927083,852431,1
907079,852589,1
896590,852607,1
909119,85263,2
941917,852649,1
941823,852709,1
941849,852725,1
926622,852788,2
930530,852802,1
933405,852810,2
938263,852847,2
926960,852850,2
926836,852883,1
932786,852891,1
923718,852928,3
941852,852937,1
941827,852947,1
934534,852952,1
941828,852954,1
941854,852977,1
929364,852984,1
939473,853027,1
907968,853146,1
895903,853166,1
941928,853209,1
940031,853291,1
941930,853360,2
947261,853365,1
941836,853386,1
941932,853419,1
905325,853453,2
927037,853468,1
925064,853595,1
908521,853671,1
956900,853743,1
940997,853787,1
933827,853797,1
941898,853805,1
900289,853810,1
951576,853892,1
928075,853893,1
896847,85390,1
929299,853946,1
940854,853993,1
923404,853995,1
906980,854019,2
941939,854046,2
906429,854152,1
910201,854205,1
941844,854238,1
926054,85424,1
938346,85425,1
932866,854300,1
918572,854332,1
923648,854343,1
927257,854358,1
941949,854389,1
921114,854480,1
956829,854542,1
936460,854559,1
941877,854576,1
923297,854582,2
938905,854600,1
917617,854804,1
906755,854870,1
929705,854973,2
935081,855069,1
908392,855113,1
940422,855116,1
941970,855173,1
920279,855222,2
895725,85526,1
955482,855300,1
913111,855391,2
919227,855867,1
959347,856006,1
903039,856072,2
942010,856175,1
896645,856274,1
925025,856284,1
942013,856366,1
942042,856368,1
946972,856376,1
930418,856418,1
920770,856423,3
934400,856490,1
955085,856500,1
948940,856507,1
912205,856539,2
939333,856540,1
918563,856541,1
942078,856563,1
942046,856635,2
941987,856750,1
936080,856837,1
911684,856853,1
914569,856856,3
905258,856891,1
925515,857016,1
934105,857118,1
942050,857134,1
923774,857308,1
940741,857348,3
931531,857844,1
911921,857879,1
938070,857916,2
941996,857947,1
959858,858252,1
937371,858377,1
939683,858418,1
934238,858825,1
936824,858880,1
917538,858885,1
958754,859025,1
942092,859127,1
954046,859128,1
939097,859186,2
921698,859409,1
918429,859882,1
942097,859886,2
928258,860015,1
951524,860210,1
942100,860398,1
906724,860413,1
942101,860530,1
952392,1373396,1
950918,1373560,1
872465,1373777,1
872603,1373778,1
872466,1373866,1
872605,1373950,2
872606,1373974,1
872543,1374289,1
872544,1374400,1
872546,1374520,1
872612,1374623,1
872548,137468,1
872476,1374686,1
872613,1374692,1
872689,1374703,2
872614,1374785,1
872550,1374813,1
872551,1374904,1
946101,1374939,1
951326,1374975,1
948048,1374994,1
872617,13750,1
872693,1375050,1
872555,1375238,1
872485,1375478,1
954038,1375651,1
872488,1375687,1
872625,1375713,1
872701,1375714,1
872564,1376055,1
954923,1376107,1
872494,1376202,1
872632,1376327,1
872496,1376376,1
872635,1376504,1
872574,137671,2
872575,1376745,1
872503,1376750,1
948050,1376841,1
951237,1376966,1
872718,1377059,1
872506,1377078,1
872581,1377323,1
872583,1377495,1
872584,1377588,1
947425,1377775,1
872651,1377817,2
947289,1377857,1
872652,1377943,1
872744,1378064,1
872654,1378075,1
872655,1378130,1
872820,1378162,3
872657,1378283,1
872822,1378367,1
872823,1378411,1
872749,1378416,1
951995,1378473,1
872825,1378491,1
872827,137871,2
872968,1378950,1
872829,1378957,1
872755,1378959,1
872756,1379058,1
872831,1379110,1
872896,1379262,1
872899,1379704,1
872762,137978,1
872901,1379875,1
872977,1379909,1
872838,1379916,1
872903,1380015,2
872980,1380161,1
872842,1380206,1
872768,1380224,1
872906,1380240,1
952822,1380294,1
872907,1380352,1
872982,138036,1
872983,1380423,1
872845,1380428,1
872771,1380453,1
872850,1380995,1
872988,1381028,1
872916,1381170,1
872779,1381256,1
872917,1381263,1
872992,1381396,2
872855,1381397,1
955275,1381792,1
851216,1381967,1
872788,1382053,1
873001,1382318,1
873002,1382424,1
953854,1382768,1
873008,1382909,1
872797,1382992,1
949673,1383019,1
951064,1383404,1
873012,1383544,1
873013,1383572,1
872802,1383595,1
872939,1383600,1
872803,1383637,1
872877,1383963,1
872807,1384270,2
945669,1384644,1
873023,1384792,1
872812,1384810,1
873024,1384872,1
872954,1385400,1
873115,1385610,1
873030,1385747,1
873044,1386073,1
851386,1386505,2
850962,1386968,1
873123,1387135,1
873126,1387650,2
873127,1387834,1
873128,1388019,1
873266,1388217,2
950776,1388372,1
873059,1388716,2
873134,1388847,1
873060,1388848,1
873197,1388936,1
873137,1389181,1
873274,1389239,1
873200,1389330,1
873276,1389439,2
873067,1389654,1
873142,1389956,1
945887,1390236,1
873146,1390567,1
873147,1390697,1
873209,1390720,1
873150,1391191,1
873214,1391357,2
873079,1391410,1
873216,1391679,1
873293,1391835,1
873155,1391866,1
873220,1392181,1
873157,1392233,1
873088,1392507,1
873163,1392913,1
873306,1393394,1
946351,1393505,1
873232,1393551,2
873308,1393636,1
873309,1393781,2
873169,1393837,1
873234,1393890,1
873235,13941,1
956802,1394343,1
873172,1394366,1
873173,1394514,1
873315,1394628,2
873106,1394851,1
873318,1394975,2
873319,1395029,1
873109,1395072,1
873322,1395653,1
946339,139573,1
873112,1395782,1
947127,139606,1
873250,1396143,1
873326,1396151,1
873251,139625,1
951193,1396251,1
873341,139635,1
873253,1396402,1
873255,1396597,1
873331,1396598,1
873334,139695,1
936723,860544,1
938256,860682,1
926897,860931,1
941954,860996,2
939344,861060,2
904644,861202,1
929855,861277,1
946297,861336,1
939806,861479,1
908942,861563,2
907171,86157,1
923876,861723,1
929793,861725,1
942185,861783,1
942111,86179,1
951711,861809,1
914002,861868,1
942186,861872,1
900559,862353,1
921806,862402,1
910703,862526,2
958809,862733,1
938518,862760,5
929168,862805,2
911728,862899,1
941441,863157,2
941644,863199,1
939662,863268,1
920878,863374,1
942120,863463,2
942162,863519,1
949959,863594,1
924045,863641,1
909887,863648,2
940360,863663,1
937429,863735,1
942199,863746,1
941940,863842,1
929313,863993,2
923561,864144,1
933109,864146,1
938201,864206,1
942202,864224,1
949660,864261,1
928238,864383,1
904384,864486,1
939462,864515,1
920583,864580,1
937299,864632,1
907095,864661,1
924707,864762,1
940928,864780,1
941395,864818,1
956709,864840,1
942267,864905,1
942321,864988,1
933582,865014,1
925690,865257,1
924218,865282,2
938400,865290,1
942271,865308,1
926015,865345,2
917188,865372,1
925218,865510,1
934907,865566,2
919802,865577,1
942218,865606,1
948960,865635,1
926854,865734,1
946963,865931,1
941352,865959,2
920995,865987,3
923674,866012,1
933947,866061,1
942221,866071,2
949348,866078,1
939549,866309,3
931004,86638,1
941985,866531,1
896442,866571,1
916150,866582,1
928519,866609,1
899737,866673,2
930012,866872,1
941281,866884,1
959268,867280,1
901917,867328,1
942066,867366,1
897585,867420,2
940301,867528,1
942256,867541,1
928094,867636,3
940619,86765,1
942299,867758,1
850558,867771,2
924149,867826,1
935691,867947,1
925106,868027,2
904907,868055,1
942357,868079,1
910759,868127,1
908163,868139,1
897487,868191,1
925704,868247,1
939922,868356,1
939788,868359,2
940518,868368,1
938882,868375,2
955367,868433,1
935879,868444,2
927165,868646,1
928850,868653,1
941693,868765,1
942005,868843,1
927787,868865,2
940861,868883,2
911877,868906,2
950273,868914,1
930449,869011,1
928130,869073,1
942395,869095,1
922406,869126,1
940481,869169,1
938322,869193,1
923002,869215,2
946184,869278,1
942399,869295,1
942371,869336,1
942401,869416,2
951089,869443,1
940023,869467,1
942376,86949,1
951884,869582,1
911243,869608,1
925403,869793,3
922695,869961,1
904037,869962,1
942515,869999,1
850567,870197,1
945873,870226,1
942383,870351,1
921344,870354,1
940070,870404,1
926197,870410,1
929371,870420,1
850568,870503,1
906086,870568,1
940333,870589,1
940858,870610,1
931807,870624,1
942522,870630,1
942453,870682,1
919991,870760,1
955028,870792,1
952307,870891,1
935152,870955,1
929244,871130,1
923505,871181,3
932532,871184,3
907407,871517,2
925915,871550,1
939987,871639,1
934813,871681,1
901430,871724,1
927115,871833,1
942465,871848,1
904844,872297,1
942469,872313,1
942462,872326,1
919994,872336,1
935078,872603,1
942474,872758,1
918271,872996,1
921865,873179,1
942407,873344,1
903414,873417,1
907197,873444,1
936889,873452,1
949086,873456,1
942612,873497,1
907348,873498,1
905694,87351,1
926760,873558,1
939251,873595,1
900942,87361,1
935738,873633,1
924290,87368,1
942487,873731,1
942619,873872,1
926504,873939,1
930774,873998,2
852653,1014553,1
852654,1014597,2
852806,1014641,1
950445,1014854,1
852811,1014860,2
852591,1015004,1
852593,1015094,2
957068,1015095,1
852665,1015100,1
852667,1015130,1
852598,1015219,1
852823,1015344,1
852603,1015415,1
852825,1015463,1
852604,1015491,2
947686,1015532,1
852677,1015539,1
852828,1015563,1
852755,1015605,2
852760,1015811,1
852615,1015892,2
852763,1015950,1
852688,1015956,1
852618,1015985,1
852840,1015998,1
852619,1016025,1
852621,1016097,1
952891,1016131,1
852843,1016134,1
852845,1016186,1
852846,1016201,1
852848,1016266,1
852626,1016273,2
852700,1016353,1
852852,1016399,1
852779,1016497,1
852854,1016503,1
852855,1016541,1
852632,1016551,1
947850,1016560,1
852858,1016590,1
852783,1016629,1
852860,1016640,2
954593,1016662,1
853006,1016671,1
950152,1016711,1
852867,1016936,1
853012,1016937,2
852869,1017046,1
852940,1017127,2
950793,1017140,1
853093,1017179,2
852871,1017186,1
852946,1017381,1
853099,1017388,1
853100,1017423,2
853025,1017548,1
852951,1017555,2
853104,1017647,1
950844,1017787,1
853029,1017795,1
853108,1017949,1
852891,1018146,1
853036,1018147,1
852962,1018154,1
853114,1018240,1
852963,1018244,1
852893,1018247,1
852894,1018305,1
853116,1018322,1
852895,1018362,1
945714,1018387,2
852966,1018435,1
947642,1018457,2
853118,1018467,1
853043,1018582,1
853120,1018585,1
853044,1018628,1
853045,1018685,1
853047,1018863,1
853124,1018869,1
852903,1018874,1
853125,101888,1
852975,1018932,1
852905,1018943,1
853051,1019068,1
853056,1019379,1
947857,1019430,1
947092,1019528,1
852916,101962,1
852987,1019628,1
959873,1019845,1
853144,1019921,1
852998,1020146,1
853150,1020159,3
853152,1020218,2
853001,1020223,1
853077,1020268,2
853079,1020490,1
956692,1020602,1
853081,102063,1
853306,1020771,2
853233,1020867,1
955234,1020869,1
853164,1020912,1
853165,1020957,1
853311,1020991,1
853166,1021008,1
853312,1021138,2
853167,1021142,1
853168,1021210,1
853317,1021401,1
853392,1021414,1
853244,1021511,1
853319,1021537,2
853174,1021543,1
853320,102158,3
947864,1021590,1
853323,1021815,1
853180,1021857,1
853326,1021909,1
853407,1022022,1
853188,1022208,1
853336,1022461,1
853337,1022525,2
853417,1022667,2
853193,1022680,1
853194,1022698,1
853264,1022752,1
853267,1023070,1
853424,1023091,2
853200,1023161,1
853270,1023165,1
853426,1023166,1
853428,1023231,1
853431,1023346,2
853351,1023347,1
853206,1023372,1
853276,1023418,2
853353,1023499,2
853354,1023532,1
853438,1023756,1
853439,1023794,2
853214,1023816,1
853216,102391,1
950334,1024088,1
853287,1024174,1
853220,1024302,2
853289,1024304,1
853446,1024314,2
946089,1024343,1
953721,1024482,1
853226,1024568,1
853295,1024584,1
853227,1024640,1
853372,1024698,1
853374,1024747,1
853457,1024878,3
853462,1025034,1
853686,1025158,1
853467,1025301,1
953880,1025489,1
853691,1025529,1
853692,1025581,1
853694,1025706,1
853473,1025742,1
853619,1025765,1
853620,1025823,1
853547,1025938,2
853698,1026037,2
853624,1026104,1
853625,1026143,1
853553,1026376,1
853484,1026448,1
913613,874073,1
921463,874200,1
931730,874239,1
946009,874265,1
927081,874289,1
942491,87433,1
951096,874338,2
942591,874344,1
906624,87437,1
925662,874461,1
908909,874490,1
937641,874583,1
941472,874591,2
920567,874723,2
910375,874884,1
942597,87496,2
938416,875129,1
937309,875146,1
946607,875174,1
920694,875360,1
954239,875393,1
942280,875432,1
942604,875459,1
921754,875554,3
899418,875618,1
937054,875697,1
939299,875701,1
940468,875744,1
939278,875856,1
939939,875896,1
954232,875927,1
929470,875935,1
945861,876092,1
942733,87614,1
942573,876153,1
948956,876187,1
939275,876199,1
899939,87623,1
942257,876246,1
942648,876517,1
940338,876548,1
942736,876612,1
939185,876691,2
915046,876725,2
921448,876765,1
934390,876820,1
909500,876824,1
942654,876827,1
927036,876851,4
942658,876923,1
942711,876937,1
940379,876974,1
932472,877036,1
941840,877085,1
941331,877191,1
942653,877195,1
937091,877231,2
918925,877258,1
930403,877278,1
942685,877458,1
942131,877484,1
942686,877816,1
940393,877829,1
948966,877846,1
938801,877851,1
942673,878028,1
941675,878059,1
908001,878191,1
922722,878210,2
926292,878399,1
910855,878455,1
942720,878692,1
922330,878696,2
942749,878699,1
919417,878769,1
942697,878799,1
923928,878817,1
903300,878828,1
923667,87889,1
929419,879062,1
913865,879303,2
930690,879363,1
942755,879673,1
898618,879794,1
954402,879803,2
907542,879861,1
936650,879940,1
940473,87998,1
904167,88007,1
907828,880075,2
942187,880233,1
899180,880270,1
940123,880298,1
924447,880462,1
904139,880520,1
923262,880779,1
923352,880787,1
921548,880843,1
942801,880852,1
905061,880880,1
922899,881103,2
914523,881184,2
934059,881369,1
924744,881455,1
919060,881493,1
917581,881547,1
930821,881928,1
942514,881931,1
942818,88213,2
937034,88222,4
942769,88225,1
917563,882286,1
942791,88241,1
915081,882529,1
942857,88269,1
936735,882714,1
942821,882723,1
921237,882816,2
937845,882874,1
942775,882878,2
936494,882901,1
947608,883106,1
902710,883442,1
901602,883527,1
930095,883639,1
850576,883671,1
942828,884263,1
910883,884556,2
930870,884614,1
925445,884683,1
909824,884969,1
930703,885085,1
955437,885200,1
921822,885466,1
895913,885652,1
942006,885710,1
941951,885844,1
914592,885846,1
934539,885858,1
927836,885949,1
923214,886169,2
942838,886200,1
936371,886440,2
922063,886632,1
942808,886875,1
937159,887011,2
940821,887294,1
939547,887426,1
941933,887746,1
942883,887987,1
946787,887990,1
919774,888175,1
940304,888204,1
928110,888221,2
946865,888567,1
940843,888734,1
952196,888788,1
921425,888874,1
908624,889134,2
940424,889290,1
905472,889322,1
932177,889364,1
920986,889384,1
939769,889579,1
933391,889607,1
939446,889780,1
922020,889805,1
898673,889829,1
907176,889835,2
900073,889883,1
937110,890112,1
939349,890115,1
903422,890118,1
958297,890672,1
922741,890681,1
911576,890722,2
925542,890733,1
938101,89126,1
947687,891260,1
925903,89138,2
933877,89145,3
923212,891482,1
919279,891494,1
899995,891495,1
934003,891499,2
959954,891616,1
941685,891976,1
906140,891982,1
942511,892095,1
901048,89214,1
924266,892294,1
873417,1396995,2
873418,1397056,2
946922,1397250,1
873423,1397528,1
873354,139754,1
954374,1397892,1
873427,1397909,2
873494,1398035,1
947431,1398074,1
948058,1398097,1
873430,1398112,1
873362,1398114,1
953354,1398141,1
873573,1398162,1
873363,1398212,1
873499,1398332,1
873367,1398590,1
873503,1398699,1
956869,1398983,1
873505,1399096,1
950255,1399145,1
873583,1399267,1
873443,1399576,1
873586,1399647,1
955219,1399996,1
873448,1400114,1
873381,1400288,1
873385,1400763,1
873597,1400905,1
873523,1401045,1
873600,140106,1
947452,1401072,1
873602,1401157,1
873460,1401174,1
873392,1401232,2
873603,1401337,2
873462,1401387,1
952617,1401547,1
945812,1401557,1
873531,1401633,2
873609,1401691,1
873610,1401827,1
873536,1402056,1
873402,1402077,1
873472,1402141,1
873403,1402150,1
873473,1402160,1
873617,1402221,1
873542,1402441,1
873543,1402537,1
873544,1402660,1
873545,1402716,1
873548,1403007,1
957269,1403059,1
873550,1403136,1
873485,140317,2
873486,1403221,1
873642,1403232,1
873553,1403391,1
873554,1403416,1
945588,1403442,1
873633,1403586,1
873716,1403594,1
873634,1403626,1
873717,1403640,1
873718,1403822,1
873559,1403881,1
873860,1404413,1
873861,1404535,1
873727,1404938,1
873658,1404948,1
873729,1405107,1
873731,1405304,1
952841,1405945,1
873668,1406133,3
873803,1406345,1
953070,1406430,1
873804,1406510,1
873880,140675,1
873806,1406762,1
873674,1406858,1
873808,1406989,1
873745,1407038,1
873748,1407306,2
851144,1407386,1
873813,1407471,1
959927,1407538,1
945963,1407549,1
873814,1407568,1
873889,1407671,1
873816,1407735,1
873684,1407850,1
873892,1407853,1
873686,1408082,1
873757,1408195,1
873758,140841,1
873897,1408607,1
873898,1408841,1
873899,1409085,1
873900,1409185,1
873901,140951,2
873829,1410050,1
948075,1410163,1
873768,1410505,1
873909,1410791,1
873701,1410864,1
873836,1410917,2
873771,141097,1
955301,1411123,1
851074,1411589,1
873708,1411599,1
948076,1411907,1
873919,1412138,2
851130,1412178,1
873937,1412327,1
873938,1412443,1
873781,1412564,1
873923,1412766,1
873783,1412904,1
873853,1413117,1
874012,1413433,1
954732,1413523,1
874014,1413643,1
873947,1413730,1
873931,1413976,1
874016,1414194,2
874017,1414240,1
874163,1414276,1
874018,1414307,1
952070,1414441,1
874086,141450,1
874020,141456,2
874025,1414952,1
874094,1415147,1
874029,1415321,1
873962,1415373,1
874097,1415529,2
874176,1415584,1
873965,14158,1
874034,1415870,1
873966,1415883,1
874036,1415985,1
874182,1416130,1
850635,1416223,2
874039,1416359,1
874184,141646,2
874107,1416562,1
873973,1416669,1
874186,1416677,1
874043,1417212,1
874188,1417253,1
873977,1417371,1
874112,1417476,1
873978,1417536,1
874114,1417621,1
873980,1417800,1
873982,1418026,1
874196,1418059,1
874052,1418114,1
873985,1418229,1
873986,1418450,1
874056,1418480,1
874057,1418726,1
874124,1418913,1
954699,1419142,1
873990,1419160,1
946308,1419298,1
874131,1420044,1
874067,142014,1
874133,1420212,1
874134,1420275,2
874214,1420706,1
874003,142090,1
874216,1420928,1
874004,1420956,1
911471,892367,3
946604,89265,1
939661,892656,1
941483,892725,1
937509,892796,2
951071,893328,1
939584,893349,1
943044,893486,1
940397,89357,1
943027,893661,2
943046,893767,2
906177,893974,1
932076,894058,2
932431,894102,1
907042,894202,2
938484,894258,1
943050,894344,1
906846,894406,1
940386,894698,1
928627,894715,2
940452,894730,2
959872,894758,1
930273,894824,2
940385,894860,1
922745,894930,2
912526,89506,1
943053,895114,1
920338,895150,2
922889,895328,2
911054,895590,1
929506,895686,1
903604,895772,1
943059,895786,1
920538,895787,2
850582,895861,1
910229,895925,1
943061,896018,1
928717,89611,1
941009,896147,1
958386,896151,1
895740,896246,2
943062,896271,1
921841,896307,1
926902,896313,1
938364,896625,1
942595,896644,1
896202,896655,1
904607,896668,1
930301,896927,1
943023,896996,1
938877,897026,1
911050,897158,1
931275,897160,2
943067,897284,1
949152,897410,1
931298,897508,1
943068,897596,1
949432,897609,1
928191,897878,1
938338,897907,2
941715,898101,1
941953,898144,1
939908,898172,1
896766,898271,1
943001,898335,1
924911,898427,2
958850,898563,1
941773,898751,1
850586,899017,2
930740,89902,1
898950,899049,1
943149,899229,1
931524,89924,1
920658,89925,1
943101,899373,2
936139,89938,1
939421,899567,1
925785,899624,1
951016,899636,2
938280,900211,1
941526,900213,1
905424,90030,4
942898,90032,1
917712,900353,1
908750,900597,1
925281,900614,1
952036,900637,1
942446,900682,1
943138,900818,2
959561,901105,1
943109,901149,1
897954,901166,1
933948,901175,1
940290,901423,1
943087,901699,1
940471,901786,1
941336,901829,1
922304,902037,1
942003,902368,1
924268,902377,1
928631,902416,1
941719,902421,1
934433,902988,1
933197,903286,1
943170,903468,1
941762,90357,1
936049,903798,1
905322,903885,1
907418,903958,1
933987,904071,1
930931,904123,1
948971,904297,1
950479,904405,1
851025,904528,1
943174,904570,1
940596,904690,1
943234,904835,1
900607,90496,2
943237,905199,1
926639,905330,1
941452,90552,2
923768,905619,1
943238,905645,1
939536,905726,2
943179,905744,1
940402,905791,1
903774,905915,2
942009,905947,1
933067,905956,1
941831,905963,1
943194,905965,1
901465,906061,1
943099,906171,1
925526,906178,1
916929,906203,2
937634,906210,1
937660,906357,1
914220,906410,1
928380,906418,1
910990,906461,2
937661,906462,1
942093,906716,1
943245,906751,1
943248,906815,1
929187,906866,1
930471,906894,1
921232,907028,1
898239,907081,1
945945,907122,1
951307,907138,1
927151,907175,1
910385,90718,1
911062,907257,1
942237,907358,1
952775,907490,1
949794,907563,1
949176,907570,1
941788,907579,1
918815,907590,1
943229,907592,1
908410,907604,3
922954,907640,1
929484,907651,2
943261,907675,1
943231,907729,1
912528,907730,2
953554,907753,1
899705,907769,1
942601,907881,1
943322,907952,1
939766,908007,1
921613,908043,1
930557,908044,1
951633,908080,1
943262,908152,1
910501,908155,1
938016,908168,1
906978,908488,2
928860,908489,1
927203,908673,2
929476,908674,1
941390,908707,1
921076,908741,3
896299,908853,2
926124,908879,3
943310,908933,1
943286,908973,1
915565,909093,2
929576,909141,2
945514,909197,1
942048,909200,1
853555,1026455,1
853706,1026463,1
853485,1026477,1
853556,1026517,2
853632,1026605,1
853709,1026700,1
853711,1026765,1
853491,1026804,1
853637,1026841,1
853563,1026856,1
853494,1026916,1
853642,1027065,1
853645,1027213,1
853501,1027309,1
853724,1027367,1
853504,1027415,1
853574,1027446,1
853650,1027484,1
853575,102757,1
853506,1027692,1
853652,1027726,1
853653,102775,1
853729,1027754,1
853579,102784,1
853655,1027841,1
853657,1027968,2
853658,1028080,1
853584,1028111,3
853588,1028474,1
853589,1028533,1
853664,1028536,2
853521,1028695,3
853592,1028717,1
959390,1028734,1
853593,1028834,1
853525,1028928,1
853598,1029007,1
853673,1029016,1
853600,1029098,1
853752,1029194,1
853604,1029298,2
853835,1029483,1
853915,1029749,1
853767,1029794,1
853916,1029830,1
955427,1029953,1
853769,1029956,1
853770,1029978,1
853771,1030065,1
957131,1030181,1
853848,1030219,1
949247,1030228,1
853774,1030234,1
853850,1030335,1
853776,1030373,1
853925,1030377,1
854001,1030381,1
853852,1030434,1
853854,1030555,1
854006,1030601,1
853931,1030737,2
853936,1030977,1
854013,1031022,1
853938,1031040,3
854014,1031041,1
853864,1031061,1
853867,1031165,1
950187,1031173,1
853795,1031290,1
853870,1031361,1
853796,1031378,1
854021,1031402,3
853947,1031513,1
853948,1031675,1
853874,1031688,1
853876,1031852,1
853951,1031876,1
854027,1031877,2
853954,1032097,1
853880,1032141,1
853955,1032177,1
854032,1032240,1
853809,1032335,1
854034,1032406,1
853884,1032419,2
853961,1032739,1
853814,1032783,1
854043,1033114,1
955473,1033209,1
853823,1033267,1
853898,1033275,1
853824,1033305,2
853972,1033326,1
853973,1033372,1
853974,1033421,1
954231,1033503,1
853977,1033624,1
854054,1033662,1
853830,1033669,1
853980,1033760,1
854057,1033778,1
853981,1033817,1
854062,1034136,1
854063,1034196,2
854144,1034231,1
854214,103425,1
854064,1034259,1
850757,1034357,1
854215,1034406,1
854065,1034419,1
953277,1034532,1
854217,1034599,2
854221,1034801,1
854071,1034805,1
955110,1034901,1
854153,1035008,1
854075,1035111,1
854304,1035156,1
854077,103524,1
854305,1035243,1
854228,1035251,1
854158,1035303,2
947169,1035309,1
854307,1035323,2
854160,1035349,1
854309,1035434,1
854310,1035489,2
854311,1035508,1
854164,103554,1
854088,1035759,1
854239,1035794,1
854089,1035799,1
854171,1035843,1
854177,1036142,1
854178,1036184,1
854249,1036189,2
952012,1036282,1
854101,1036293,1
854252,1036301,1
854185,1036450,1
854256,103646,1
854334,1036486,2
854336,1036559,1
854188,1036561,2
854109,1036566,1
854111,1036666,2
854191,1036689,1
854193,1036730,1
854342,1036744,1
854194,1036751,1
854115,1036754,1
854195,1036774,1
854267,1036804,1
854347,103699,1
854349,1037031,1
854201,1037035,1
854122,1037057,1
854273,1037074,1
854204,1037148,1
854126,1037186,1
854354,1037187,1
854206,1037203,1
854208,1037289,1
854281,1037350,1
854133,1037563,1
854213,1037584,1
854137,1037931,1
854370,1037987,1
854371,1038040,1
854443,1038041,2
854520,1038063,1
854444,1038072,1
854594,1038079,2
854595,1038121,1
854522,1038125,1
954696,142107,1
874219,142135,1
874078,1421529,1
874145,1421681,1
874222,1421695,1
874080,142174,2
874081,1421838,1
874385,1421855,1
874147,1421915,1
948104,1422031,1
874149,1422099,2
874150,1422145,1
874389,1422229,1
874390,1422343,1
874392,1422624,1
874241,1423202,1
958761,1423204,2
874309,1423337,1
874310,1423389,1
874243,1423401,1
874311,1423599,1
874399,1423621,1
874312,1423664,1
874246,1423688,1
874456,1423762,1
874458,142400,1
874249,1424031,1
874461,1424148,2
874463,1424321,1
959499,1424457,1
874256,1424690,2
874257,1424754,1
874410,1424762,1
874466,1424763,1
874258,1424843,1
874416,1425252,2
874265,1425404,1
874267,1425529,1
874333,1425619,1
874268,1425665,1
874270,1425802,1
874271,1425879,1
946504,1425895,1
874424,1425902,1
874481,1426115,1
874273,1426309,1
952539,1426385,1
953857,1426426,1
851570,1426514,2
874428,1426559,3
951187,1426788,1
950204,1426805,1
874486,1426828,1
874282,1427315,1
874348,1427403,1
874283,1427409,1
947562,1427531,1
874285,142755,1
874351,1427612,1
955447,1427667,1
949634,1427693,1
874439,1427741,1
874496,1427757,1
958755,1427808,1
874354,1427920,2
953304,1427956,1
874441,1427962,1
874290,1428118,1
954963,1428124,1
874291,1428256,1
874357,1428284,2
874444,1428326,2
874293,1428417,1
950812,1428500,1
874360,1428648,2
874447,1428751,1
874504,1428795,1
874448,1428853,1
874299,1429356,1
874302,1429835,4
874532,1429981,1
946025,1430133,1
874372,1430198,1
874306,1430223,1
874517,1430399,1
874539,1430680,1
955249,1430793,1
874542,1431055,2
952073,1431144,1
874757,1431382,1
874614,1431466,1
874759,1431502,1
953994,1431513,1
874760,1431632,1
874548,1431686,1
874681,143191,1
874765,1432246,2
946231,1432445,1
874769,1432654,1
874772,143322,1
874629,1433383,1
874694,1433453,1
874564,143356,2
874696,1433659,2
874634,1433823,1
874699,1434017,1
874780,1434047,1
874637,1434098,1
874638,1434249,1
874573,1434490,1
874575,1434595,1
874649,1435169,1
874713,1435190,2
874650,1435237,1
874582,1435239,1
874714,1435258,1
874795,1435260,1
874583,1435295,1
874652,143531,1
954875,1435414,1
874799,1435567,1
874721,1435757,1
874592,1435883,1
874662,1436195,1
851437,1436275,1
874808,143628,1
957032,1436419,1
874597,1436543,1
874672,1437104,1
953632,1437208,1
874820,1437540,1
874821,1437602,1
874742,1437803,1
874825,1438070,1
874908,1438093,1
956816,1438604,1
874845,1438736,2
874831,1438892,1
874913,1438903,1
874846,1438930,1
874751,1438987,1
874914,1438992,1
946688,1439029,1
874752,1439039,1
875056,1439056,1
874849,1439145,1
874918,143931,3
874854,1439807,2
874924,1440003,1
874857,1440079,1
874986,1440174,1
874927,1440375,1
874860,1440379,1
875069,1440427,1
874929,1440518,1
874991,1440551,1
874931,1440872,1
875074,1440892,1
874995,144098,1
875075,1440986,3
954480,1441101,1
874935,1441298,1
874869,1441305,1
874998,1441386,1
874871,1441536,1
874938,1441721,1
950550,1441795,1
874943,1442441,1
874877,1442473,1
874880,1442772,3
874947,1442817,1
874949,1443060,1
954067,1443146,1
874886,1443429,1
875095,1443447,1
926681,909401,1
918509,909494,1
936807,909600,3
928902,909726,1
918242,909727,1
908534,909754,1
948977,909756,1
940140,909792,2
936872,909841,1
909114,909850,1
903310,909877,1
951794,909917,1
942463,910052,1
939293,910099,1
943274,910110,2
918889,910157,1
901228,910159,1
923148,910163,1
943275,910216,2
941069,910231,2
939911,910243,1
943317,910320,1
928348,910346,1
940788,910493,1
932242,910504,1
908506,910531,1
935534,910537,2
902347,910572,1
850973,910576,1
942140,910610,1
929170,910638,2
925817,910682,1
943008,9107,1
895920,910714,1
905127,910768,2
942580,910793,2
916820,910861,2
914103,910862,2
935375,911081,1
939479,911088,2
919023,911131,2
926254,911159,1
943221,911176,1
899538,911201,2
945494,911271,1
943395,911328,1
941492,911392,2
932647,911407,1
922784,911454,1
906040,911471,1
932194,911501,2
943348,911597,1
911227,911647,1
925899,911735,2
927733,911750,1
942628,911756,1
957151,911812,1
931015,911816,1
941737,911924,1
932367,912024,1
943399,912031,1
898414,912097,1
929127,912150,1
937045,912163,1
919316,912192,1
942313,912196,1
900352,912278,1
933382,912380,1
909668,912452,1
897225,912515,2
942681,912516,1
945262,912535,2
941237,912537,1
920821,912574,1
929063,912578,1
940465,91273,1
942659,912772,1
912088,912787,1
941238,912813,1
920933,912819,1
942780,912858,1
905197,912871,1
942961,913056,1
924289,913077,1
918499,913104,1
922871,913140,2
943363,913160,1
924545,913221,2
940817,91326,1
942475,913332,1
955162,913355,1
943412,913447,1
943389,91354,1
947046,913608,1
948986,913621,1
942389,913629,1
941066,913632,1
930677,913797,1
897070,913827,2
941019,913886,1
946627,913894,2
904134,913910,1
932955,913922,1
945943,913929,1
930285,913945,1
943269,913948,1
912222,914063,1
958452,914094,1
934376,914116,1
930544,914130,1
933909,914174,1
930601,914181,1
942767,914196,1
943282,914215,1
929761,914281,1
943458,914297,1
943443,914415,1
899113,91450,1
934794,914527,1
903818,914540,1
930781,914580,1
930353,914691,1
910326,914810,1
943125,914897,1
909820,914912,1
942656,914918,2
916172,914938,2
928539,915148,1
923853,915152,1
924963,915382,1
905058,915416,1
935800,915602,2
943080,915734,3
947619,916026,1
918741,916038,1
936943,916126,1
943387,916316,1
941907,916344,4
943391,916356,1
850908,916401,1
959905,916442,1
927991,916501,2
943470,916559,1
906923,916578,1
952657,916606,1
931924,916662,1
901086,916714,2
943196,916718,1
923527,916729,1
937677,916821,1
911264,916833,1
850941,916873,1
924886,916906,1
933587,916919,1
921192,917009,1
903607,917058,1
952527,917153,1
921916,917194,1
943095,91722,2
943505,917573,2
931274,917617,1
943480,917658,1
915905,917738,1
924709,917771,1
937073,917795,1
943507,917797,1
941904,918014,1
941613,918136,2
924619,918448,1
935735,918512,1
952899,918615,1
903202,918632,1
943145,918640,4
907412,918731,1
943528,918768,1
920465,918784,1
936115,918806,1
942810,918953,2
943498,919073,1
911276,919135,1
903855,91916,1
927337,919298,1
941454,919299,2
910127,919676,1
943500,919733,1
941569,919743,1
932898,919753,1
900827,919828,1
943518,919911,1
905265,919970,1
931118,920020,1
914287,920043,1
923644,920133,1
943492,920146,1
943118,920200,1
940690,92022,1
896951,920324,2
942537,92040,1
954388,920420,1
954422,920555,1
931685,920691,2
943183,920846,1
946075,920874,1
959818,920928,1
943541,920958,1
938966,920967,1
912505,920979,1
929877,921111,1
926269,92115,1
943524,921257,1
930840,921261,1
926314,921341,1
940601,921425,1
912451,921468,1
941078,92159,1
953839,921620,1
935707,921920,4
851115,921952,1
936877,92199,1
955081,922087,2
943012,922267,2
930346,922271,1
943463,922336,1
943556,922477,1
938209,922514,1
939404,922526,1
939572,922655,1
917762,92287,1
939663,923036,2
924665,923049,1
931492,923060,1
931006,923100,1
943587,923189,1
927881,923223,1
949677,923264,1
921428,923269,1
933196,923401,2
920176,923537,1
899237,923568,1
936268,923585,1
943551,923604,1
941612,923669,1
929169,923692,2
948982,923805,1
933008,924005,2
903534,924026,1
943588,92405,1
933946,924183,1
933013,924201,1
906313,924554,1
908470,92490,1
915259,92494,1
917975,925051,1
906485,925413,1
913264,925419,1
942875,925597,2
938812,925630,1
939862,925775,1
941994,925873,3
933229,925887,1
901652,925979,1
939938,926021,1
905624,926063,1
939974,926188,1
943351,926230,1
940251,926247,1
921789,926304,1
937308,926454,1
938287,926467,1
907204,926526,2
936122,926767,1
903501,926986,2
933923,926995,1
923236,927022,1
921318,927253,1
908708,927316,1
940443,927322,1
927022,927352,1
943513,927381,1
924348,927431,1
902758,927450,1
938041,927531,1
943654,92768,1
921246,927682,1
942194,927759,1
926280,928057,1
943610,928104,1
851257,928206,1
922018,928234,1
932627,928244,1
922060,928252,1
922663,928330,1
922731,928420,1
953487,928432,1
895833,928515,1
943628,928543,2
933664,928572,1
926237,928609,1
941426,928709,1
943465,928729,1
941508,928781,2
933598,928794,1
943615,928821,1
919360,929055,1
903533,929105,1
936419,929390,2
851319,929530,1
947792,929540,1
951293,929578,1
895748,929699,1
954441,929734,1
943616,929839,1
919898,92987,1
930796,929909,1
943617,929932,1
908948,929941,1
902699,930212,1
940126,930245,1
958422,930272,1
927527,930321,2
943663,930429,1
952844,930440,1
934268,930460,1
896646,930578,2
938130,930583,1
943668,930657,1
924989,930700,1
922411,930806,1
942031,930852,1
943665,930857,1
934476,930944,1
920973,931026,1
956846,931211,1
943670,931242,1
959433,931262,1
924771,931269,1
943707,93131,1
926973,931467,2
920642,931739,1
921530,931765,1
943557,931800,2
912548,931882,1
943688,931962,1
942690,932025,1
926449,932037,1
935661,932047,1
926423,932111,2
895927,932157,1
941085,932397,1
941770,932407,2
933961,932450,1
940300,932574,1
945783,932579,1
910484,932653,1
939929,932693,1
954241,932925,1
942387,932935,1
918364,933018,1
922158,933070,1
943715,933099,1
914133,933100,1
919679,933123,1
942455,933144,2
940228,933278,1
940726,933498,2
938683,933564,3
926084,933767,1
915610,933892,1
943464,93390,1
952465,933938,1
942241,934032,1
930404,934148,1
940907,934214,1
940501,934329,1
899959,934382,1
929459,934695,1
915620,934710,1
896095,934792,2
940941,934847,2
911659,934992,1
942502,935053,1
943748,93507,2
875016,1443453,1
874955,1443532,1
875021,1443918,1
875023,1444282,1
875025,144454,1
950037,1444613,1
875027,1444892,1
875028,1444923,1
875108,1444927,1
875029,1445017,1
954205,1445252,1
874970,1445395,1
875033,1445451,2
874972,1445617,1
875035,144583,1
874974,1445840,1
874976,1446039,1
875119,144615,1
950851,1446312,1
875212,1446819,1
875128,1447221,1
955175,1447589,1
875217,1447734,1
958546,1447761,1
875049,1447935,1
875220,1448377,2
875354,1448413,1
875223,1448729,1
875357,1448782,1
875145,1448783,1
875358,144886,1
875280,1448953,1
875147,1448972,1
948072,1448977,1
875148,1449026,1
875282,1449038,1
851032,1449377,4
875231,1449631,1
875286,1449652,1
949398,1449678,1
875234,1450003,1
948073,1450107,1
946639,1450112,1
875290,1450152,1
875157,145040,1
875373,145062,1
875240,1450648,1
875296,1450838,1
875377,1451017,1
875300,1451266,1
875382,1451682,1
948083,1452039,1
875251,1452158,1
875174,1452443,1
875253,1452542,1
875389,1452631,1
875390,1452658,1
875177,1452751,1
875256,1452851,1
875178,1453021,1
875393,1453065,2
958585,1453206,1
875259,1453233,1
875261,1453381,1
875319,1453561,1
875183,1453615,2
875399,1453865,1
875266,14542,1
875404,1454299,1
875189,1454302,1
875406,145448,1
875191,1454491,1
875407,1454530,1
875271,1454543,2
954669,1454572,1
875410,1454730,1
875274,1454744,1
875196,1454776,2
875333,1454893,1
875201,1455250,1
948086,145536,2
875202,1455440,1
875338,1455570,1
875435,1455735,1
875340,145575,1
875735,145592,1
950879,1456053,1
875344,1456175,1
875425,1456187,1
875428,1456553,1
875741,1456572,1
875348,1456639,1
875349,1456795,1
875350,1456923,1
945784,1457170,1
875506,1457507,1
875748,1457715,1
851040,1457960,2
875590,1458238,1
875512,145850,1
875592,1458508,1
875754,1458514,1
875756,1458744,1
875459,1458771,1
875757,1458844,1
875519,1459145,1
875465,1459306,1
875522,1459446,1
946235,1459678,2
947060,1459765,1
875468,1459879,1
875469,1460013,1
875527,1460256,1
875608,1460575,1
949227,1460600,1
875473,1460603,1
875474,1460694,1
875476,1460972,1
875775,1461152,1
875777,1461400,1
959571,1461695,1
953878,1462027,1
958637,1462303,1
951917,1462321,1
875784,1462375,1
875487,1462544,2
875545,1462722,1
875787,1462772,1
950394,1462924,1
875792,1463147,1
875630,1463319,1
875553,1463580,1
953419,1464024,1
875556,1464403,1
875798,1464454,1
875500,1464489,1
875636,1464729,1
875802,1465226,1
875504,146523,3
875505,1465320,1
875656,1465368,2
875563,1465381,1
875659,1465823,1
875646,1466196,1
875661,1466346,1
954789,1466428,1
875648,1466478,1
875569,1466523,1
875649,1466529,1
875811,1466533,1
953343,1466610,1
875665,1466650,1
875814,1466736,2
875667,1466830,1
875573,1466864,1
850322,1466865,1
875653,1466975,1
875820,1467669,1
954748,1467697,1
851529,1467709,1
875674,1467822,1
955552,1468174,1
875884,1468473,1
959282,1468600,1
875679,1468614,3
875963,1468656,1
875827,1468666,1
875680,1468667,1
875681,1468683,1
952039,1468698,1
875887,1468701,1
875829,1468751,1
875891,1469091,1
875686,1469116,1
875972,1469469,2
854446,1038168,1
854375,1038218,1
854447,1038227,1
854449,1038307,1
854379,1038456,2
854528,1038538,1
854453,1038656,1
854603,1038679,1
854382,1038689,1
854456,1038919,1
854533,1038981,1
854385,1039014,2
958454,103920,1
854459,1039249,1
854462,1039388,1
854614,1039654,1
854618,1040068,2
854469,1040115,1
958524,1040189,1
854470,1040242,1
958794,1040347,1
854548,1040387,1
854622,1040410,1
854552,1040616,2
854476,1040619,2
854628,1040837,1
854555,1040857,1
854631,1041079,1
854482,1041103,1
854632,1041106,1
950687,1041320,1
854412,1041356,1
854561,1041361,1
854413,1041372,1
854414,1041385,1
854564,1041449,1
854489,1041531,1
854419,1041686,1
854491,1041700,1
854568,1041883,1
854421,1042096,1
854422,104213,1
854572,1042326,1
854426,1042602,1
854427,1042652,2
854646,1042655,1
854428,1042705,3
854580,1043038,1
851172,1043056,1
854507,1043300,1
854437,1043331,4
854586,1043438,1
854660,1043871,1
945423,1044329,1
854893,1044350,1
854820,1044864,1
953884,1044917,1
854821,104497,4
854748,1045080,1
854750,1045185,1
854827,1045225,1
851090,1045454,2
946676,1045566,1
854831,1045580,1
854757,1045726,1
854686,1045747,1
854759,1045853,2
854835,1045880,1
854912,1045882,1
854762,1046055,1
947885,1046061,1
854838,1046107,1
854692,1046203,2
854917,1046244,1
854842,1046385,1
854919,1046392,1
854844,1046548,1
950771,1046566,1
854923,1046737,1
854924,1046796,1
854927,1046912,1
854777,1047171,1
854706,1047275,1
854779,1047417,3
854855,1047418,1
854932,1047419,1
854708,1047441,2
949106,1047451,1
854709,1047467,1
854711,1047665,1
854862,1047915,1
854787,1047988,1
945417,1048022,1
854718,1048170,1
854943,104820,2
947665,1048243,1
854944,1048247,1
854720,1048254,1
854868,1048266,1
854946,1048308,1
854870,1048340,2
854723,1048364,1
854948,1048405,1
854796,1048431,1
854725,1048536,1
854873,1048564,2
854798,1048592,1
854874,1048625,2
854952,1048686,1
854877,1048934,1
854954,1048940,1
854731,1048976,2
854803,1048979,1
854879,1048989,1
854804,1049043,1
854805,1049225,1
854734,1049253,1
854738,1049675,1
854810,1049719,1
850626,1049865,1
854966,1049989,1
854970,1049997,1
854889,1050028,1
854968,1050058,1
854972,1050066,1
855197,105017,2
855123,105019,1
945894,1050239,1
855198,1050243,1
854977,105033,2
854978,1050372,2
854979,1050484,1
855050,1050531,1
854981,1050638,1
855052,1050687,1
855205,1050778,1
855206,1050808,1
855056,1050906,1
855210,1051154,1
855136,1051161,1
855211,1051197,1
855139,1051376,1
855214,1051392,1
855140,1051393,1
959065,1051456,1
855215,1051460,2
855145,1051719,2
854997,1051736,1
855146,105178,1
855148,1051891,1
855071,1051912,1
855072,1051989,1
855150,105215,1
855073,1052188,1
855005,1052307,1
855076,105236,3
855154,1052399,2
855229,1052429,1
855230,1052526,1
952778,1052546,1
855079,1052561,2
855010,1052664,1
855083,1052827,1
855239,1053065,1
855165,1053069,1
855166,1053126,1
855091,1053221,1
947856,105332,1
855246,1053494,1
855027,1053741,2
855099,1053836,1
855251,1053850,1
855180,1054111,1
855103,1054124,1
855184,1054258,1
931062,935113,1
896258,935118,3
926763,935150,1
935303,935264,1
930044,935338,1
906566,935340,1
896478,935350,1
906996,935360,1
941626,935447,1
943158,935575,1
946541,935594,1
942905,935651,1
946633,935666,1
943648,935797,1
934078,935934,2
948991,936103,1
922958,936109,3
920675,936138,2
898961,936259,1
908562,936390,1
922099,936509,1
947275,936527,1
943763,936545,1
937947,936634,1
943753,93676,3
928654,936831,1
933507,936869,1
928876,937002,1
925271,937004,1
937896,937227,1
922174,937237,1
922359,937312,2
931518,937386,1
940106,937421,1
925641,937443,2
903626,937494,1
933872,937675,1
923441,937775,1
954209,937823,1
913082,937946,1
907208,938179,1
942115,938269,1
943502,93829,1
935880,938369,1
953459,938408,1
927675,938786,2
907707,938816,1
943228,938892,1
936725,938911,1
910607,939048,1
920450,939277,1
953468,939358,1
957130,939363,1
933276,939443,1
927089,939588,1
924714,939638,1
958930,939687,1
943812,939690,1
943720,939698,1
910141,939701,1
943769,939735,1
910213,939784,1
911681,939936,2
949906,940110,1
939559,940119,1
956827,940337,1
897363,94040,1
932214,940556,1
899231,940729,1
901281,94093,1
943817,940965,1
851114,940980,1
955119,94122,1
922435,94126,1
943725,941348,2
911692,941383,2
912719,941521,1
942603,941537,1
935278,941875,1
946901,942140,1
948998,942346,1
943714,942447,1
942336,942501,1
921759,942542,1
920326,942622,1
933716,942768,1
943217,942773,1
926289,942817,1
895997,943105,1
905255,943116,1
932258,943134,2
912085,943188,2
926657,943194,1
930179,943623,1
895929,943685,1
916691,943904,1
926798,943974,1
943182,944010,1
935517,944034,2
920301,944126,1
938637,944164,1
931424,944550,1
949014,944909,1
925470,944917,1
943660,945132,1
943887,945154,1
895932,945248,1
921776,9453,1
921721,945396,1
942344,945484,1
949862,945805,1
942477,945931,1
922751,946016,1
900076,946025,1
949015,946080,1
920563,946247,1
943206,946328,1
943877,946329,1
930761,946366,1
921176,946383,1
920030,946471,1
941870,946545,1
921814,946574,1
921702,946728,1
895756,946745,1
936623,946780,1
939963,946785,2
932762,946806,1
934612,946895,1
931388,946973,1
947267,947002,1
918117,947022,1
943878,94706,1
953515,947094,1
935243,947258,1
920682,947296,1
934619,947304,1
943864,947473,1
928028,947549,1
934029,947646,1
959445,947658,1
899040,947675,1
939335,947699,1
950505,947775,1
919606,947860,1
939287,947941,1
927086,947974,1
943852,948090,1
955300,948105,1
943868,948423,1
943172,948584,1
937242,948827,1
949023,949076,1
928119,949094,1
941399,949109,1
906339,94923,1
949401,949249,2
933522,949348,2
943327,949390,1
931311,949538,1
925027,949547,1
943941,949689,1
905376,949751,1
942989,949754,1
947183,950079,1
910621,950099,1
939325,950350,1
902452,950380,1
940177,950417,2
918658,950430,3
942480,950515,1
930084,950572,1
929497,950657,2
938248,950733,1
940934,950773,1
898330,950799,1
911362,950985,1
933853,951010,1
915578,951011,2
946794,951319,1
943384,951396,2
931256,951537,1
947369,951608,1
926930,951646,1
929305,951924,1
943905,951956,1
923806,952007,2
850755,95218,1
932696,952215,1
930375,952293,1
939555,952462,1
908024,952526,1
942325,952563,2
941239,952640,1
909462,952893,1
939029,953050,1
943325,953105,1
939894,953151,1
900809,953299,1
941293,953419,1
942670,953557,1
901168,953808,1
943927,953821,2
908064,953833,1
929784,953839,2
939630,953853,2
911499,954015,1
907301,954049,1
943939,954061,1
943956,954164,1
943811,954174,1
928773,954176,1
938113,954196,1
936346,954237,1
896960,954286,1
896156,954623,2
953639,954736,1
897713,954923,2
943369,954941,1
945977,955065,1
943312,955136,1
937674,955260,1
936108,955314,1
959316,955347,1
925269,955372,1
931869,955437,1
933398,955500,1
950611,955506,1
945668,955531,1
941665,955562,1
941605,955642,1
908414,955879,1
904537,955882,2
928480,955885,1
940896,955992,1
937345,956089,1
941063,956143,1
924318,956155,1
941667,956172,1
941637,956187,2
910582,956369,2
924493,956442,1
942530,956661,1
915898,956691,1
951742,956714,1
943986,956738,1
929634,956903,1
943241,956910,1
940364,956936,1
942089,956938,1
921212,957040,1
933709,957165,1
942754,957200,1
937334,957334,2
932475,957483,2
919829,957598,1
922762,957607,1
943996,957674,1
944009,957867,1
959519,957993,1
920643,958158,1
922007,958194,1
923027,958358,4
942735,958415,1
900010,958447,1
940326,958448,1
920353,958475,1
851360,958528,1
946585,958559,1
939382,958586,1
943874,958636,2
943318,958796,1
931862,959144,1
898259,959177,1
909735,959234,1
942570,959319,1
936261,95932,1
933381,959388,1
926966,959394,1
941783,959407,1
900744,95941,5
949040,959432,1
943054,959447,1
912263,959492,1
942341,959713,1
942489,959783,1
941156,959791,1
899318,95982,2
924761,959825,1
943379,959856,1
944064,959887,1
895846,960026,1
912137,96004,1
931744,960124,1
941785,960155,1
896105,960313,1
933556,960377,2
936050,960387,1
937673,960396,1
920550,960403,2
937019,96041,1
917663,960466,2
911539,96058,1
934865,960712,2
944037,960938,1
947251,960948,1
942779,96095,1
941634,960952,1
908710,960978,1
944022,961320,2
942028,961452,1
943352,961534,1
956927,961587,1
906262,961725,1
907165,961733,1
928781,961745,1
949500,961787,1
924462,96183,1
896349,962022,1
943104,962080,1
911138,96218,1
939722,962331,1
947707,962372,1
920224,962614,1
943121,962623,1
958720,962680,1
930377,962715,2
933615,962721,1
905728,962747,1
958731,962826,1
942087,963021,2
915275,963048,1
932735,96308,1
925136,963228,1
919222,963247,1
958492,963262,1
931248,963296,1
941961,963301,1
959141,963393,1
924735,963557,1
942240,963620,1
917974,963702,1
924441,963717,1
927245,963722,1
942347,963756,1
944081,96382,1
920038,963827,1
931031,963944,1
943108,964060,3
922494,964112,1
944075,964113,1
941767,964120,1
951221,964130,1
943542,964281,1
943462,964325,1
921909,964413,1
921049,964464,1
931236,964502,1
944077,964524,1
945903,964703,1
940008,964863,1
914978,964910,1
901994,964937,1
930006,964975,1
943153,965014,2
919771,965066,1
951816,965068,1
942290,965097,1
912003,96511,2
949002,965127,1
936437,96518,2
932227,965207,1
923971,965265,1
942826,965266,1
910900,96529,1
952285,965295,1
920696,965319,1
934060,965366,1
943630,965436,1
956982,965476,1
936473,965510,1
933017,965615,1
855107,1054307,2
855036,1054312,1
855037,105436,1
855109,1054371,2
959215,1054454,1
855190,1054543,1
855113,1054581,2
855043,1054655,1
855044,105472,1
855273,1054825,2
855118,1054842,2
855347,1055019,1
855577,1055055,1
855423,1055062,1
855427,1055385,1
946713,1055467,1
855354,105547,1
855583,1055509,1
855286,1055717,1
855431,1055729,1
855361,1055985,1
954210,1056074,1
855438,1056165,1
855364,1056167,1
855296,1056310,1
855596,1056336,2
855298,1056403,1
855443,1056404,1
855369,1056424,1
851601,1056475,1
855444,1056483,1
855599,1056497,1
954794,1056531,1
945312,1056551,1
951840,1056555,1
855301,1056636,1
945314,1056678,1
855602,105668,1
855449,1056750,1
855304,1056814,1
855377,1056878,1
855452,1056892,1
855381,1057088,2
855612,1057237,1
855313,1057317,1
855385,1057336,1
855386,1057415,1
855316,1057629,2
855317,1057744,1
855318,1057768,1
855619,1057785,2
855320,1057866,1
855392,1057976,1
855395,1058141,1
855397,1058226,1
855474,1058301,1
855629,1058338,1
855400,10584,1
855476,1058428,1
855631,1058471,1
855632,1058506,1
855332,1058507,1
951875,1058547,1
855333,1058554,1
855480,1058641,1
946214,1058645,1
855335,1058710,1
855636,1058767,1
855336,1058777,2
950026,1058784,1
855637,1058824,1
855638,1058847,1
855640,1058951,1
855341,1059016,1
855343,1059191,1
855489,1059198,1
855415,1059267,1
855650,1059418,1
855652,1059565,1
851118,1059641,1
855506,1059654,1
855507,1059703,1
855726,1059721,1
855658,1059917,1
855808,1059962,2
855665,1060305,1
855666,1060449,2
951121,1060613,1
855742,1060832,1
855671,1060850,1
855524,1060853,1
958884,1060861,1
855743,1060888,1
855525,1060928,1
945420,1060965,1
855673,1061024,1
855823,1061044,1
855824,1061122,2
855675,1061142,1
855746,1061213,2
855749,1061336,1
855680,1061466,1
855533,106148,1
855752,1061588,1
855753,1061637,2
855693,1062093,1
855764,1062181,1
855765,1062288,2
855766,1062364,1
855767,1062423,1
949652,1062494,1
855551,1062550,1
855700,1062687,1
855771,1062699,1
855554,1062728,2
855555,1062773,1
855855,1062941,1
855706,1063004,1
855777,1063021,1
855858,1063147,3
850894,1063159,1
855860,1063274,2
855783,1063381,1
855712,1063388,1
855863,1063423,1
855567,1063434,1
855714,1063452,2
855568,1063459,1
855715,1063537,1
855866,1063594,2
855789,1063693,1
855719,1063774,1
855951,1063798,1
855871,106387,1
855722,1063925,2
855875,1064084,1
855878,1064250,1
855959,106431,1
856105,1064354,1
855962,106453,1
855883,1064595,1
855963,1064612,1
855886,1064826,2
855887,1064866,1
855967,1064896,1
856036,1064958,1
855889,106499,1
856037,1064996,2
856115,1064999,1
856116,1065036,1
855971,1065102,2
851011,1065105,1
855972,1065132,3
856119,1065223,1
855898,1065521,1
855977,1065549,1
855978,1065670,1
855900,1065756,1
856048,1065867,2
855903,1066005,1
954127,1066025,1
855984,1066101,1
855985,1066216,1
856054,1066406,2
856132,1066442,1
855987,1066479,1
856055,1066530,1
856056,106656,1
856136,1066661,2
856059,1066761,2
856138,1066882,1
856062,106700,1
855996,106724,1
850614,1067557,1
856146,1067610,2
899847,965623,2
942495,965795,1
950814,965918,1
933178,966001,1
944090,966010,1
931483,966101,1
920794,966238,1
919688,966240,1
944097,96635,1
916309,966390,1
943736,966441,1
924399,966509,1
900610,966525,1
949723,966528,1
898586,966547,1
938678,966637,3
943133,966641,1
895938,966699,2
941577,966763,1
918917,966817,1
955417,966865,1
923858,966875,1
944100,966901,1
942891,966904,1
950513,966915,1
897169,967011,2
933855,967049,1
942667,967105,1
946354,967159,1
939742,967165,2
939283,967204,2
920764,967321,1
920401,967344,2
938414,967416,1
914268,967545,1
939200,967566,1
942758,967596,1
939620,967615,1
943985,967620,1
896262,967823,1
850879,967855,1
937486,967867,2
924607,967874,1
955165,967881,1
943580,967898,3
944132,967925,1
941007,968051,1
904853,968113,2
906833,968253,1
953624,968291,1
900350,968297,3
914100,968309,1
955541,968356,1
943361,968397,1
955439,968403,1
943972,968449,1
922178,968482,1
949007,968492,1
913564,968505,2
925587,968527,2
920213,968551,2
900534,968556,1
916792,968593,1
930214,968629,1
941471,96863,1
938707,968633,1
954908,968668,1
938845,968677,1
928281,968713,2
904874,968721,2
923690,968749,2
943078,968838,1
913490,968863,1
911694,968882,1
930942,968929,1
923274,968933,1
934940,968940,1
920392,968946,1
941093,968953,1
949631,969017,1
932156,969040,1
921321,969158,2
941881,969166,1
933549,969174,1
942679,969186,1
943988,969190,1
943511,969199,1
952569,969234,1
944168,969246,1
943839,969253,1
928144,969266,1
936695,969276,1
907470,969320,1
935046,96935,1
929432,969438,1
926464,969474,1
935843,969563,1
925620,969704,1
927511,969711,1
951103,969736,1
935602,969762,1
944074,969772,1
939637,969786,1
917953,96980,1
909397,969801,1
932702,96983,1
910536,969893,1
942538,969903,1
951161,969923,1
901432,969968,1
923485,969993,1
923815,970033,2
939848,970127,1
952935,970133,1
947087,970162,1
951391,970327,1
942815,970373,2
949010,970468,1
944162,970473,1
909923,970475,2
938236,970506,1
939628,97056,3
939044,970622,1
905427,970748,1
936947,970755,2
943452,970889,1
929473,970963,2
910443,970989,2
903757,970995,1
941843,971015,1
905194,971018,2
895767,971055,1
943605,971139,1
943682,971187,1
944176,971242,1
935567,971248,1
937559,971273,1
925737,971301,1
954030,971314,1
937217,971389,1
942581,971390,1
938522,971410,1
906035,971458,1
943614,971460,2
895850,971510,1
923541,971659,1
851370,971670,1
939505,971717,1
903376,971764,2
913468,971770,1
918207,971786,1
950979,971880,1
908156,971886,1
941002,972030,1
959171,972054,1
906579,972082,1
943893,972128,1
944154,972216,1
925811,972232,2
906792,972396,1
900401,972479,2
851266,972500,1
942109,972524,3
902504,972537,1
938422,972558,1
947373,972596,1
942611,972806,1
904396,972925,1
916515,972929,1
936099,973100,1
925981,973114,1
944085,973121,1
910652,973140,1
911083,973244,1
944016,973331,1
921291,973348,2
903403,973405,1
939329,973453,2
895769,973542,1
899815,973649,2
944157,973667,1
919242,973702,1
944068,973896,1
944178,9739,1
943620,973921,1
925397,973923,2
943675,974021,1
942932,974179,2
944122,974305,1
898249,974311,1
925678,974364,1
856148,1067661,1
855927,1067827,1
856152,1067923,1
855929,1067995,1
856075,1068025,1
856156,1068084,1
856157,1068135,1
947877,1068444,1
855939,1068617,1
856018,1068619,1
856019,1068707,1
855944,1069239,1
856168,1069316,1
856091,1069360,1
856172,1069550,2
856175,1069798,1
856402,1069997,1
856405,1070145,1
856336,1070162,1
856184,1070207,1
850744,1070528,1
856341,1070568,1
856262,1070821,1
856345,1070887,1
856266,1071184,1
856418,1071199,1
856267,1071258,1
856201,1071441,1
958881,1071487,1
856202,1071530,1
851215,1071575,2
856203,1071623,1
856355,1071677,1
856206,1071712,1
856276,1071735,1
856277,1071793,1
856209,1071890,1
856360,1071951,2
856281,1071986,1
856282,1072010,1
856214,1072084,1
856284,1072177,1
856216,1072252,2
856287,1072295,2
856218,1072331,1
856288,1072336,1
856219,1072343,1
856289,1072356,1
856441,1072361,1
856374,1072699,1
856447,1072806,1
856296,1072898,1
856449,1072989,3
947701,1073003,1
856298,1073040,1
856299,1073104,1
856300,1073124,1
856455,1073319,3
856304,1073423,1
856237,1073680,1
856308,1073777,1
856311,1073944,1
856464,1073989,1
856465,1074019,1
856394,1074032,1
856466,1074062,1
856315,1074082,1
856316,1074148,1
856247,1074207,1
856398,1074210,1
856471,1074264,2
856472,1074305,1
856250,1074321,1
958820,1074510,1
856554,1074526,1
856324,1074536,1
949339,1074565,1
856555,1074575,1
856702,1074602,2
856479,1074605,1
856325,1074650,1
856703,1074660,1
856558,1074707,2
856559,1074748,1
856484,1074802,1
856631,1074823,1
856564,1074881,1
856488,1074939,1
856490,1075101,3
856714,1075130,1
856716,1075217,1
856496,1075397,1
856644,1075546,1
856578,1075626,1
856581,1075866,1
856650,1075941,1
856507,1075989,1
856651,1075991,1
856652,1076059,1
856731,1076080,1
856586,1076088,2
856734,1076222,1
856514,1076342,1
856516,1076488,1
856517,1076545,1
856741,1076647,2
959719,1076659,1
856663,1076662,1
956883,1076680,1
856743,1076750,1
856665,1076757,1
856521,1076791,3
856599,1076794,1
856745,1076826,2
856600,1076843,1
856746,1076863,1
856670,1076971,1
856749,1077047,1
856527,1077079,1
856750,1077176,1
856609,1077472,1
856613,1077737,1
856680,1077741,1
954307,1077744,1
856758,1077745,1
856681,1077823,1
947791,1077833,1
952977,1077891,1
856762,1078034,1
856541,1078094,1
856767,1078260,2
856545,1078261,1
856624,1078342,1
856774,1078415,1
856693,1078420,1
856694,1078481,1
856778,1078560,2
857003,1078699,1
856851,1078754,1
857083,1078852,1
857084,1078880,1
857009,1078995,2
856857,1079016,1
857010,1079028,1
856859,1079129,1
857012,1079137,1
857013,1079172,1
959401,1079210,1
857091,1079223,1
946845,1079305,1
856797,1079485,1
857021,1079647,1
857098,1079659,1
857022,1079724,1
856868,1079751,1
856869,1079792,1
856804,1079987,1
851018,10800,2
857026,1080078,1
857027,1080124,1
857105,1080135,1
856807,1080148,1
947903,1080149,2
857028,1080215,1
856808,1080250,1
857029,1080274,1
856810,1080346,1
857109,1080385,3
945666,1080530,1
857112,1080594,1
857036,1080649,1
857114,1080659,1
856884,1080748,1
947334,1080757,1
943134,974452,1
903857,97460,2
935208,974601,1
944152,974656,1
941973,974725,1
943950,974758,1
939411,974764,2
919229,974795,2
955269,974796,1
943662,974871,2
947347,975008,1
918962,975128,1
943766,975169,1
946060,975190,1
936032,975296,1
937344,975385,1
931044,975400,2
938850,975488,1
941925,975490,1
944181,975555,1
919619,975563,1
925413,975586,1
924945,975748,1
850636,975816,1
939645,975836,1
922203,975861,1
920843,975912,1
901311,97600,1
938396,976062,1
943838,976084,1
930832,976282,1
935872,976304,1
942523,976419,1
945338,976434,1
943915,976538,3
941795,976601,1
924520,976801,2
943880,976901,1
922429,976972,1
920603,977075,1
908116,977113,1
899486,977114,1
850696,977191,1
953331,977271,1
907120,977310,1
920939,977550,3
900626,97757,1
941384,977642,1
920771,977707,1
942139,977797,1
928919,977875,2
896857,977899,1
935447,978005,1
901446,97813,1
931763,978165,1
959518,978216,1
942305,978368,2
929165,978545,1
897557,978626,1
907664,978635,1
938334,978690,1
940675,978818,1
913649,978833,2
953516,978920,1
899734,978942,1
958792,978986,1
949903,979100,1
922187,979146,2
935279,979341,1
944209,979411,1
938119,979436,2
850853,979480,1
898494,979502,1
918239,979563,1
923222,979661,1
941107,979877,1
942608,979942,2
941513,979943,1
902414,980075,1
927031,980101,2
931758,980133,2
924028,980141,1
944211,98018,1
922662,980184,2
943113,980241,1
918987,980280,1
908368,980468,1
927371,980491,1
935300,980565,1
944214,980568,1
944041,980579,1
920566,980582,1
959402,980648,1
920345,980875,1
939732,980902,1
942652,981082,1
946742,981246,1
934011,981311,1
927681,98177,1
850854,981821,1
950045,981869,1
909105,982144,1
946185,982172,1
944207,982205,1
944203,982304,1
939777,982575,1
943097,982599,2
933553,982610,1
913853,982775,1
926275,982880,1
919308,983026,1
944208,983030,1
924119,983083,1
951883,983119,1
942183,983174,1
945344,983201,1
943100,983235,1
944202,983236,1
921683,983463,1
941948,98364,1
913683,983681,1
949031,983972,1
934747,984064,1
951427,984253,1
944224,984277,1
905121,984286,2
941337,984313,1
939891,98432,2
910766,984679,1
908286,984711,1
944160,984772,1
943890,984899,1
942473,984993,1
943037,985121,1
927445,985176,1
899759,985204,1
949033,985358,1
944033,985385,1
943898,985545,1
921752,985559,1
940908,985783,1
938264,985849,1
924379,985869,1
943997,985926,1
936536,985963,1
942638,985975,1
923765,986063,1
944219,98607,1
901197,986329,2
936255,986430,2
950359,986452,1
943865,986468,1
921953,986544,1
913981,986659,1
943006,986690,1
920731,986743,1
920155,986753,1
939119,986821,1
940702,986952,1
938508,987093,1
942695,987118,1
942052,987140,1
925182,987208,1
939802,987245,1
934713,987267,1
929900,987428,1
918632,987484,1
928990,987553,1
920778,987902,1
943347,987968,1
950456,988001,1
929443,988054,1
941121,988175,1
944129,988200,1
941729,988222,1
851583,988243,1
919825,988290,1
938761,988302,1
921608,988353,1
924539,988374,1
944238,988415,1
927484,988420,1
946152,988421,1
922590,98845,1
918976,988509,1
908472,988694,1
924178,988733,1
927052,988735,1
944228,988759,1
917659,988775,1
944135,988796,1
949992,1080853,1
856819,1080929,1
857117,1081025,1
856820,1081036,1
856887,1081053,3
857119,1081094,1
856823,1081166,2
857044,1081181,1
857122,108124,1
856825,1081242,2
856893,1081311,1
857049,1081408,1
857126,1081411,1
856829,1081414,1
953838,1081460,1
857128,1081464,2
958700,1081500,1
857130,108152,1
857131,1081542,1
857055,1081549,1
857057,1081589,1
947908,1081603,1
857059,1081658,2
856906,108174,2
857137,1081755,1
856907,1081758,1
857061,1081763,1
857138,1081768,2
856908,1081790,3
857140,1081877,1
856910,1081885,2
856844,1081905,2
857143,1081960,1
856847,1081986,2
857224,1082119,1
856918,1082142,3
857072,1082153,2
857225,1082168,1
856921,1082264,2
856929,1082275,1
856930,1082301,2
857232,1082403,1
857303,1082411,1
950909,1082594,1
857157,1082633,1
857236,1082636,1
857310,1082748,1
856942,1082822,1
952551,1082832,1
857312,108284,1
857314,1082935,1
857166,1082971,1
856946,108298,1
856947,108313,3
856953,1083517,2
857253,1083563,1
857255,1083659,1
856956,1083680,2
857256,1083750,1
857330,1083852,1
856961,1083873,1
857185,1083994,1
857186,1084047,1
857265,1084051,1
856966,1084055,1
857336,1084056,1
856967,1084083,1
857188,1084154,1
857267,1084157,1
856968,1084166,1
857189,1084192,1
857270,1084293,1
857342,1084388,1
951265,1084447,1
857344,1084492,1
857274,1084515,1
857275,1084576,1
856976,1084586,2
857346,1084605,1
857198,1084668,1
856979,1084874,1
857279,1084939,1
857201,1084945,1
857352,1085032,1
856983,1085069,1
949966,1085097,1
856985,1085168,1
856987,1085279,1
856991,1085492,1
857361,1085506,1
857213,1085560,1
857292,1085565,2
856993,1085581,1
857216,1085670,1
857295,1085685,1
857297,1085837,2
857451,1085905,1
857220,1085942,1
857454,1086042,1
857372,1086102,1
857455,1086170,1
857380,1086202,1
857458,1086282,1
857532,1086429,1
857462,1086571,1
857465,1086708,2
857609,1086769,1
857390,1086797,1
857469,1086987,1
857542,1087032,1
857393,1087045,1
857614,1087062,2
857396,1087178,2
857546,108721,1
857397,1087211,1
857475,1087215,1
857551,1087403,1
851334,1087440,1
857480,1087441,1
857623,1087466,1
857402,1087499,1
857405,1087812,1
857406,108790,1
857484,1087904,1
857409,1088042,1
857487,1088070,1
857561,1088165,1
857490,1088228,1
857634,1088252,1
857415,1088353,1
951521,1088389,1
857417,1088489,1
857639,1088553,2
857418,1088582,1
857422,1088834,1
857645,1088894,1
857502,1088944,1
857578,1089043,1
857650,1089083,1
857579,1089107,1
857507,1089148,1
857508,1089181,1
857651,1089184,1
857433,1089359,1
857434,1089481,2
857657,1089666,1
857515,1089706,1
857662,1089966,1
949805,1089999,1
857663,1090000,1
857594,1090046,2
857522,1090053,1
857445,1090089,1
857667,1090206,1
857668,1090254,1
857448,1090279,1
952784,1090285,1
949046,1090427,1
857754,1090439,1
857601,1090450,1
857680,1090511,1
949047,1090607,1
850339,1090619,2
857828,1090667,1
945750,1090720,1
857830,1090764,1
857684,1090805,1
857763,1090861,1
857686,1090930,3
857688,1090966,1
857767,10910,1
950335,1091099,1
857909,1091192,1
857777,1091548,1
857919,1091583,1
865989,1228695,1
865922,1228760,1
865842,1229094,1
865993,1229251,2
865845,1229332,1
865846,1229591,2
953922,1229605,1
865930,1229837,1
865998,1229856,1
954291,1229918,1
866000,1229942,2
866083,1229979,1
865933,1230011,1
865934,1230040,1
865936,1230217,2
865860,123065,2
865861,1230713,1
866013,1230995,1
866097,1231045,1
952212,1231389,1
866178,1231413,1
866103,1231423,1
866179,123144,1
866180,1231616,1
866105,1231620,1
866181,1231674,1
952280,1231682,1
866252,1231818,1
866329,1231822,2
866185,1231881,1
959799,1231889,1
866110,1231899,2
946335,1231941,1
866257,1232039,1
866190,1232208,1
866115,1232213,1
866262,1232293,1
866119,1232404,1
866264,1232410,1
947721,1232418,1
866340,1232428,1
866121,1232489,1
866197,1232508,1
866123,1232599,1
866271,1232783,1
866203,1232812,1
866349,1232836,2
959345,1232858,1
866350,1232927,1
866276,1233032,1
866207,1233092,2
866132,1233100,1
866209,1233241,1
866134,1233312,1
866357,123349,1
866212,1233504,2
946082,1233507,1
866140,1233704,1
866142,1233813,4
866219,1233913,1
866365,1233964,1
866221,1234068,1
953807,1234069,1
866290,1234104,1
866293,1234362,1
866295,1234449,1
866152,1234491,1
866228,1234539,1
947961,1234628,1
866300,1234666,1
866377,1234668,2
866304,1234901,1
866236,1234919,1
866163,1235052,1
866239,1235073,1
866308,1235105,1
947298,1235301,1
866242,1235303,2
866311,1235345,1
866389,1235445,1
866469,1235678,1
866398,1235686,1
945689,1235723,2
866541,1235755,1
866542,1235788,2
866404,1236047,2
866405,1236112,1
866548,1236161,1
866549,1236190,2
866625,1236257,1
866550,1236262,1
866409,1236294,1
866626,1236304,1
866552,1236372,1
866630,1236519,1
866485,1236561,1
866632,1236707,1
866562,1237003,1
866420,1237030,1
866640,1237128,2
866423,1237179,1
866496,1237205,1
866643,1237253,1
866568,1237255,1
866500,1237393,1
866427,1237406,1
866646,1237410,1
866572,1237457,1
866502,1237472,2
866431,1237684,1
866575,1237689,1
866505,1237693,1
866651,1237756,2
953844,1237799,1
866577,1237831,1
866508,1237870,1
947968,1237880,1
866509,12379,1
866655,1237934,1
866580,1237937,1
866657,1238053,1
866584,1238169,1
922802,1238242,1
866517,1238359,1
866443,1238361,1
866663,1238425,1
866445,1238461,1
946472,1238474,1
866591,1238548,1
866449,1238700,1
866594,1238753,1
953226,1238763,1
866595,1238828,2
866670,1238865,1
866526,1238920,2
953068,1239014,1
866527,1239022,1
866453,1239025,1
866528,1239095,1
866454,1239108,1
866673,1239147,1
866460,1239523,1
866680,1239602,1
866681,1239649,1
866536,123966,1
866691,1239781,1
866538,1239825,1
866685,1239921,1
866694,123996,1
866686,1239969,1
947813,1239992,1
866687,1240010,1
958835,1240066,1
866696,1240067,1
866697,1240128,1
866689,1240134,1
866615,1240137,1
866770,1240142,2
866920,1240308,1
866774,1240416,1
866775,1240534,1
951950,1240572,1
866846,1240631,1
866778,1240710,1
866706,1240723,1
866926,1240802,1
866782,1241054,1
866709,1241099,1
866930,1241112,1
866931,1241163,1
866784,1241206,1
866785,1241226,1
866936,1241548,1
866790,1241662,1
866717,1241669,1
866938,1241718,1
866939,1241791,1
866725,1242252,1
866800,1242348,1
866728,1242556,1
866951,1242733,1
866952,1242912,1
866731,1242952,1
866877,1243067,1
866808,1243191,1
866878,1243229,1
866809,1243281,1
953237,1243290,1
866879,1243326,2
866957,1243373,1
866881,1243496,1
866814,1243660,1
954167,1243846,1
866815,1243872,1
866886,1244035,1
866817,1244092,1
866818,1244244,1
866966,1244309,1
866967,1244373,1
947982,1244501,1
866971,1244747,1
947457,1245040,2
866755,1245275,1
866977,1245366,2
957041,1245543,1
947987,1245587,1
866902,1245691,1
866834,1245837,3
946763,1246140,1
866985,1246164,1
866997,1246460,1
866989,1246480,1
866912,1246511,2
946444,1246548,2
952155,1246653,1
867001,1246719,1
867145,1247008,1
867228,1247018,1
867146,1247027,2
867006,1247054,1
867231,1247138,1
867073,1247163,1
867076,1247347,1
867155,1247619,2
867238,1247665,2
867013,1247672,1
867080,1247673,1
867239,1247680,1
867157,1247828,1
867240,124783,1
867082,1247870,1
867159,1247906,1
867160,1247937,2
867085,124798,1
867244,1248007,1
867163,1248245,1
867021,1248336,1
867164,1248371,1
867089,1248398,1
867248,1248452,3
867024,1248646,1
867095,1248996,1
867097,1249090,1
867257,1249211,1
867176,1249326,1
867034,1249389,2
867261,1249416,1
953679,1249516,1
867182,1249691,2
867043,1250294,1
867046,1250541,1
867190,125060,1
947163,1250649,1
867274,1250670,1
867192,1250701,3
851016,1250734,1
867117,1250827,2
867275,1250854,1
951918,1251108,1
951506,1251193,1
867123,1251384,1
867281,1251509,1
867284,1251673,1
950668,1251889,1
867286,1251927,1
867206,1251954,1
867287,1251978,1
867131,1252000,2
867065,1252153,1
958576,1252238,1
867293,1252379,1
867139,1252510,1
867373,1252571,1
867298,1252598,1
867141,125262,1
950114,1252762,1
867220,1253129,1
867377,1253149,2
867303,1253211,1
947184,1253419,1
867524,1253494,4
867450,1253523,1
867307,1253599,2
867308,1253611,1
867527,1253619,1
867309,1253620,1
867453,1253627,1
867385,1253654,1
867311,1253708,1
867530,1253790,1
867456,1253841,1
867531,1253849,1
867536,1254170,1
867538,1254450,1
867321,1254601,1
867398,1254688,1
867400,1254801,2
954120,1255116,1
867473,1255206,2
867330,125530,2
867474,125531,3
867405,1255336,1
867550,1255373,1
867406,1255404,1
947430,1255519,1
867333,125554,1
867552,1255587,1
867556,1255896,1
867557,1255942,1
867483,1255987,1
867416,1256055,1
867420,1256539,2
867346,1256548,1
867422,1256752,1
949095,1256778,1
867423,1256829,1
867424,125694,1
867425,1257024,1
867495,1257117,2
867571,1257129,1
867496,1257195,1
867430,1257314,1
867432,1257537,1
867501,12576,1
867358,125762,2
867502,1257636,1
952148,1257745,1
867579,1257765,1
867360,1257803,1
867437,1257948,1
867584,1258177,1
867585,12584,1
867366,1258489,1
867367,1258528,1
867588,1258729,1
867594,1259240,1
867676,1259405,1
867604,1259445,1
867677,1259496,1
867748,1259664,2
867824,1259848,1
867681,1259854,1
867825,1259879,1
957106,1260151,1
867753,1260217,1
867612,1260252,1
867829,1260281,1
867756,1260370,2
867834,1260641,1
867836,1260761,1
857780,1091732,1
857921,1091739,1
958582,109174,1
949048,1091799,1
857782,1091826,3
857925,10919,1
857709,1092041,1
857785,1092153,1
947378,1092217,1
857787,1092232,1
857788,1092365,1
857932,1092366,1
857714,1092384,2
857790,1092483,1
857934,1092500,1
857716,1092512,1
949332,1092650,1
857794,1092677,1
857720,1092723,1
857795,1092725,1
857940,1092892,1
857869,1092903,1
857870,1093019,2
857725,10931,2
857872,1093123,1
857944,1093230,1
857729,1093400,1
857946,1093410,1
857877,1093536,1
857731,1093549,3
857948,1093566,2
857734,1093741,1
857810,1093759,1
857736,1093788,2
857811,1093789,1
857884,1093888,2
857818,1094233,1
857744,1094250,2
857820,1094285,1
857823,1094396,1
857895,1094410,1
857750,1094446,1
857824,1094448,3
857897,1094502,1
857751,109451,2
857825,109454,1
857752,1094586,1
857976,1094683,1
858050,1094686,1
952550,1094695,1
858051,1094754,1
858052,1094840,2
949055,1094998,1
858055,1095020,1
857975,1095026,2
858128,1095034,1
858056,1095045,1
858195,1095054,1
858197,1095151,1
858131,1095155,1
858059,1095160,2
857986,1095216,1
858060,1095220,2
858200,1095240,1
858062,1095263,1
858201,1095269,1
956790,1095381,1
858136,1095383,1
857992,1095463,1
857994,109552,1
949450,1095562,1
858070,1095574,2
949686,1095598,1
858213,1095842,1
858076,1095863,1
858147,1095875,1
858148,1095920,1
858078,1095931,1
858079,1095961,1
951779,1096024,1
858222,1096171,1
858154,1096172,1
858157,1096260,1
858088,1096285,1
858160,1096442,1
858092,1096461,2
858230,1096486,1
858018,1096508,2
858162,1096552,1
858094,1096565,1
947890,1096574,1
858096,1096620,1
950863,1096687,1
858236,1096702,1
951030,1096735,1
950046,1096745,1
858100,109678,1
858027,1096847,2
850729,1096925,1
858241,1096947,1
858029,1096965,1
950495,1096976,1
858109,1097171,1
952530,1097179,1
858111,1097247,1
858179,1097291,1
858181,1097355,1
858038,1097377,1
858184,1097495,2
858187,1097631,1
858258,1097644,1
951099,1097656,1
858121,1097662,1
858189,1097669,4
858046,1097675,2
858260,1097687,1
858047,1097732,1
858123,1097744,2
858192,1097855,1
858495,1097858,1
858271,1097907,2
858272,1097940,1
858498,1097967,1
858273,109798,1
858267,109803,1
858351,1098235,1
858423,1098316,1
858354,1098407,1
858283,1098482,1
858284,1098491,1
858429,1098592,1
858361,109867,1
858292,1098808,1
858440,1098988,2
858524,1099024,1
858299,109903,1
858300,1099047,1
858445,1099161,1
858375,1099179,1
858302,1099194,1
954129,1099250,1
947758,1099287,1
858306,1099348,1
858533,1099396,2
957282,1099515,1
858311,1099606,1
858456,1099636,1
858539,1099643,1
858541,1099734,1
955124,1099765,1
858544,1099836,2
858319,1099899,1
858547,1099938,1
858395,1099947,1
951648,1099950,1
858550,1100032,1
858551,1100071,1
858325,1100078,1
858326,1100136,1
858472,1100182,1
858331,1100238,1
858475,1100258,1
858561,1100489,1
858480,1100514,1
858481,1100576,3
858564,1100638,1
858484,1100734,1
858341,1100771,1
858415,1100787,1
858416,1100839,1
858569,1100898,1
858488,1100921,1
951523,1101002,1
858490,1101032,2
947656,1101215,1
867693,1260786,1
867762,1260830,1
867837,126094,1
867838,1261031,1
867695,1261038,1
867696,1261088,1
867697,1261136,1
867766,1261150,1
867841,1261155,1
867698,126116,2
867767,126126,1
867842,1261361,1
867770,1261753,1
959468,1261819,1
867702,1261842,1
867847,1261901,1
867773,1261987,2
867774,1262119,1
867706,1262345,1
949078,1262921,1
867713,1263139,1
867643,1263449,1
867861,1263667,1
867786,1263772,1
867787,1263804,1
867721,1264150,1
867792,1264409,1
867793,1264469,1
867870,1264680,1
867796,1264771,1
867872,1264849,1
867730,1264984,1
867799,1264993,1
867874,1264997,1
867658,1265009,1
867732,1265048,1
867733,1265146,2
950349,1265220,1
867661,126530,1
867737,126547,1
867663,1265545,1
867741,126584,1
867810,126586,1
867885,1266028,1
867669,1266108,1
867812,1266138,2
959814,1266195,1
867744,1266200,1
867671,1266262,1
867899,1266402,2
953974,1266406,1
867900,1266460,3
867901,1266547,1
867818,1266562,1
867892,1266581,2
868128,126662,2
949079,1266725,1
867904,12669,1
954425,1266911,1
867894,1266989,1
868132,126707,1
953149,1267170,1
947437,1267206,1
868051,1267243,1
867910,1267268,2
867979,1267595,1
867982,1267893,1
867984,126807,1
867985,1268095,1
867988,1268464,1
868147,1268566,1
950743,1268597,1
868063,1268641,1
953405,1268652,1
867922,1268666,1
867924,1268851,1
947473,1268878,1
954102,126897,1
947196,1268990,1
868153,1269036,1
867927,1269063,1
868154,1269146,1
867996,1269189,1
867997,126934,1
867932,1269539,2
868000,1269578,1
953836,1269770,1
867936,1269937,1
868163,1270005,2
867938,1270080,1
953310,1270157,1
868010,1270366,2
949335,1270385,1
868169,127048,1
946386,1270647,1
868170,1270661,1
868173,1271065,1
867947,1271071,1
867949,1271306,1
868095,127182,1
868181,1272011,1
867955,1272023,1
867960,127254,1
868190,1272941,1
867964,1272950,1
868031,127297,1
867967,1273138,1
868195,1273646,1
868039,1274005,2
867973,1274026,1
868040,1274035,1
868200,1274048,1
868042,1274288,1
954049,1274304,1
868202,1274323,1
868043,1274336,1
868119,1274486,1
868281,1274492,2
868047,1274678,1
868124,1274859,1
868212,1274979,1
868356,127503,1
868358,1275183,1
868292,127549,1
868217,1275500,2
946313,1275501,1
868361,1275528,1
868293,1275564,1
868438,1275662,1
949695,1275780,1
868301,1276291,1
868227,127633,1
868446,1276476,1
868228,1276492,1
868376,1276917,1
868307,1277030,1
868233,1277036,1
947996,1277174,1
868310,1277275,1
868311,1277313,1
954850,1277339,1
868313,1277484,1
868241,1277590,1
868385,1277598,1
951998,1277605,1
868316,1277612,1
868386,1277706,1
868462,1277910,1
868388,127803,1
868319,1278036,1
868465,127827,1
868466,1278333,1
868324,127861,1
868250,1278610,1
868469,1278648,1
868325,12787,1
959161,1278865,1
868328,1278969,1
868329,1279079,1
868475,1279290,1
868401,127940,1
868477,1279449,1
868339,1280195,1
868485,1280269,2
948002,1280290,1
868348,1280934,1
868418,1281021,1
868494,1281109,1
868350,128113,2
868351,1281200,1
868277,128125,1
868497,1281417,3
952067,1281439,1
868279,1281487,1
868424,1281543,1
868499,1281562,2
858722,1101297,1
858724,1101402,1
858796,1101593,1
858651,1101626,1
953735,1101789,1
858586,1101878,2
858587,1101915,1
946061,1101961,1
858657,1101992,1
954214,1101996,1
949186,1102054,1
858591,1102240,1
858738,1102276,2
858739,1102311,1
858810,1102355,1
858745,1102637,1
858748,1102779,1
851145,1102785,1
858672,1102824,1
858750,1102837,1
858673,1102864,1
858752,1102997,1
858676,1103055,1
858755,1103114,2
858824,1103119,1
858679,1103162,1
858757,1103170,1
955278,1103192,1
858682,1103238,1
858763,1103367,1
858687,1103473,1
858689,1103582,1
850968,1103687,2
858838,1103714,1
858692,1103717,2
858622,110378,1
858840,1103794,1
858841,1103851,1
858695,1103858,1
858626,1103963,1
858845,1104083,1
858699,1104087,1
858777,1104137,1
952194,1104485,1
858851,11045,2
858783,1104604,1
858707,1104644,1
858709,1104749,1
858639,1104813,1
946892,1105022,1
858858,1105091,2
858789,1105143,1
858859,110515,1
858642,1105191,1
858860,1105198,1
858868,1105410,2
858948,1105595,1
957105,1105611,1
858950,1105726,1
859018,1105744,1
956877,1105762,1
946752,1105797,1
859019,1105836,1
859100,1105872,1
858876,1105885,1
959528,1105908,1
859102,1105989,1
858956,1106003,1
858878,1106021,1
858960,1106283,1
859107,1106317,1
858962,1106381,1
859109,1106477,2
859031,1106548,1
954909,1106724,1
858966,1106739,1
858889,1106795,1
858968,1106814,1
947672,1106843,1
859038,1107079,2
859120,1107247,1
858973,1107248,1
858896,110728,1
858974,1107320,1
859123,1107408,1
858901,1107534,1
950010,1107541,1
859126,1107565,2
858981,1107767,1
859130,1107937,1
947339,1108071,1
858984,110817,1
858908,1108222,1
947178,1108318,1
859139,1108573,1
951773,1108605,1
858916,1108642,1
859141,1108681,1
859145,1108843,1
858922,1108976,1
859147,1108994,1
858923,1109018,1
859068,1109019,1
858925,1109160,2
859150,1109186,2
858926,1109243,1
858928,1109422,1
859154,1109505,1
859006,1109511,1
859076,1109588,1
859157,1109698,2
859078,1109768,2
859012,1110007,1
859082,1110090,1
859162,1110091,1
859014,1110095,1
859015,1110143,1
859084,1110171,1
947897,1110216,1
858941,1110258,1
859169,1110363,1
858942,1110368,1
954294,1110440,1
859246,11106,1
953014,1110689,1
859249,1110812,1
859320,1110870,1
859401,1110948,1
859322,1111007,1
947900,1111082,1
859402,1111086,1
859325,1111260,1
859183,1111373,1
859260,1111667,1
859330,1111676,1
851512,1111841,1
859190,1111871,1
952702,1111975,1
859416,1112095,1
859194,1112098,1
859338,1112112,1
859196,1112203,1
859419,1112263,1
859341,1112332,2
859273,1112521,2
859275,1112599,1
859346,1112622,1
947760,1112656,1
859427,1112774,1
859206,1112855,1
859430,1113092,1
859283,1113265,1
859211,1113387,1
859284,1113402,1
959013,1113427,1
859285,1113465,1
859436,1113510,1
951289,1113575,1
859438,1113603,1
949116,1113775,1
859219,1113813,2
859366,1113948,2
859367,1113969,1
859447,1114038,1
859449,1114178,1
859229,1114240,1
859302,1114252,1
859231,1114382,1
859304,1114385,1
859455,1114550,1
859377,1114559,1
859456,1114562,1
859378,1114628,1
859239,1115001,1
859240,1115069,1
915019,988921,1
937383,989061,1
952498,989088,1
942448,989167,1
930337,989263,2
921115,989314,2
923591,989318,1
943983,989735,2
900736,989744,1
925435,989960,2
910715,989979,1
932272,990006,1
954659,990056,1
944139,990146,1
921932,990151,2
934255,99018,1
927472,990305,1
923902,990433,1
952114,990495,1
904295,990582,2
910509,990677,1
952124,990681,1
935134,990814,1
906009,990933,1
942427,991210,1
944232,991231,1
902885,991281,1
851182,991301,1
943984,991351,1
898252,991375,1
943169,991475,1
921525,99162,1
944089,991665,2
940573,991685,1
851453,991755,1
924935,991774,1
949847,991837,1
917485,991855,1
934531,991915,1
922973,991995,1
895779,992005,1
934567,992009,1
942217,992017,2
932480,992069,1
924044,992077,1
944114,992281,1
944218,99235,1
936862,992408,1
912459,99241,1
945936,992421,1
916384,992448,1
942909,992487,1
940865,992557,1
920430,992580,1
942952,99263,1
944005,992941,2
933204,993050,1
923702,993104,3
916725,993107,1
944072,993159,1
943198,993206,1
937658,993246,2
934620,993322,1
934927,993379,1
943328,993414,1
920014,993475,1
920829,993488,1
937057,993524,1
952051,993557,2
959884,993566,1
933237,993586,1
923058,993642,1
941271,993698,2
944010,993806,1
939816,993919,1
918351,994,1
907550,994233,1
901443,994349,1
851019,994350,2
851503,994467,1
932584,994489,3
941084,994603,1
946425,994784,1
939136,994796,1
939842,994838,2
943906,994840,1
932134,994879,1
944242,994880,1
959444,994926,1
900137,995027,1
943629,995033,1
941297,995077,1
927865,995491,1
901437,995605,1
922887,995650,1
901421,99579,1
930421,995943,1
926945,995952,1
943035,996000,1
954769,996078,1
928590,996133,1
929108,9963,1
924176,996341,1
923762,996391,1
942153,996419,2
931344,996426,2
922637,996477,1
947641,996506,1
942951,996539,2
941743,996655,1
920876,996738,3
953045,996747,1
923885,996748,1
900702,996782,1
906268,996857,1
908023,99686,1
898824,996922,1
916199,996927,2
937734,997169,1
943697,997174,1
922857,997226,1
924803,997301,1
945501,997425,1
943163,997443,1
930934,997527,1
930280,997707,1
951223,997714,3
851604,997791,1
946720,997923,1
896823,997967,2
930226,997981,1
900882,998034,1
927270,998117,1
895852,998181,1
921782,998185,1
933396,998243,1
942565,998284,2
944223,998497,1
941920,998558,2
928824,998598,1
940584,998644,1
943020,998705,2
926911,998858,1
939931,999016,1
929306,999069,1
942148,999137,2
936914,999317,1
941869,999325,1
938548,999380,1
915843,999389,1
899807,999409,1
927762,999426,1
906296,999436,1
933140,999536,1
943914,999571,1
939095,999573,2
906804,99963,1
925840,999678,1
902911,999734,1
938321,999821,1
920521,999829,2
905675,999903,1
928585,999925,1
943488,999939,1
939441,999952,1
868583,1281567,1
945838,1282151,1
945397,1282342,1
868515,1282430,1
868506,128248,1
868742,1283137,1
868524,1283290,1
868601,1283436,1
868527,1283445,1
868602,1283481,1
868748,1283559,1
947617,1283643,1
868750,1283833,2
868751,1283902,1
868606,1283910,1
868682,128459,1
868758,1284594,1
949124,1284773,1
850756,128479,1
868685,1284791,1
868540,128490,3
954281,1284900,1
868686,1285025,1
868617,1285082,1
868763,1285158,2
868621,1285375,1
868623,1285546,1
868769,1285615,1
951554,1285622,1
868624,1285675,1
868549,1285704,1
868695,1285706,1
868696,1285773,1
868551,1285856,1
868697,1285878,1
868773,1285880,1
949201,1285906,1
868699,128595,1
868630,1285972,1
868637,1286601,1
868788,1287030,1
868643,1287045,1
868789,1287091,1
868644,1287094,1
868645,1287171,2
868570,1287329,1
868792,1287357,2
868572,1287492,1
868797,1287749,1
868652,128775,1
868653,1287851,1
868654,128793,2
868724,1287934,1
868801,1287980,1
868656,1288004,1
868580,1288007,1
868657,128808,1
868803,1288150,1
948007,1288346,1
868814,1288445,1
868805,1288507,1
868815,1288586,1
868807,1288798,1
950753,1289153,1
951093,1289238,1
868822,128932,1
850666,1289488,2
869044,1289612,2
947440,1289650,1
869046,1289916,1
868830,1289978,2
868832,1290247,1
869051,1290386,1
868912,1290610,1
868980,1290637,1
869054,1290639,1
868981,1290665,1
868915,1290714,1
868985,129088,1
869060,129100,1
868842,1291053,1
869061,1291074,2
868988,1291164,1
868921,1291183,1
868844,1291194,1
868845,1291334,1
868992,1291649,1
869067,1291723,1
869068,1291758,1
868851,1291856,2
868997,1291969,1
869071,1292017,1
868854,129208,1
868855,129216,1
869000,1292160,1
868933,1292305,1
868856,1292325,2
869075,1292343,1
868857,1292356,1
869005,1292522,1
868938,1292573,1
868939,1292625,1
869011,1293166,1
869087,1293331,1
868947,129339,2
869089,1293426,1
868949,1293551,2
869092,1293747,1
868951,1293748,1
868874,1293777,1
868952,1293795,1
869094,1293835,1
851379,1293864,1
869095,1293929,1
868877,1293950,1
869096,1293994,1
868880,1294205,1
868959,1294347,1
869102,1294399,1
868960,1294400,1
868884,1294411,1
868885,1294453,1
869032,1294752,1
868889,1294856,2
869118,1295151,1
869035,1295165,1
949434,1295186,1
869036,1295250,2
869037,1295373,1
869196,1295417,1
869121,1295426,1
958506,1295454,1
952455,1295464,1
869270,1295771,1
949377,1295791,1
869343,1295795,1
955486,1295909,1
869350,1296316,1
869137,1296538,2
869357,129677,1
869285,1296791,1
869143,1296870,1
869287,1296924,1
869144,1296952,1
869361,1297004,1
869289,1297117,1
869362,1297138,1
869147,1297229,1
869225,1297521,1
869297,1297745,2
869229,1297774,1
869231,1298067,1
869301,1298169,1
869302,1298259,1
869159,1298265,1
869303,1298275,1
869308,1298991,1
946230,1299050,1
869169,1299155,1
869245,1299182,1
869390,1299553,1
869250,1299635,1
869251,1299729,2
869177,1299819,1
869178,1299941,1
869179,1300027,1
869396,1300031,1
869255,1300052,1
869256,130012,2
869181,1300218,1
959578,1300378,1
869258,1300494,1
869402,1300724,1
869328,1300906,1
869329,1301004,1
859313,1115268,1
859314,1115337,2
859466,1115523,1
859388,111556,1
859468,1115604,1
859318,1115618,2
859623,1115830,1
859625,1115875,1
851523,1115941,2
859692,111599,1
859479,1116112,2
859551,1116182,1
859481,1116240,1
850764,1116373,1
859482,1116418,1
859554,1116459,1
859633,1116469,1
859637,1116822,1
859561,1116899,1
859707,1117182,1
859709,1117417,1
951842,1117702,1
859495,1117785,1
859568,1117897,1
859644,1117968,1
859646,1118203,1
859498,1118236,1
958780,1118319,1
859648,1118351,1
859500,1118362,1
859718,1118392,1
859576,1118552,1
859504,1118571,1
859654,1118651,1
954327,1118702,1
859723,1118749,1
859579,1118766,1
859726,1118896,1
859658,1118916,1
859731,1119281,1
859732,1119349,2
859733,1119392,1
859665,1119420,2
859735,1119678,2
859667,1119706,1
945617,1119841,1
859521,1119932,1
859738,1119970,1
859595,11200,1
850779,1120060,2
859673,112009,1
859742,1120117,1
859525,112020,1
859675,1120341,1
955501,1120517,1
859678,1120530,1
859680,1120605,1
850982,1120820,1
859750,1120829,1
859753,112107,1
859609,1121136,1
953139,1121264,1
859755,1121361,1
859539,1121480,1
859757,1121500,1
859613,1121502,1
859542,1121766,1
859617,1121886,1
951280,1121911,1
859993,1121971,1
951745,1122357,1
859775,1122547,1
860001,1122638,1
859921,1122691,1
859777,1122747,1
859922,1122778,1
859778,1122819,1
860004,1122876,1
859779,1122898,1
859927,1123191,1
860008,1123230,1
859856,1123340,1
859857,1123378,1
950761,1123767,1
859861,1123774,1
859790,1123815,1
859935,1123819,1
859863,1123851,1
860017,1123957,1
859939,1124052,1
851064,1124262,1
860023,1124278,1
859944,1124391,1
859872,1124401,1
860025,1124405,1
860026,1124506,1
946722,1124511,1
859948,1124688,1
859876,1124704,1
859877,1124729,1
859878,1124794,2
859879,1124838,1
860032,1124870,2
859952,1124933,1
859880,1124934,2
860034,1124990,1
859809,1125091,1
860036,1125122,1
859812,1125248,1
859815,1125431,1
947300,1125495,1
859965,1125626,1
859893,1125764,1
859895,1125831,1
859823,1125886,1
859897,1125900,1
946330,1125983,1
860055,1126176,1
947929,1126210,1
859902,1126227,1
859976,1126275,2
860058,1126307,1
859831,1126345,1
859832,1126386,1
859906,1126435,1
860061,1126510,1
859834,1126512,1
860063,1126559,2
859982,1126579,1
859910,1126584,1
860065,1126671,1
860216,1126742,1
859986,1126747,1
860219,1126955,1
860141,1126964,1
860143,1127092,2
860222,1127102,1
860073,1127107,1
860074,1127150,1
860298,1127193,1
949951,1127204,1
860146,1127239,1
860299,1127249,1
946725,1127317,1
946980,1127384,1
860304,1127435,1
860081,1127505,1
860307,1127620,1
860084,1127625,1
860155,1127628,1
860234,1127652,1
860086,1127704,2
860236,1127770,1
860087,1127777,1
860237,112780,2
860088,1127824,1
860159,1127829,2
860240,1127895,1
860093,1127959,1
860095,1128017,1
860166,1128023,1
860320,1128188,1
860099,1128341,1
860324,1128479,1
860250,1128503,1
860175,1128685,2
860327,1128689,2
860255,1128869,1
860177,11289,1
860109,1128978,1
860259,1129001,1
860110,1129008,1
860182,1129048,1
860261,1129072,1
949311,1129120,1
869264,1301067,1
869265,1301121,1
869332,1301210,1
869407,1301289,2
869417,1301362,1
869334,1301395,1
869489,1301559,1
869419,1301586,1
869420,1301607,1
869423,1301864,1
869563,1302212,1
869427,1302334,1
869641,1302442,1
869498,1302456,1
869499,1302487,1
869567,1302578,1
869644,1302604,1
869501,1302614,1
869645,1302669,1
869432,1302746,1
869648,1302816,3
869505,1302866,1
869574,1302968,1
869575,1302997,1
945592,1303015,1
869653,1303038,1
869654,1303209,1
869655,1303261,1
869441,1303282,1
869442,1303387,1
869444,1303498,1
869582,1303505,1
869516,1303564,2
869584,1303582,1
948010,1303799,1
869586,1303800,1
953332,1303827,1
959910,1303865,1
869449,1304084,1
869665,1304244,1
869666,1304294,1
851337,1304454,1
869670,1304802,1
869672,1305057,1
869673,1305141,1
851475,1305388,1
869678,1305554,1
869535,1305606,2
869463,1305690,1
954840,1305950,1
869467,1305990,1
869608,1305997,2
869541,1306001,1
948016,1306005,1
869686,1306065,1
869612,130619,1
869690,1306304,1
869547,1306312,1
869692,1306455,1
869618,1306475,1
869478,1306484,2
869553,1306551,1
952993,1306731,1
869699,1306759,1
869626,1307005,2
953905,1307060,1
869559,1307084,1
955315,1307436,1
869706,1307489,1
869790,1307561,1
869791,1307607,1
869632,1307653,1
869718,1307712,1
869633,1307715,1
869635,1307997,1
869796,1308151,1
869722,130816,1
869941,1308300,1
869800,130838,1
869726,1308421,1
959819,1308439,1
869728,1308649,1
869729,1308791,1
869946,1308869,1
869947,1308916,1
869948,1308999,1
869808,1309058,1
869810,1309174,1
869877,1309223,2
869952,1309227,1
869953,1309283,2
869812,1309298,1
869879,1309346,1
869816,1309570,1
869885,130975,1
869819,1309764,1
869821,1309894,2
869963,1309973,1
869828,1310327,1
869755,1310361,1
869756,1310454,2
950126,1310465,1
869898,1310599,1
869835,1310692,1
869977,1310801,1
869766,1311045,1
869907,1311172,1
869982,1311192,1
959080,1311268,1
869908,1311270,1
869769,1311284,1
869909,1311291,1
869844,1311306,1
869770,1311311,1
869848,1311519,1
869774,1311523,3
869991,1311676,1
869851,1311678,2
869777,1311692,2
869779,1311836,1
869919,1311921,1
869996,1311967,1
869782,1312012,1
869921,1312032,1
869998,1312119,1
869786,1312271,1
869861,1312318,2
870004,1312489,1
870015,1312641,1
870019,1312891,1
869934,1312912,1
956748,1313022,1
869938,1313157,1
870025,1313248,1
870251,1313439,1
954176,1313474,1
945934,1313537,2
870253,1313611,1
870029,1313669,1
870255,1313747,1
870097,1313793,1
870174,1313865,1
870099,1313872,2
959136,1313883,1
870034,1313905,2
870259,1313970,1
955455,1313995,1
870176,1314006,1
870036,131403,1
951273,1314044,1
870102,1314087,1
870103,1314119,1
870039,1314236,2
870180,1314243,1
870265,1314308,1
870041,1314345,1
870267,1314442,1
954481,1314469,1
870109,1314542,1
870112,1314785,1
870048,1314942,1
870190,1315094,1
953435,1315137,1
870051,1315188,1
870276,1315279,1
870052,1315331,1
870118,1315388,1
949891,1315512,1
951736,1315901,1
870061,1316079,1
870065,1316447,1
870206,1316461,1
870134,1316639,1
870209,1316691,1
860184,1129344,1
860338,1129442,1
860266,1129471,1
860117,1129485,1
851135,1129507,1
860188,1129561,1
860341,1129596,2
860270,1129721,2
958776,1129953,1
860196,1130041,2
860278,1130147,1
860279,1130238,1
860354,1130390,1
860132,1130443,1
860356,1130524,1
860204,1130613,1
860286,113068,2
959196,1130689,1
860209,11309,1
860290,1130934,1
860513,1130992,1
860736,1131115,1
949120,1131182,1
860517,1131195,1
860518,1131235,1
860374,1131318,1
955502,1131331,1
860443,1131334,1
860522,1131353,1
860445,1131426,1
860527,1131603,1
860380,1131723,1
860381,1131852,1
860451,1131858,1
860532,1131958,1
860533,1131984,2
860756,1132056,1
860389,1132113,2
860538,1132162,1
860539,1132206,1
860392,1132294,1
860541,11323,1
860393,1132378,1
860762,113240,1
860465,1132549,1
860545,1132641,1
860397,1132673,1
950132,1133081,1
860771,1133110,1
860553,1133251,1
860476,113330,1
860555,1133336,2
860556,1133370,1
860408,1133371,1
949058,1133570,1
860780,1133575,1
860781,113365,2
860562,113368,1
860415,1133777,1
860784,1133785,1
860564,1133794,1
860785,1133834,1
860567,1133916,1
860420,113396,1
860571,1134139,1
860793,1134176,1
860497,1134337,1
860797,1134374,1
860800,1134529,1
860504,1134838,1
945358,1134931,1
860437,1134950,1
860506,1134956,1
860809,1135149,2
860591,1135169,1
860888,1135229,1
860592,1135246,1
860512,1135388,2
860891,1135575,1
860662,1135626,1
860597,1135753,1
860895,113587,1
860599,113588,1
860896,1135894,1
860819,1135949,1
860898,1135989,1
860900,1136155,1
860603,1136239,1
860604,1136282,1
949061,1136551,1
860906,1136615,1
860829,1136710,1
860609,1136750,1
860832,1136962,1
947516,1137000,1
860682,1137128,1
860834,1137147,1
860617,1137487,1
860916,1137573,1
860840,1137636,1
860918,1137668,2
860625,1138159,1
860846,1138167,1
860628,1138400,1
860696,1138410,1
860699,1138652,1
860930,1138688,1
860853,1138744,1
860932,1138889,1
860634,113891,1
860856,1139046,1
860938,1139357,1
949063,1139462,1
860861,1139466,2
860710,1139692,1
860644,1139799,1
860865,1139911,1
860713,1139979,1
860873,1140677,1
860652,1140719,1
860653,1140818,1
860659,1141259,1
860660,1141374,1
860883,1141482,1
860960,1141520,1
860961,1141590,1
860964,1141592,1
949065,1141621,1
860885,1141673,1
850844,1141683,1
860966,1141748,1
861040,1141883,1
861114,1141925,1
861042,1141979,1
860970,1142021,1
861116,1142024,1
861193,1142028,1
860972,1142335,1
861199,1142871,1
860978,1142968,1
860980,1143203,1
861126,1143206,1
861127,1143242,1
861055,1143294,1
861131,1143506,1
861058,1143540,1
861132,1143563,1
861209,1143568,1
861133,1143611,1
860991,1143948,1
949070,1144277,1
861001,1144582,1
861074,1144596,2
861148,1144617,1
861150,1144710,1
861005,1144851,1
861006,1144987,1
861152,1144999,1
861231,1145088,1
953523,1145247,1
947909,1145334,1
861084,1145447,1
861086,1145504,1
861160,1145556,1
949263,1145739,1
850317,1145827,1
861241,1145867,1
861091,1145970,1
861092,1146030,2
861167,1146189,1
861245,1146197,2
861095,1146208,1
952228,1146240,1
861168,1146269,1
861247,1146390,1
870135,1316698,2
870210,1316764,1
870295,1316774,1
870070,1316785,1
870137,1316938,1
870071,1316950,1
870297,1316989,1
870216,1317143,1
851519,1317554,1
870081,1317618,1
953203,1317682,1
870307,1317690,1
870149,1317723,1
870085,1317930,1
870086,1318007,1
870312,1318032,2
850646,1318178,1
870155,1318239,1
870315,1318311,1
870394,1318342,2
955070,1318418,1
870232,1318428,1
945844,1318485,1
870234,1318641,1
870161,131866,1
870162,1318690,2
870320,1318764,1
870401,1318876,1
870165,1318907,1
870404,1319152,1
870465,1319173,1
870547,1319651,1
870331,1319933,1
870408,1319939,1
950393,1319954,1
870550,132001,2
870556,1320717,1
870415,1320747,1
870478,1320750,1
870480,1320867,1
870563,1321363,1
951073,1321730,1
870567,1322025,1
870354,1322518,1
870575,1322697,1
870497,1322740,1
870498,132280,1
870580,132303,2
850674,132311,2
870503,1323217,1
870445,132369,1
870508,1323711,1
959788,1323797,1
870372,1324130,1
870373,1324219,1
953431,1324335,1
870375,1324394,2
945719,1324693,1
870599,1325289,1
870458,1325470,1
870522,1325510,1
870459,1325582,1
870523,1325589,1
870604,1325792,1
870527,132589,1
870605,1325899,1
870388,1325968,1
870607,1326334,1
951479,1326492,1
870620,1326578,1
949426,1326628,1
870623,1327034,1
870535,1327165,1
870627,1327530,1
950554,1327541,1
870630,1328012,1
959820,132814,1
870706,1328770,1
959633,1328983,1
953298,1329054,1
870852,1329372,1
870711,1329389,1
946568,1330007,1
870642,1330059,1
870647,1330702,1
870862,1330832,1
870651,1331269,1
870865,1331396,1
870653,133140,1
870791,1331408,1
870655,1331609,1
870795,1331800,1
870662,133234,1
870802,1332567,1
870739,1332854,1
870879,1332930,1
953082,1332990,1
950316,1333041,1
870807,1333105,1
870742,1333119,1
870672,1333336,1
870886,1333635,1
870675,1333696,2
870813,1333715,1
870888,1333878,1
870816,1334025,1
951069,1334063,1
948019,133435,1
870895,1334669,2
870684,1334689,2
870757,1334794,1
870758,133488,1
948029,1334957,1
851390,1334996,1
870903,1335312,1
870904,1335392,1
870918,1335478,1
870919,1335549,1
870912,133583,1
870925,1335882,1
870837,1335898,1
870926,1335914,1
870838,1335931,2
870840,133603,1
871005,1336292,1
870934,1336419,1
871151,1336457,1
871075,133650,1
871152,1336531,1
951752,1336599,1
871009,1336635,1
871011,1336756,1
871012,1336865,1
948032,1336926,1
871013,1337060,2
871015,1337231,1
871017,1337482,1
870945,13375,1
871086,1337624,1
871087,1337716,1
871090,1337879,1
871026,1338173,1
871171,1338194,1
870955,1338269,1
870956,1338344,1
871029,1338367,1
956808,1338526,1
871030,1338535,1
871032,1338727,1
871178,1339015,1
871102,133907,2
870963,1339129,1
851304,1339153,1
871180,1339159,1
870964,1339244,1
871181,1339254,1
953341,133929,1
870965,1339320,2
871040,1339592,1
871108,1339714,1
871187,1339773,1
870971,1339798,1
871111,1339873,2
870973,1339892,3
871052,1340195,1
871197,1340255,1
871054,1340311,1
870982,1340335,1
870986,1340797,1
871126,1340940,1
871204,1340975,1
946727,1341063,1
871062,134116,1
871129,1341207,1
871208,1341278,1
870992,1341302,1
861098,1146555,1
861251,1146741,2
861102,1146825,1
861030,1146835,1
861175,1146838,1
861254,1146899,1
861032,1146918,1
861177,114694,1
861178,1147014,1
861179,1147099,1
861257,1147117,2
861034,1147159,1
861108,1147204,1
861035,1147218,1
861181,1147220,1
861112,1147474,1
861267,1147493,1
861263,1147530,1
861113,1147558,2
861268,1147574,1
861488,1147671,1
861272,1147855,1
861275,1148079,1
861347,1148120,1
950022,1148206,1
861278,1148213,1
861497,1148230,1
950277,1148253,1
954371,1148357,1
861500,114838,2
861354,1148499,1
851106,1148587,1
861505,1148742,1
861357,1148760,1
861430,1148820,2
861507,1148822,1
861508,1148875,1
861292,1149014,1
952292,1149033,2
861435,1149065,1
861436,1149101,1
861513,1149109,2
861364,1149113,1
861514,1149154,1
861517,1149325,1
861441,1149405,2
861370,1149455,3
861443,114949,1
861445,1149541,1
861524,1149586,1
861375,1149649,1
861307,114968,2
861449,1149726,1
861451,1149813,2
861529,1149827,1
861452,1149846,1
861313,1149898,1
861382,1149907,1
861314,1149913,1
861533,1149924,1
947040,1150182,1
861320,1150190,1
861541,1150302,2
861324,1150379,1
861543,11504,1
954290,1150438,1
861469,1150507,2
952440,1150508,1
950656,1150557,1
950318,1150564,1
951300,1150597,1
861330,1150605,1
861549,1150641,1
950089,1150723,1
861403,1150887,1
861404,1150939,1
861336,1151004,2
861409,1151161,1
850672,1151218,1
861560,1151229,1
861565,1151287,1
861486,1151439,2
861788,1151450,1
861789,1151501,1
861790,1151550,1
861643,1151589,2
861792,1151605,1
861793,1151626,1
861573,1151651,1
861795,1151722,1
861647,1151744,3
861649,1151801,1
861577,1151813,2
861579,115186,1
861653,1151902,3
954744,1151940,1
861802,1151991,2
950402,1152095,1
861585,1152163,1
861731,1152174,1
861659,1152262,1
956873,1152456,1
861809,1152482,1
861810,1152511,1
945898,1152514,1
861590,1152561,1
861738,1152708,1
861742,1152946,1
861817,1152954,1
861597,1152973,1
861672,1153098,1
861751,1153426,1
861607,1153658,1
861828,1153678,2
945781,1153680,1
861755,1153851,2
861613,1154245,1
861614,1154303,1
861687,1154341,1
861688,1154395,1
861763,1154544,1
861690,1154613,1
861618,1154629,4
861691,1154646,1
861619,1154658,1
861840,1154660,2
861692,1154681,1
861622,1154852,1
861626,1155027,1
861772,1155049,1
861849,1155212,1
861632,1155409,2
861708,1155689,1
861636,1155690,1
954383,1155712,1
861710,1155890,1
861638,1155899,1
861860,1156031,1
861861,1156160,1
861786,1156220,1
862013,1156310,1
862015,1156533,1
861872,1156617,1
862098,1156755,1
862100,1156821,1
862101,1156938,1
861950,1157001,1
861951,1157054,1
862105,1157200,2
861885,115746,1
862030,115748,1
951018,1157588,1
862032,1157612,1
861958,1157624,1
861888,1157655,1
861889,1157724,1
862035,1157812,1
952343,1157952,1
959802,1158158,1
861966,1158163,1
862119,1158235,2
861968,1158308,1
862124,1158625,1
861899,1158660,1
862047,1158676,1
947652,1158752,1
861976,1158913,1
862053,1159121,1
862131,1159122,1
862132,1159154,1
862055,1159187,1
862133,1159194,1
861982,1159237,1
862138,1159439,1
861986,1159447,1
871135,1341612,1
871300,1341749,1
955179,1341830,1
871229,1341897,1
871231,1342110,1
871142,1342227,1
871221,1342263,1
871526,1342398,1
871146,1342442,1
871452,1342493,1
871238,1342525,2
871453,1342569,1
871240,1342658,1
871531,1342728,1
871532,134280,1
871242,1342843,1
871315,1342933,1
871460,1343029,1
871536,1343033,1
871537,1343118,1
871248,1343274,1
871539,1343367,1
851652,1343614,1
871254,1343866,2
871468,1343876,1
871545,1343905,1
871258,1344234,1
871472,1344238,1
871259,1344257,1
871551,1344361,2
871552,134447,1
871335,1344527,1
871264,1344596,1
871555,1344617,1
871265,1344662,1
871556,1344704,1
871557,1344790,1
871268,1344886,1
871559,1344985,1
954557,1344999,1
871561,1345224,1
871271,134525,1
871486,1345321,1
871274,1345571,1
871488,1345575,1
871349,1345728,1
871351,1345862,1
871279,1345897,1
946726,1346175,1
871573,1346200,2
871355,1346217,1
871497,1346262,1
871575,1346315,1
871576,1346402,1
871288,1346673,1
871503,1346772,1
871362,1346806,1
871290,1346810,1
871363,1346851,2
951088,1347008,2
871507,1347182,1
871508,1347212,1
952496,1347267,1
871297,1347355,1
871376,1347676,2
871591,1347758,1
871373,134776,1
871378,1347923,1
871379,1347977,2
871516,1348003,1
871602,1348099,2
950809,1348118,1
871382,1348247,2
871384,1348470,1
871599,1348539,2
871753,1348765,1
871388,1348797,1
871525,1348816,1
871677,1349022,1
871612,1349062,1
871393,1349469,1
871681,134949,1
958643,1349660,1
871760,1349661,1
871395,1349697,1
871761,1349700,1
871396,1349768,1
951112,1349802,1
948038,1349809,1
871685,1349854,1
871621,134997,1
871765,1350062,1
871769,1350394,1
871404,1350429,1
871405,1350571,2
851323,1350700,1
952197,1350762,1
871630,1350768,1
871408,1350961,1
871696,1350988,1
871777,1351460,1
871779,1351643,2
871636,1351657,1
871637,1351687,1
871783,1351958,1
871423,1352550,1
871711,1352552,1
871424,1352578,1
871647,1352642,1
948040,1352727,1
871795,1352964,1
871796,13530,1
871430,1353016,1
871799,135326,1
871655,1353454,1
871800,1353519,1
871434,1353602,1
946132,1353755,1
871437,1353963,1
958892,1354035,1
871663,1354368,1
871443,135472,2
945816,1355214,1
871814,135523,1
946542,1355384,1
871818,1355614,1
871676,1355785,1
871833,1355967,1
949997,1356138,1
871744,1356150,1
871824,1356172,1
871749,1356728,1
871915,1356895,1
871916,1357157,1
952690,1357242,1
871980,1357263,1
871917,1357373,2
871984,1357649,1
871923,1357881,1
871851,1357916,1
871925,1358041,1
871853,1358049,3
871854,135818,1
872218,1358477,1
871856,1358533,1
871857,1358620,1
945761,1358635,1
872223,1358802,2
871861,135884,1
871997,1358883,2
945551,1359196,1
872227,1359263,1
871937,1359278,1
950130,1359329,1
872001,135934,1
871939,1359637,1
872230,1359682,2
871940,135970,1
947375,1359740,1
871871,1359970,1
871872,1360019,1
946876,1360087,1
950641,1360214,1
872009,1360289,1
851308,1360492,2
872239,1360558,1
950737,1360621,1
958919,1360695,1
872013,1360709,1
872241,136072,2
871950,1360729,1
872242,1360848,1
872244,1360986,1
871882,1361002,1
872245,1361079,1
861913,1159476,1
862061,1159479,1
862139,1159480,1
862062,1159501,1
862065,1159636,1
862145,1159730,1
862149,1159947,1
861924,1159949,1
862072,1159955,1
861998,1159963,1
862073,1159976,1
861999,1159979,1
862074,1159985,1
862152,1159989,1
861927,1160005,1
862001,1160038,1
861928,1160044,1
862002,1160155,1
862077,1160177,1
861930,1160196,1
862158,1160276,1
862161,1160359,1
862010,1160392,1
862314,1160435,2
862012,1160454,3
947931,1160482,1
862390,116058,1
862316,1160623,1
950621,1160647,1
862164,1160671,1
862239,1160691,1
862165,1160726,1
862241,1160756,1
862320,1160775,1
862167,1160781,1
862322,1160931,1
862402,116137,1
862176,1161471,1
862251,1161477,2
862178,1161533,1
862333,1161609,2
950149,1161834,1
947058,1161890,1
862410,1161930,1
862185,1162107,4
862260,1162127,1
862343,116244,1
951477,1162632,1
862348,1162805,1
862270,1162813,1
862196,1162851,1
862351,1163016,1
862275,1163145,1
862201,116320,2
862276,1163204,1
862430,1163289,1
862431,1163299,1
956879,1163421,1
862433,1163562,1
862360,1163602,1
862435,1163621,1
862437,1163772,1
862365,1163815,1
862212,1163860,2
947157,1163861,1
862216,1164046,1
862291,1164056,1
862443,1164059,1
862292,1164083,1
862444,1164111,2
862220,1164386,1
862374,1164407,1
862297,1164550,2
862298,1164719,1
862299,1164752,2
862226,1164789,1
862382,1164875,1
862228,1164880,2
862457,1164917,1
862459,1164976,1
862616,1165405,2
862617,1165438,1
862467,1165458,2
862619,1165556,1
952368,1165688,1
862473,1165737,1
862546,1165741,1
862474,1165759,1
862625,1165769,1
956618,1165812,1
862548,1165918,2
951871,1165943,1
950843,1166050,1
862628,1166064,1
862629,1166123,1
862480,1166172,2
950846,1166203,1
946226,1166267,1
862704,1166272,1
862483,1166273,1
862485,1166351,1
862636,1166355,1
862707,1166495,1
947938,1166521,1
862708,1166617,1
862490,1166705,1
862493,1166798,1
862645,1166889,1
862717,1166900,1
862496,1166912,1
862497,1166942,1
862647,1166948,1
862498,1166975,1
862720,1166996,1
862721,1167009,1
954556,1167043,1
862651,1167048,1
862502,1167075,1
947945,1167088,1
862653,1167094,1
862726,1167152,1
862506,1167240,2
862508,1167317,1
862580,1167326,1
862510,1167372,1
851208,1167381,2
862581,1167384,1
950646,1167414,1
862733,1167426,1
862662,1167494,1
862663,1167507,1
862516,1167541,1
862739,1167726,2
862589,1167785,1
862669,1167838,1
862591,1167848,1
862521,1167864,1
862522,1167891,1
862523,1167917,1
862673,1167992,1
946227,1167998,1
862596,1168049,1
862747,1168074,1
862678,1168328,1
862531,1168399,1
862602,1168412,2
947464,1168446,1
862682,1168484,1
862534,1168512,1
862536,1168589,2
862764,1168811,1
862766,1168892,1
862915,116895,1
862917,116912,1
862920,1169225,2
862921,1169259,1
862994,1169287,1
862923,1169315,1
862847,1169325,1
862924,1169333,2
862997,1169346,2
862999,1169411,1
947143,1169461,1
947948,1169503,1
862855,1169607,1
862787,1169674,1
862859,1169744,1
862938,1169898,1
862942,1170074,1
862866,1170080,1
863015,1170084,1
862870,1170304,1
862947,1170317,1
862872,1170368,1
862949,11704,1
871954,1361096,1
871883,1361099,2
871955,1361131,1
948067,1361545,1
872249,1361562,1
871958,1361565,1
872250,136166,1
871888,1361730,1
872023,1361766,2
872025,1361947,1
872253,1361954,1
957149,1361964,1
871962,1361976,1
956872,1362090,1
872027,1362128,2
872255,1362169,1
871965,1362281,1
871967,1362435,1
872259,1362506,1
871897,1362583,1
872032,1362605,1
871969,1362656,1
871901,136286,1
872264,13629,1
872039,136307,1
872267,1363095,1
871976,1363108,1
946433,1363321,1
872270,136340,3
872057,1363435,1
872271,1363462,1
947486,1363540,1
955370,1363583,1
872045,1363594,1
872360,1363663,2
872361,1363706,1
952714,1363717,1
872276,1363926,1
872277,1364021,1
872066,1364166,1
872280,1364183,1
958802,1364381,1
872370,1364580,1
954833,1364604,1
953907,1364627,1
872133,1364635,1
872374,1364829,1
872075,1364873,1
872076,1364928,1
872077,1365004,1
872139,1365084,1
872078,1365171,1
872294,1365326,1
872081,1365427,1
872143,1365443,1
851022,1365704,2
872299,1365716,2
872147,1365768,1
872149,1366126,2
872150,1366284,1
948069,1366292,1
954377,1366299,1
872390,1366680,1
872305,1366744,1
872391,1366773,1
947254,1366800,1
958323,1367130,1
872396,1367501,2
952816,1367516,1
872158,1367590,1
872159,1367637,2
872099,1367673,1
872160,1367693,1
956945,1367761,1
872100,1367766,1
872400,1367837,1
872101,1367897,1
872162,1367915,2
872163,1367943,1
872402,1367964,1
872318,1368109,1
872404,1368133,1
872105,1368158,1
872106,1368258,2
952442,1368356,1
948041,1368702,1
872110,1368900,2
958798,1369194,1
872112,1369199,1
872174,1369281,1
872328,136936,1
872415,136948,3
872176,1369525,1
950055,1369550,1
872331,1369749,1
950683,1369774,1
947246,1369806,1
872178,1369943,1
872119,1370041,1
872120,1370184,1
872334,1370219,1
949146,1370265,1
872335,1370306,1
872123,1370475,1
872183,1370500,1
872423,1370514,1
872338,1370584,1
872339,1370647,1
872187,1370796,1
872428,1370890,1
851123,1371131,1
951056,1371194,1
872432,1371349,1
872195,1371491,1
872349,1371495,1
872199,1371725,2
872516,1371800,1
872443,1371812,1
872355,1371846,1
945507,1371910,1
872518,1371968,1
872445,1371977,2
872357,1372039,1
872519,1372045,1
872204,1372114,1
872358,1372119,2
872447,1372136,1
959221,1372319,1
872589,1372536,1
872452,1372551,1
872590,1372567,1
952139,1372568,1
872454,1372801,1
872528,1372843,1
872529,1372909,2
947807,1373035,1
951163,1373085,1
872531,1373128,1
872458,1373132,2
872532,1373208,1
872533,1373287,1
872461,1373311,1
872599,1373346,1
948046,1373374,1
872674,1373380,1
872534,1373392,1
872535,1373473,1
951318,1373524,1
953882,1373531,1
872601,1373543,1
872536,1373583,2
872538,1373836,2
951706,1373865,1
872539,1373907,1
872468,1373968,2
952571,1374157,1
959094,1374200,1
872682,1374218,1
872470,1374249,1
872471,1374292,1
872684,1374366,1
872545,1374442,1
851217,1374482,1
872686,1374500,1
872475,1374573,1
956771,1374814,1
872479,1374918,1
872692,1374951,1
872553,1375051,2
872618,1375175,1
951260,1375178,1
872694,1375184,1
872696,1375295,1
872484,1375356,1
872557,1375446,1
862803,1170432,1
862874,1170438,1
862804,1170613,1
862952,1170634,2
862876,1170653,1
863026,1170685,1
863028,1170733,2
863030,1170827,3
862963,1171143,2
863036,1171167,2
947958,1171172,1
862888,1171179,1
863037,1171197,1
862965,1171207,1
862966,117122,1
863040,1171323,2
862821,117135,1
862892,1171368,2
863042,1171432,1
862971,117149,1
851514,1171647,1
850919,1171652,1
862898,1171755,1
862976,1171787,1
862830,1171797,1
863049,1171815,1
862902,1172057,1
947959,1172061,1
862834,1172080,1
862903,1172094,1
863054,1172135,1
863055,1172195,1
862837,1172198,1
863056,1172210,1
862908,1172285,1
863063,1172372,1
863136,1172386,1
863065,1172419,1
863066,1172479,1
863141,1172704,1
863070,1172786,1
863071,1172827,1
863072,1172871,1
863295,1172942,1
863220,1173008,1
863147,1173040,1
863075,1173047,1
863297,1173059,1
863076,1173088,1
947915,1173131,1
863151,1173246,1
950112,1173723,1
863085,1173767,1
863159,1173844,2
863089,1173951,2
953646,1174071,1
863237,1174159,1
863092,1174208,1
863314,1174254,1
863094,1174305,1
863316,1174320,1
863168,1174505,2
863096,1174511,1
863170,117463,3
863244,1174648,2
863245,1174680,1
863100,1174771,1
863322,1174805,1
863176,1174970,2
958509,1174971,1
863329,1175277,1
863180,1175279,1
863254,1175293,1
863181,1175309,1
863255,1175317,1
863110,1175450,1
863331,1175465,1
863183,1175492,1
863257,1175532,2
863185,1175564,1
863334,1175578,1
863114,1175595,1
953685,1175688,1
863116,1175843,1
863263,1175848,1
863190,1175883,1
951990,1175929,1
863341,1176082,1
863268,1176231,1
863124,1176432,1
950407,1176651,1
947492,1176786,1
863202,1176875,1
863129,1176887,1
863277,1176964,1
863130,1177001,1
863278,1177005,1
863280,1177128,2
851259,1177156,1
863134,1177178,1
863356,1177180,1
863357,1177189,1
863360,1177397,1
863439,1177398,1
947708,1177589,1
863593,1177604,1
863594,1177719,1
863371,1177762,1
863596,1177790,1
863597,1177842,1
863520,1177876,1
863521,1177932,1
863599,1177957,1
863523,1178184,1
863603,1178303,1
863604,1178348,1
863454,1178452,1
863380,1178485,1
947933,1178492,1
863605,1178518,1
863606,1178552,2
863383,1178634,1
863386,1178936,1
863461,1179020,1
863464,1179235,1
863537,1179241,1
947934,1179361,1
863394,1179498,1
863395,1179557,2
863397,1179809,2
951042,1179880,1
863474,1179954,1
863400,118002,1
955161,1180120,1
863402,1180154,2
863405,1180289,1
863553,1180414,1
863632,1180538,1
863633,1180692,1
863556,1180752,1
863411,1180841,2
863560,1180949,1
863414,1180999,1
863490,1181089,1
863644,1181565,1
863645,1181586,1
863495,1181593,1
863422,1181753,1
863569,1181771,2
863499,1181973,1
863572,1182006,1
863653,1182277,1
863576,1182351,2
947939,1182451,1
863434,1182775,1
863435,1182840,1
851110,1183031,1
863668,1183038,1
863669,1183108,1
863671,1183218,1
950511,1183227,1
954912,1183292,1
863675,118367,1
863676,1183843,3
954185,1183855,1
863677,1183865,1
863825,1184034,1
863681,1184070,1
863827,1184109,1
956834,1184152,1
863906,1184171,1
863907,1184232,1
863760,1184516,3
863761,1184571,1
863687,1184664,1
872487,1375654,1
872560,1375672,1
872561,1375726,1
872626,1375765,1
872490,1375832,1
872563,1375896,1
949760,1376092,1
872705,137611,1
872568,1376353,1
872569,13764,1
872497,1376404,1
872570,1376423,1
950305,1376443,1
954532,1376531,1
872500,1376625,2
872501,1376676,1
872715,137674,1
872716,1376810,1
872576,1376865,1
872641,1376932,1
872580,1377259,1
872645,1377315,1
872726,1377762,1
872741,1377805,1
872742,1377911,1
872656,1378177,1
872732,1378199,1
953214,1378493,1
872965,1378582,1
872966,1378663,1
953656,1378712,1
949391,1378765,1
955497,1379032,1
872969,1379051,1
872830,1379054,1
957267,1379295,1
872973,1379438,1
872898,137951,1
954778,1379655,1
872837,1379795,1
948060,1380087,1
952449,1380094,1
872840,1380107,1
872767,1380196,1
946602,1380214,1
872843,138034,2
947176,1380373,1
872844,1380382,1
872772,1380655,2
872910,1380657,2
872985,1380660,1
872773,1380674,1
872912,1380761,1
851062,1380981,1
872777,1381106,1
872990,1381200,1
872991,1381268,1
872780,1381353,1
872781,1381430,3
872993,1381455,1
872858,1381709,1
955078,1381713,1
872923,1381851,1
872997,1381852,1
950835,1382545,1
873004,1382590,1
872794,138270,1
872932,1382706,1
873006,1382767,1
872867,1382770,1
872868,1382807,1
872870,1383123,1
872798,1383250,2
873010,1383256,1
872800,1383522,1
872938,1383536,1
872806,1384034,1
873018,1384180,1
872879,1384226,1
872880,1384377,1
872881,1384455,1
872947,1384608,2
872883,1384702,1
872885,1384903,1
873027,1385200,1
872888,1385239,1
872953,1385298,1
873028,1385341,1
873041,1385386,3
873042,1385659,1
873116,1385771,1
945434,1385974,1
873117,1386063,1
873034,1387014,1
872963,1387161,1
873036,1387196,1
949220,1387454,1
873051,1387514,1
873264,1387995,1
873054,1388021,1
873190,1388109,1
873130,1388245,2
873267,1388518,1
873132,1388623,1
873269,1388687,1
873272,1388985,1
873139,1389365,2
948070,1389462,1
873140,1389484,1
873141,1389621,1
948071,1389633,1
873278,1389904,1
873204,1389972,1
873205,1390229,1
873280,1390347,1
873206,1390457,1
873071,1390526,1
873210,1390813,1
873285,1390864,1
873149,1390883,1
873075,1390930,1
950490,1390943,1
873286,1391076,1
946414,1391241,1
873288,1391313,1
873215,1391514,1
873080,1391669,1
873217,1391708,1
873219,1391916,2
873294,1392011,1
954365,1392268,1
873296,1392274,1
873223,1392467,1
873298,1392479,1
873160,1392480,1
873224,1392516,1
873090,1392822,1
873226,1392954,1
873302,1392990,1
873164,1393016,1
873093,1393165,1
851046,1393320,1
873229,1393347,1
873230,1393392,1
873231,1393489,2
873097,1393541,1
873098,1393652,1
873233,1393662,1
873310,1393974,1
873100,1394060,4
958519,1394136,1
873312,1394239,1
873175,1394677,1
873243,1395026,2
873245,1395343,3
873321,1395461,1
873411,1396387,1
873333,139683,1
873349,139707,2
873420,1397281,1
873490,1397602,1
949305,1397948,1
873359,1398031,1
873496,1398100,1
873365,1398358,1
873576,1398364,1
873366,1398463,1
873436,1398684,1
873579,1398702,1
873580,1399030,1
873506,1399157,1
873582,1399238,1
873372,1399255,1
873507,1399261,1
873584,1399395,1
863911,1184718,2
863835,1184788,1
863837,1185108,2
863915,1185109,1
863692,1185123,1
863839,11852,1
863768,1185218,1
863694,1185230,1
947448,1185498,1
950629,1185632,1
863922,1185963,1
863699,1186006,2
863927,1186285,1
863704,1186294,1
952757,1186370,1
863852,1186477,1
863931,1186599,2
863708,1186621,1
863933,1186745,1
863856,1186828,1
863711,1186882,1
863786,1186952,1
863936,1186995,1
863859,1187074,1
863789,1187145,1
863792,11874,1
863864,1187419,1
863942,1187443,1
953114,1187663,1
850974,1187676,2
863799,1187855,1
863727,1187997,1
863873,1187998,1
863802,1188055,1
863803,1188179,1
863876,1188215,1
863731,1188241,2
863877,1188250,1
863807,1188346,1
863734,1188418,1
863960,1188573,1
863812,1188581,1
863813,1188662,1
863814,1188708,1
863886,1188728,1
863963,1188729,1
863815,1188733,1
863891,1188959,1
864276,1189001,1
863969,1189097,1
864277,1189180,1
863893,1189202,1
863894,1189257,1
863895,1189273,1
864125,1189280,1
863978,1189356,1
864282,1189400,1
864129,1189536,1
864130,1189616,1
864134,1189815,1
864057,1189867,2
864291,1189897,1
864058,1190030,1
864059,1190097,2
864294,1190168,2
864140,1190197,1
864295,119020,1
864296,1190261,1
864297,1190450,1
864065,1190561,1
864146,1190754,1
863999,1190881,1
864000,1191007,1
945430,1191036,1
864304,1191107,2
864001,1191176,1
864073,1191265,3
864307,1191300,1
864006,1191511,1
864079,1191742,2
864010,1191771,1
864080,1191801,2
864315,1191891,1
864014,1192001,1
950384,1192040,1
864016,1192210,1
864087,1192308,1
864088,1192402,1
864019,1192458,1
955492,1192460,1
864323,1192482,1
864090,1192573,1
959865,1192795,1
864093,1192918,1
864329,1193189,1
864178,1193574,1
956885,1193656,1
864033,1193829,1
864182,1193883,3
864337,1193896,2
864342,1194160,3
864348,1194494,2
864115,1194508,1
864194,1194519,1
864195,1194538,1
864198,1194665,1
864205,119473,1
864121,1194734,1
864426,1194818,1
864208,1194931,1
864354,1195053,1
864433,119527,1
864515,1195397,1
864436,1195437,1
864516,1195454,1
864360,1195481,1
864517,1195526,1
864361,1195629,2
956895,1195707,1
864219,1195721,1
864440,1195843,1
864221,1195868,1
954363,1195967,1
864226,1196051,1
864527,1196156,1
864450,1196428,1
864453,1196639,2
864454,1196802,1
864379,1196932,1
864457,1196965,1
946956,1196971,1
864382,1197127,2
946003,1197366,1
864384,1197406,1
864541,1197446,1
864242,1197512,1
864462,1197563,1
864386,1197611,1
864544,1197761,1
864391,1198023,1
864249,1198079,1
864251,1198310,1
864394,1198339,1
864553,1198409,1
959436,1198633,1
864399,1198716,2
864401,1198816,1
864559,1198828,1
949675,1198952,1
864403,1199049,1
864262,1199078,1
864482,1199090,1
864483,1199105,2
864265,1199271,1
864269,1199602,1
864411,1199626,1
864412,1199687,1
864271,1199760,1
864272,1199860,1
864273,1200058,1
864416,1200077,1
864417,1200128,1
864579,1200247,1
864497,1200286,1
864577,1200292,1
864580,1200313,1
864731,120048,1
864501,1200561,1
864584,1200580,1
864806,1200671,2
864587,1200919,1
864657,1200949,1
864738,1201032,2
864817,1201417,2
864666,1201554,1
873509,1399474,1
951587,1399543,1
873585,1399544,1
873444,1399665,1
873587,1399740,2
873447,1400007,1
873514,1400180,1
873449,1400280,1
873516,1400433,1
947544,1400456,1
873453,1400731,1
873596,1400826,1
873520,1400894,1
873455,1400916,1
873461,1401338,1
873394,1401398,2
873528,1401401,1
873533,1401826,2
873534,1401846,1
851128,1401912,1
873612,1401974,1
873537,1402080,1
873404,1402164,1
873616,1402181,1
873474,140220,1
873540,1402206,2
873406,1402310,1
873541,1402326,1
873620,1402549,1
873408,1402641,1
873409,1402770,1
873623,1402782,2
873410,1402834,1
950422,1402835,1
873644,1403410,1
873647,1403609,1
873650,1404010,2
952383,1404267,1
873721,1404335,1
873654,1404570,1
873788,1404806,1
873726,1404912,1
873657,1404914,1
851224,1404925,1
873791,1405047,1
873659,1405071,2
873792,1405078,1
946644,1405234,1
873662,1405318,1
873732,1405453,1
873796,1405498,2
873733,1405504,1
959439,1405930,1
959632,1406106,1
873800,1406116,1
873737,1406132,1
873669,1406213,1
873876,1406222,1
947171,1406250,1
873740,1406349,1
949790,1406412,1
873672,140658,1
873879,14066,1
873805,1406605,1
873673,1406721,1
873743,1406810,1
873744,1406935,2
873676,1407045,1
873885,1407264,1
873812,1407377,1
873680,1407508,1
873751,1407720,1
873890,1407728,1
873685,140800,1
873756,140810,1
873895,1408155,2
873821,140817,1
956634,1408298,1
873822,1408335,1
873690,1408758,1
873824,1408848,1
873761,1409165,1
873693,1409494,1
873828,140986,1
850850,140997,1
873766,1410174,1
873696,1410178,1
873906,1410394,1
873833,1410585,1
873699,141062,1
873700,141074,1
873835,1410834,2
850938,1410998,1
873773,1411109,1
873704,141111,2
873774,1411268,1
873913,141129,2
873840,1411311,1
873706,141140,1
873777,1411627,1
873710,1412000,1
873848,1412342,1
873780,1412344,1
873849,1412550,1
959311,1412762,1
873940,1412792,1
873924,1412851,1
873925,1412928,1
873852,1412929,1
874009,1412938,2
874010,1413211,1
873855,1413412,1
873857,1413637,1
873948,1414047,1
950658,1414217,1
873950,1414247,1
874021,141462,2
874088,1414665,1
874168,1414695,2
874023,1414707,1
873957,1414885,1
873958,141499,1
874171,1415038,1
874173,1415152,1
874095,1415264,2
953928,1415478,1
945315,1415540,1
873964,1415616,1
874098,1415637,1
850751,1415666,1
874099,1415685,1
873967,1415959,1
874102,1415965,1
874181,1415972,1
874038,1416240,1
873971,1416360,2
874108,1416675,1
874109,1416984,1
874187,1417041,1
874190,1417515,1
874191,1417578,1
874047,1417579,1
874192,1417630,1
874115,1417686,1
874194,1417865,1
874050,1417878,1
851023,1417944,1
873983,1418116,1
874120,1418268,1
874121,1418456,1
874122,1418628,1
873988,1418735,1
874203,1418946,1
874060,1419267,1
851267,1419292,1
873993,141966,1
874064,1419817,1
873994,1419851,1
873995,142004,1
949353,1420112,1
874136,142066,1
874137,1420768,1
874218,1421086,1
874076,1421148,2
874006,142115,2
874220,1421477,1
874221,1421587,2
874079,1421660,1
951634,1421693,1
874223,142182,1
954406,1421991,1
874085,1422204,1
874238,1422639,1
874232,1422683,1
874394,1422800,1
874156,1422952,1
864820,1201624,1
864748,1201626,1
864822,1201815,2
958672,1201862,1
864750,1201874,1
946283,120205,1
864603,1202129,1
958905,1202216,1
864826,1202270,1
864830,1202716,1
959809,1202717,1
864610,1202859,1
864832,1202899,1
864612,1203008,1
864836,1203244,1
864764,1203248,1
864617,1203340,1
864842,1203680,1
949647,1203681,1
864621,1203698,1
864623,1203900,1
864773,1203984,2
864846,1204022,1
864776,1204216,1
864697,1204466,1
864630,1204514,1
864852,1204532,2
864634,120477,1
864702,1204774,1
864857,1204815,1
864859,1205111,1
864787,1205125,1
864860,1205248,1
864864,1205512,2
864793,1205711,1
864795,1205806,1
864714,1205894,2
953869,1206003,1
864648,1206342,1
864649,1206394,2
953619,120642,1
864651,1206658,2
864720,1206659,1
864803,1206799,1
865111,1206961,1
864961,1207101,1
949481,1207316,1
864728,1207332,1
865115,1207353,1
864964,1207357,1
865116,1207427,1
864882,120755,2
864884,1207641,1
865120,1207670,1
864885,1207701,1
951059,1207705,1
865042,1207747,1
865043,1207811,3
959053,1207885,1
864890,1207970,1
865047,1208133,2
865127,1208141,1
864892,1208153,1
865049,1208204,1
865050,1208323,1
865132,1208657,1
864897,1208693,1
865055,1208804,1
865135,1208813,1
864906,1209333,1
864992,1209442,1
865065,1209641,1
865145,1209730,2
864994,1209731,1
864995,1209871,1
946322,1209951,1
865148,1210040,2
864913,1210155,1
865001,1210310,3
959005,1210536,1
865076,1210660,1
865077,1210767,1
865008,121103,1
865009,121115,1
865011,1211303,1
865164,1211525,1
865013,1211543,1
865166,1211819,1
864931,1211827,1
947990,1211832,1
865016,1211866,1
947992,1212005,1
865170,1212058,1
864935,1212098,1
865171,1212133,1
865175,1212612,1
957060,1212661,1
865096,1212687,1
864943,1212898,1
865031,1213247,1
954428,1213515,1
865106,1213557,1
865188,1213573,1
945729,1213624,1
864954,1213952,1
865191,1213976,1
865339,1214071,1
865420,1214198,1
865195,121420,1
865422,1214386,2
865198,1214566,1
951726,1214747,1
865429,1215019,1
865203,1215021,1
947974,1215034,1
959505,1215057,1
865430,1215082,1
865204,1215108,1
865206,1215430,1
865434,1215699,1
865356,1215811,1
865436,1215813,1
865210,1215829,1
959083,1216177,1
865362,1216403,1
865444,1216583,1
957096,1216616,1
865366,1216869,2
865287,1216899,1
865221,1216968,1
865451,1217258,1
865456,1217595,1
865377,1217633,2
865379,1217833,2
865238,1218436,1
865386,1218570,1
865387,121871,1
865308,1218734,1
865388,1218775,1
865389,1218891,1
865469,1218894,1
865243,1218896,1
865245,1218941,1
865392,1218973,2
865247,1219070,1
865394,1219113,1
949168,1219135,1
865477,1219251,1
865251,1219253,1
865318,1219277,1
865479,1219397,1
865400,1219423,1
865480,1219426,1
865254,1219460,1
865403,1219556,1
865483,121956,1
947034,1219641,1
865258,121973,2
865405,1219744,1
865485,1219746,1
865260,1219780,1
865486,1219791,1
865262,1219895,1
865329,1219898,1
951401,1219969,1
865638,1219996,1
954563,1220045,1
865639,1220111,1
865640,1220167,1
949865,1220204,1
865641,1220213,1
865493,1220229,1
865412,1220261,1
865495,1220399,1
865336,1220403,1
874240,1423006,1
874395,142301,1
874157,142305,1
874158,142323,1
874397,1423376,1
850949,1423435,1
952275,1423468,1
874398,1423511,1
874247,1423797,3
874314,1423977,1
874248,142398,1
954118,1424048,1
874459,142405,2
874407,1424313,1
874320,1424327,1
874321,1424395,1
874465,1424728,1
874412,1424919,1
874468,1424944,1
874326,1424959,1
874414,1425137,1
874327,1425188,1
874471,1425210,2
874328,1425230,1
874264,1425323,1
874330,1425402,1
874474,1425415,1
874420,1425584,1
874476,1425587,1
951375,1426147,1
874338,1426261,1
874427,1426431,1
874275,1426504,1
874276,1426549,1
874485,1426589,1
874277,1426615,1
950282,1426637,1
874429,1426643,1
874431,1426976,1
874345,1427112,3
874280,1427114,1
950634,1427157,1
949131,1427246,1
874491,1427386,1
874435,1427413,1
874438,1427649,1
874353,1427807,1
952768,1427862,1
950896,1427889,1
874356,1428223,1
874358,142840,1
874445,1428563,1
874359,1428576,1
955356,1428593,1
947582,1428886,1
958450,1429479,1
874510,1429666,1
874367,1429730,1
874368,1429793,1
874303,1429865,1
874531,1429879,1
874514,1429984,2
874305,1430085,2
874307,1430363,1
874604,1430494,1
874522,1430896,2
874541,1430966,1
874609,1431036,1
874381,1431067,1
874610,1431079,1
874525,1431098,1
874527,1431342,2
874613,1431383,2
874545,143140,1
874547,1431596,1
874679,1431716,1
874761,1431719,1
874680,1431785,1
874762,1431805,1
874550,1431883,2
874764,1432092,1
874620,1432127,1
874621,1432315,2
874767,1432451,1
874555,1432535,2
874686,1432536,1
874557,1432700,1
874626,1432961,1
874559,1432985,1
874692,143335,2
874562,1433394,1
874631,1433510,1
874698,1433872,1
874700,143409,3
874702,1434276,1
874783,143433,1
947787,1434338,1
874639,1434347,1
874784,1434360,1
874572,1434378,1
874786,1434512,1
956892,1434550,1
874706,1434554,2
874788,143465,2
874576,1434714,1
874645,1434778,1
874710,1434910,1
874647,1434927,1
945874,1435119,1
874581,1435187,1
874715,1435296,1
874584,1435329,1
874654,1435507,1
874804,1435868,1
874660,1435876,1
874805,1435934,2
954616,1436091,1
874725,1436158,1
874806,1436188,1
874664,1436287,1
874596,1436423,1
874729,1436430,1
874666,1436516,1
874731,1436629,1
874813,1436753,1
874814,1436903,1
956667,1436949,1
874670,1436954,2
874602,143707,1
874735,1437077,1
874603,1437114,1
874736,1437129,1
874833,1437456,1
874834,1437502,1
874678,1437734,1
874906,1437880,1
874824,1437931,1
874907,1437990,1
874839,1437997,1
874840,1438104,1
948102,1438256,1
874826,1438295,1
874827,1438390,1
874842,1438466,1
874843,1438535,1
956700,1438630,1
874830,1438685,1
874912,1438702,1
874916,1439139,1
875058,1439182,2
874917,1439193,1
948103,1439458,1
874852,1439515,2
875061,1439607,1
949598,1440214,1
874987,1440241,1
946550,1440260,1
874926,1440308,1
874988,1440347,1
874992,1440642,1
874993,1440705,1
874933,1440988,1
874867,1441001,1
875076,1441063,1
874868,1441069,1
875077,1441261,1
947432,1441417,1
874872,1441763,1
875001,1441778,1
874876,1442365,1
875006,144248,1
874878,1442508,1
875088,1442721,1
874882,1442885,3
875091,1443019,1
865644,1220418,1
865646,1220506,2
865565,1220667,1
945622,1220689,1
865567,1220791,1
865721,1220805,2
865650,1220806,1
865570,1220952,1
865575,1221310,1
865658,1221342,2
865576,1221362,1
865511,1221477,1
951254,1221524,1
865734,1221573,1
865581,1221705,1
865737,1221885,2
865738,1221937,1
950342,1222003,1
865739,1222014,1
865668,1222021,2
865669,1222075,1
865519,1222145,1
949374,1222161,2
865522,1222317,1
865590,1222334,2
865744,1222335,1
865673,1222353,2
865523,1222369,1
865674,1222407,1
865593,1222482,1
865594,1222513,1
954758,1222575,1
865598,1222846,1
865683,1222954,1
865601,1223011,1
865755,1223021,2
865684,1223022,1
865602,1223044,1
865756,1223048,1
865535,1223050,1
865686,1223080,1
865687,122310,3
865537,1223102,1
865605,1223108,1
865760,1223170,1
865607,1223189,1
850667,1223312,2
865610,1223391,1
865764,1223405,1
865695,1223538,2
865767,1223597,1
865769,1223769,1
865699,1223817,1
851594,1223929,2
865705,1224154,1
959197,1224313,1
865708,1224352,1
865709,1224449,1
865626,122449,1
865561,1224672,2
958459,1224680,1
865630,1224801,1
865786,1225051,1
865635,1225202,3
865789,1225210,1
866021,1225262,1
865872,1225428,1
865793,1225442,1
955112,1225452,1
866026,1225641,2
865797,1225692,1
865879,1225890,1
865947,1225897,1
865948,1225936,1
865882,122599,1
865883,1226038,1
865803,1226146,1
865804,1226198,2
866038,1226382,1
865960,122649,1
866043,1226528,1
866044,1226592,1
866045,1226631,2
951650,1226642,1
865815,1226678,2
865896,122671,1
865964,122674,1
865818,1226870,1
865900,1226990,1
949661,1227175,2
866053,1227260,1
866056,1227478,1
865825,1227511,1
866058,1227567,1
865908,1227576,1
865910,1227786,1
866061,122781,1
866062,122786,1
865915,1228044,1
865834,1228156,1
866067,1228301,1
865918,1228494,1
865920,1228577,2
865988,1228605,1
865921,1228693,1
866074,1229118,1
865925,1229245,1
950719,1229427,1
866079,1229755,1
865929,1229758,1
866002,1230051,1
959744,1230091,1
866089,1230443,2
866091,1230562,1
866009,1230648,1
947257,1230744,1
866094,1230764,1
866011,1230833,1
866012,1230936,2
866175,1231175,1
866177,1231347,2
866102,1231360,1
866250,1231641,1
866182,1231767,1
866184,1231850,2
866334,1232056,1
866114,1232141,2
866337,1232232,1
866338,1232278,1
866265,1232465,1
866196,1232488,1
866266,1232495,1
866342,1232507,1
866343,1232573,2
866269,1232636,1
866125,1232671,1
866270,1232688,2
866348,1232806,2
866204,1232842,2
866129,1232862,3
866130,1232955,3
866275,1232963,1
959063,1232964,1
866208,1233154,1
866280,1233378,1
866356,123338,1
851005,1233570,2
866283,1233663,1
866215,12337,1
866284,1233705,1
866361,1233731,2
866286,1233820,1
866147,1234150,1
866291,1234163,1
866368,1234198,1
866225,1234367,1
866226,1234385,1
866151,123440,2
866373,1234522,2
866229,1234585,1
866230,1234616,1
866301,1234810,2
866378,1234820,1
958299,1234824,1
866379,1234867,1
866380,1234890,2
866160,1234898,1
851107,1234908,2
866161,1234920,1
866305,1234922,1
946343,1234961,1
866307,1235063,1
866240,1235114,1
866241,1235217,2
866310,1235252,1
874952,1443375,1
875015,1443430,1
874887,1443451,1
874954,1443475,1
875018,1443540,1
953444,1443607,1
875099,14438,1
946237,1443889,2
874958,1443901,1
875101,1443941,1
874894,1444364,1
875024,1444366,1
875104,1444394,1
875030,1445089,1
874901,1445284,1
874969,1445344,1
875113,1445453,1
950990,1445758,1
875115,1445793,1
874973,1445798,1
875204,1445853,1
875117,144591,1
874975,1445993,1
875205,1445996,1
875120,1446215,1
875208,144623,1
875040,1446252,1
875211,1446623,1
875125,1446843,2
875045,1447012,1
948115,1447210,1
949978,1447823,1
875218,144806,1
875141,1448173,1
875353,144829,1
950286,1448461,1
875278,1448730,1
875279,144884,1
875151,1449624,1
875152,1449703,1
875366,1449733,1
875233,1449806,1
875289,1450086,1
875235,1450127,1
875237,1450436,2
875371,1450505,1
875293,145054,1
875241,145081,1
875243,1450988,2
875244,1451020,2
875299,1451037,1
875165,145129,1
875166,1451530,1
945436,1451576,1
875169,1451871,1
875306,145208,1
950226,1452082,1
875175,1452633,1
875311,1452645,1
875255,1452676,2
950640,1452843,1
875179,1453097,1
875315,1453116,1
875180,1453309,1
875182,1453517,1
946690,1453519,1
958891,1453740,1
948085,1453935,1
850825,1454123,1
875325,1454415,3
875272,1454671,1
875329,1454677,1
950945,1454712,1
875273,1454719,1
875331,145476,1
952095,1454801,1
875277,1455014,1
875199,1455083,1
875432,1455256,1
875732,1455676,1
875341,1455814,1
875421,1455817,1
875437,145583,1
850736,1455897,1
875438,1455930,1
875736,1455960,1
875439,1456017,1
875343,1456034,2
875346,1456422,1
875427,1456442,1
946920,1456633,1
875429,1456641,1
875588,1457821,1
951881,1458174,1
875510,14582,2
958502,1458527,1
875594,145874,1
875461,1458954,2
875462,1459046,1
875760,1459112,1
875763,1459391,2
875602,1459497,1
875765,1459735,1
875604,1459981,1
875766,1459991,1
951298,1460063,1
875470,1460171,1
875471,1460253,1
875607,1460349,1
875472,1460426,1
954447,1460490,1
954019,1460537,1
875771,1460645,2
875772,1460786,1
875611,1460841,1
875477,1461104,1
875615,1461399,1
875616,146161,1
875783,1462257,1
875622,1462493,1
875546,1462776,1
875788,1462857,1
875547,1462882,1
875491,146290,1
949654,1462922,1
875550,1463030,1
875631,1463481,1
875496,1463517,1
875498,1464068,1
875797,1464346,1
875499,1464348,1
875635,1464444,1
875799,1464809,1
945590,1464957,1
875801,146511,1
950581,1465527,1
954740,1465538,1
875564,1465553,1
875658,1465636,1
949575,1465858,1
875807,1465955,1
948094,1466023,1
875809,1466387,2
875810,1466503,1
875663,1466508,1
875650,1466605,1
875574,1466973,2
875816,1466986,1
875575,1467019,1
875817,1467123,1
875670,1467192,1
875577,1467239,1
945973,1467597,1
958916,1468070,1
875823,1468090,1
875882,146819,1
875960,1468267,1
875883,1468319,1
953923,1468334,1
875825,1468445,1
957138,1468474,1
875966,1468827,2
875890,1469045,1
875975,1469909,1
875898,1469963,1
875899,1470111,1
875697,1470639,1
875903,1470669,1
875698,1470774,1
875904,1470808,1
875699,1470881,1
875703,1471442,1
875987,1471616,1
875704,1471667,1
875851,1471926,2
875913,1471997,1
866387,1235351,2
866464,1235365,1
866393,1235389,2
949345,1235393,1
866465,1235399,1
866467,1235526,1
866396,1235537,1
866391,1235573,1
866397,1235602,1
866539,1235645,1
866540,1235703,1
866399,1235745,2
866471,1235766,2
866617,1235785,1
866472,1235806,2
866618,1235842,1
866544,1235945,1
866403,1235958,1
866408,1236249,3
866480,1236291,1
866481,1236329,1
866554,1236485,1
866556,1236649,1
850928,1236692,2
866557,1236725,1
866633,1236772,1
866417,1236830,2
866635,1236889,2
866493,1237056,1
866422,1237127,1
866641,1237183,1
866567,1237225,1
866499,1237336,1
866501,1237448,2
866647,1237456,1
952680,1237485,1
866504,1237679,1
866652,1237829,1
866578,1237853,2
950828,1237889,1
866510,1237947,1
866658,1238110,2
866513,1238126,1
951179,1238158,1
866516,1238273,1
866442,1238318,1
866588,1238400,1
866518,1238403,1
866664,1238481,1
866592,1238602,1
866448,1238631,1
866667,1238658,1
866593,1238672,2
866452,123897,1
866597,1238995,1
866598,1239082,2
866601,1239331,1
866678,123947,1
866534,123958,1
866461,1239594,1
866462,1239644,1
866608,1239735,1
866612,1239979,1
953044,1239998,1
866613,1240020,2
866698,1240152,1
866700,124028,1
866842,1240281,1
866843,1240387,1
866921,1240391,1
951051,1240579,1
947364,1240584,1
866781,1241015,1
866708,124102,1
866851,1241021,1
866710,1241155,1
866853,1241157,1
866854,1241217,1
866933,1241305,1
949309,1241330,1
866786,1241348,1
866787,1241413,1
866714,1241418,1
951741,1241468,1
866788,1241480,2
866715,1241488,2
866859,12416,1
866863,1241920,1
866794,1241952,1
866721,1241961,2
866795,124200,1
950605,1242000,1
866944,1242112,1
866867,1242212,2
866726,1242385,1
866872,1242563,2
866953,1242965,1
866806,1242970,2
866876,1242983,1
866807,1243025,1
866955,1243172,1
866959,1243512,1
866812,1243518,1
866813,1243551,1
866961,1243621,1
947104,1243971,1
866742,1243990,1
866887,1244223,2
866888,1244307,1
866745,1244341,2
866746,1244439,2
866890,1244461,1
866968,1244506,1
866892,1244607,1
866749,1244663,1
866751,1244954,1
866752,1245033,1
866827,1245051,1
866975,1245088,1
866828,1245129,1
866899,1245342,1
866831,1245487,1
866760,1245851,1
866904,1245869,1
866761,1245887,1
866762,1245906,1
866906,1246008,2
866837,1246057,1
959113,1246096,1
866838,1246190,1
866908,1246284,1
866839,1246298,1
959848,1246316,1
866840,1246409,1
866990,1246521,1
866999,124654,1
866913,1246541,2
867000,1246592,1
866993,1246755,1
866916,1246868,1
866917,1246976,1
867232,124722,1
867152,1247362,1
867241,1247878,1
867084,1247926,1
867018,1247966,1
867161,1248005,1
867247,1248372,2
867023,1248460,1
867093,1248753,1
867094,1248872,1
867253,1248947,1
956874,1249003,1
867171,1249041,1
867030,1249183,2
867174,124919,2
867031,1249218,1
867099,1249224,1
867175,1249264,1
867100,1249321,2
867033,1249331,1
867101,1249345,2
867178,1249406,4
867103,124948,1
867179,1249489,1
867036,1249615,1
867105,1249654,1
867266,1249918,1
953872,1249961,1
867185,1250127,2
867268,1250131,1
867110,1250227,1
867269,1250273,2
867188,1250446,1
867272,1250540,1
875853,1472021,1
875994,1472315,1
875857,1472406,1
875858,1472437,1
946556,1472752,1
875998,1472771,1
875999,1472974,1
875861,1472982,1
876000,1473007,1
875923,1473088,1
875718,1473242,1
876003,1473267,1
875866,1473457,1
875720,1473594,1
875930,1474014,2
850958,1474099,1
951482,1474197,1
875871,1474522,1
875933,1474549,1
876016,1475317,1
876033,1475727,1
876181,1476658,1
876036,1476668,1
876021,1476683,1
876037,1476707,1
955410,1476818,1
876024,1476864,1
876185,1476881,1
875946,1477236,1
876025,1477266,2
876186,1477268,1
946390,1477321,1
950332,1477584,1
876043,1477705,1
876028,1477723,1
876189,1477739,1
876191,1478177,1
876046,1478191,1
875953,1478380,1
876106,147872,1
876051,1478750,1
876053,1478890,1
876109,1478930,1
876111,147913,1
876114,1479462,1
876268,1479533,1
876204,1479568,1
949301,1479970,1
876120,1480279,1
876065,1480326,1
876068,1480834,1
876124,1480849,2
954798,1481210,1
876216,1481268,1
876219,1481811,2
876130,1481892,1
876281,1481918,1
876222,1482067,1
876223,1482163,1
876077,1482170,2
876133,1482178,1
876286,1482581,1
876135,1482740,1
876226,1482755,1
876231,1483358,1
876086,1483500,1
876142,1483501,1
876233,1483531,1
876295,1483794,1
876297,1484228,1
957152,1484334,1
876238,1484341,1
876300,1484650,1
876151,1484790,1
876305,148525,1
876103,1485746,1
876159,1485781,1
876310,1485820,1
955462,1486279,1
876314,1486296,1
949970,1486327,1
876315,1486385,1
876317,1486700,1
945717,1486869,1
876406,1486899,1
876319,1486983,1
959020,1487126,1
958818,1487248,1
876325,1487483,1
876412,1487610,1
876326,1487849,1
876327,1487909,1
949299,1487924,1
876344,1488005,1
876557,148814,1
876180,1488431,1
876561,1488698,1
876483,1488891,1
876485,1489094,1
876353,1489155,1
876565,1489213,1
946959,1489424,1
876425,1489465,1
876567,1489636,1
876490,1489961,1
851058,1489988,1
876429,1490088,1
876430,1490201,1
876572,1490666,1
950389,1490843,1
956882,1490909,1
947647,1490914,1
876496,1491028,1
949914,1491096,1
876497,1491184,1
876436,1491328,1
952149,1491556,1
876438,1491706,1
950785,1491946,1
876440,1491955,1
876442,1492071,1
876373,1492318,1
876444,1492346,1
876374,1492456,1
950568,1492650,1
876449,1492984,1
876379,1492989,1
876382,1493319,2
876515,1493357,1
876454,1493414,1
953076,1493451,1
876595,1493472,1
876517,1493518,3
876598,1493815,1
876388,1493960,1
876521,1494061,2
876390,1494241,1
876463,1494542,1
958647,1494555,1
947401,1494611,1
876605,1494804,1
876528,1494966,1
876397,1495103,1
876530,1495116,1
876531,1495398,2
876470,1495617,1
876612,1495948,1
876475,1496477,1
876537,1496526,1
876538,1496652,1
947093,1496797,1
958382,149683,1
876634,1496950,1
876635,14971,1
876622,1497360,1
876638,1497384,2
876712,1498148,1
876548,1498163,1
876643,1498340,1
851063,1498362,1
876645,1498522,1
851066,1498695,1
876553,1498751,1
876719,1499114,1
876860,1499291,1
876720,1499306,1
876782,1499376,1
876862,1499394,1
876784,1499533,1
876725,1499930,1
876658,150014,2
876727,1500209,1
876790,1500409,2
876661,1500529,1
876730,1500783,1
867191,1250647,1
867049,1250815,2
867193,1250852,1
867051,1250947,2
867196,1251158,1
956691,1251197,1
867197,125124,1
947397,1251287,1
867124,1251485,1
867203,1251669,1
867207,1252001,1
867064,1252061,1
867132,1252086,1
867067,1252320,1
867068,1252355,1
867136,1252368,1
867069,1252383,1
867294,1252448,1
867138,125246,1
867214,1252462,1
867371,1252464,1
867296,1252490,1
949071,1252501,1
867372,1252553,1
867300,1252983,1
867376,125309,1
851073,1253162,1
867447,125331,2
867379,1253357,1
949073,1253402,1
867448,1253404,1
867305,1253452,1
867454,125367,1
867529,1253673,2
867386,1253687,1
867313,1253877,1
867314,1253919,2
867458,1253945,1
867533,1253950,1
867459,1254063,1
867460,1254104,2
867535,125412,1
867391,1254134,1
867461,1254161,1
949284,1254209,1
951845,1254221,1
867462,1254265,2
867537,1254329,1
867463,1254436,1
867397,1254657,1
867467,1254672,3
867324,1254709,1
867545,1254907,1
867546,1255055,1
867403,1255166,1
867551,1255502,1
867477,1255557,1
867408,1255597,1
867479,1255682,1
867337,1255878,1
867413,1255951,1
867339,1255952,1
867415,1256027,1
946723,1256297,1
867344,1256301,1
867345,1256449,1
954039,125645,1
867564,1256532,1
867347,1256611,1
867348,1256768,1
867492,1256886,1
867568,1256936,1
949731,1256965,1
867572,1257230,1
954725,1257232,1
851491,1257238,1
867497,1257243,1
867500,1257525,1
951377,1257595,1
867433,1257611,1
867362,1257956,1
867582,1257976,1
953147,1258017,1
867363,125803,1
867509,1258361,1
867511,1258580,1
867443,1258609,1
867368,1258684,1
867513,1258767,1
867590,1259008,1
867599,1259018,1
867672,1259076,2
867592,1259138,1
867593,1259172,1
867595,1259370,1
851395,1259459,2
867605,1259504,1
867608,1259856,1
867610,1260042,1
867752,1260047,2
867685,1260244,1
867755,1260322,1
867830,1260344,1
867757,126041,1
867758,1260515,1
954674,1260575,1
867617,126059,1
867759,1260608,1
953420,1260675,1
867620,1260823,1
867622,1261044,1
867768,1261512,1
867772,1261864,1
947508,1261873,1
867703,1261955,1
867848,1262059,1
867705,1262214,1
867633,1262256,1
867850,1262344,1
867709,126271,1
867710,1262781,1
867780,1262854,1
867711,126291,1
867639,1262958,1
867781,1263067,1
867782,1263211,1
867714,1263302,1
867644,1263627,1
867862,1263775,1
867646,1263782,2
850752,1263845,1
867719,1263876,1
867863,1264019,2
867648,1264035,1
953169,1264191,1
867791,1264313,1
867723,1264366,1
867724,1264443,1
867725,1264546,1
867794,1264602,1
867797,1264831,2
867729,1264859,1
867731,1265001,2
867801,1265091,1
851108,1265328,1
867736,1265433,1
867805,1265456,1
867880,1265609,1
867739,1265712,1
867665,1265746,1
867666,1265787,1
867809,1265834,2
867667,1265849,1
950223,1266055,1
867670,1266218,1
867888,126629,2
867815,1266385,1
947194,1266548,1
868129,1266699,2
851530,1266766,1
868131,1266996,1
867822,1267009,1
867896,1267086,1
867976,126720,3
867977,1267229,1
868138,1267673,1
868054,1267730,1
952469,1267892,1
868142,1267993,1
867916,1268038,1
868061,126838,1
868062,1268555,1
868148,1268665,1
867991,1268790,1
868066,1268870,1
876662,1500793,3
876872,1500800,1
876663,1500839,2
876793,1500886,1
876732,1500909,1
876794,150098,1
953830,1501172,1
876736,150139,1
949213,1501759,1
953010,1501850,1
876881,150195,1
876882,1502058,1
876674,1502341,1
876743,1502455,2
950470,1502502,1
876676,150265,1
876806,1502714,1
876746,1502908,1
876808,1502945,1
876679,1502995,1
876680,1503241,1
876750,1503384,1
954803,1503609,1
949210,1503706,1
876815,1503742,1
876894,1503770,1
950759,1503919,1
876687,1503976,1
876897,1504098,1
876758,1504237,1
876690,1504299,2
876821,1504576,2
876905,1505054,2
876697,1505077,1
876906,1505086,1
876767,150513,1
949399,1505213,1
851447,1505555,1
876909,1505619,1
953874,1505851,1
952603,1505928,1
876771,1505999,1
876702,1506049,1
876772,1506094,1
876834,1506124,2
950519,1506193,1
959662,1506204,1
876774,1506246,1
876915,1506285,1
876776,1506425,1
876917,1506458,1
876839,1506540,1
947581,1506600,1
876778,1506720,1
958665,1506779,1
876919,1506909,1
876936,1506929,1
876924,1507383,1
876846,1507444,1
876927,1507590,1
877014,1507593,1
876943,1507783,1
956819,1507816,1
958639,1507870,1
877015,1508074,1
876929,1508176,2
876945,1508358,1
876851,150839,1
877018,1508681,1
876947,1508697,1
876949,1509044,1
876856,1509352,2
877022,1509369,1
954095,1509841,1
877024,1509848,1
877083,1509874,1
877025,1509884,1
946454,1509956,1
947428,1509985,1
876955,1510114,1
877164,1510135,2
876956,1510152,1
876960,1510384,1
877090,1510390,2
877091,1510471,1
877092,1510538,1
877034,1510675,1
876963,1510750,1
877093,1510755,1
946681,1510875,1
877036,1510947,1
877177,1511850,1
877178,1511916,1
876970,1511943,1
877101,1512076,1
959432,1512270,2
949209,1512532,1
877183,1512537,1
953593,1513128,1
877109,1513248,1
877115,1514186,1
877056,1514271,1
876989,151481,1
959004,1515066,1
877123,1515226,1
877201,1515294,1
877064,1515295,1
947204,1515515,1
958488,1515625,1
877203,1515702,1
877204,1515836,1
877066,1515853,1
877127,1515890,1
954624,1516063,1
877069,1516276,1
953954,1516352,1
877131,1516503,1
877210,1516578,1
877072,1516616,2
877002,1516632,1
877212,1516988,1
950056,1517273,1
877138,1517431,1
877215,1517443,1
877080,1517926,3
877141,1517968,1
877219,1518047,1
877236,1518056,1
877143,1518098,1
947629,1518456,1
877312,1518885,1
877241,1518932,1
877148,1519096,1
877225,1519162,2
877314,1519213,1
877227,1519260,1
877152,1519482,1
877153,1519562,1
877248,1519665,1
877155,1519698,1
877320,1519736,2
877249,1519859,1
877156,1519896,1
877382,1519917,1
948125,1519942,1
877322,1520001,1
955205,1520119,1
877384,1520278,1
877385,1520571,1
877465,1520762,1
955235,1520782,1
877466,1520828,1
877327,1520933,1
850692,15220,2
877260,1522007,1
877393,1522187,1
877332,1522201,1
945671,1522212,1
877394,1522231,1
877263,1522327,1
877335,1522619,1
851142,1522830,1
877268,1523170,1
877400,152318,1
946623,1523257,1
877338,1523437,1
877401,1523479,2
947830,1523748,1
877271,1523835,1
877485,1525280,1
877345,1525309,1
877276,1525311,1
877488,1525727,1
877348,1525815,1
877349,1526010,1
867993,1268900,1
867926,126896,1
958321,1269038,1
867995,1269064,3
868069,1269137,1
867929,126924,1
867998,1269424,1
868157,1269439,1
867931,1269440,1
868078,127000,1
868005,1270022,2
868079,1270048,1
868081,1270189,1
868168,1270355,2
958929,1270654,1
867946,1270990,1
868014,1271002,1
868176,1271349,1
867952,1271580,1
868021,127181,1
867954,1271863,2
868097,1272128,1
867959,1272515,1
851140,1272518,1
868101,1272537,1
868027,1272541,1
868104,1272724,1
868032,1273019,1
868035,1273333,1
949081,127335,1
958687,1273385,1
868036,127375,2
868113,1273957,1
951119,1273987,1
867972,1273995,1
868041,1274164,1
868116,1274187,2
868203,1274278,1
868205,127447,1
868206,1274504,1
868045,1274529,1
868282,1274592,1
868207,1274596,1
868285,1274833,1
868049,1274850,2
868211,1274934,2
957281,1275034,1
868357,1275072,1
868290,1275209,1
953975,1275403,1
955246,1275487,1
947995,1275525,1
868362,1275568,1
868220,127572,1
868365,1275850,1
868441,127592,1
868223,1275931,1
868224,1276043,1
920509,1276216,1
868226,1276230,1
868371,1276460,1
868372,1276501,1
868303,1276524,1
868448,1276692,2
946874,1276777,2
868451,1276999,1
868308,127706,1
868378,1277067,2
868453,1277080,1
868309,1277104,1
868379,1277138,1
868455,127730,1
868381,1277362,1
868383,1277496,1
868459,1277532,1
950881,1277630,2
868243,1277894,1
868389,1278162,1
868246,1278205,1
868390,1278247,1
868247,12783,1
868323,1278563,2
868251,1278702,1
868471,1278860,1
868327,1278864,1
868472,1278959,1
868399,1279128,1
868400,1279173,1
868331,1279336,2
868402,1279439,1
868333,127946,1
868259,1279467,1
868403,1279489,1
868404,1279641,1
868479,1279665,1
868406,127997,1
868481,128000,1
868408,128015,1
868411,1280357,1
868413,1280602,1
868489,128068,2
868345,1280694,1
945820,1280913,1
868352,128139,1
868498,1281511,1
868509,1281582,1
868510,128178,2
868585,1281962,1
868511,1282023,1
868586,1282100,1
868512,1282103,1
868428,1282137,1
868587,1282157,1
868513,1282182,1
868504,1282368,1
868659,1282462,2
868507,1282597,1
949442,1282601,2
868518,1282761,1
868662,1282768,1
868738,1282792,1
868595,1282903,1
868521,1282923,2
868596,1283045,2
868669,1283329,1
947775,1283405,1
868671,1283451,1
868747,1283461,1
868529,1283582,1
953754,1283764,1
947325,1283815,1
868531,1283854,1
868532,1283958,1
868607,1283988,1
868533,128400,1
868608,1284226,1
868534,128426,1
868680,128443,2
868756,1284440,1
868537,128457,1
868613,1284670,1
868539,1284747,1
868760,1284785,1
868688,1285205,2
868765,1285314,1
868545,1285379,1
868691,1285393,1
868622,128547,1
868692,128553,1
868693,128559,1
868548,128569,1
868698,1285908,1
868553,128594,1
868556,1286194,1
868702,1286216,1
868704,1286369,2
868705,1286474,1
868707,1286618,1
868639,1286665,1
868640,128671,2
958897,1286747,1
868566,1287002,1
868713,1287069,1
868568,1287122,1
868790,1287160,1
868715,1287273,1
868791,128728,2
953767,1287449,1
868718,1287532,1
868573,1287639,1
868719,1287644,1
868795,1287645,1
945865,1287695,1
868721,1287747,1
868576,1287755,1
948006,1288219,1
868891,1288511,2
953772,1526104,1
877491,1526296,1
877415,1526692,1
877493,1526693,1
877416,1526960,1
877354,1526970,1
877419,1527519,1
877357,1527530,1
877359,1527853,1
877291,1527953,1
877423,152797,1
877292,1528108,1
877362,1528173,1
877503,1528473,1
946325,1528479,1
877504,1528570,1
877295,1528709,1
877505,1528939,1
946995,1529335,1
877509,1529586,1
877432,1529730,2
948137,1529931,1
953555,1529945,1
877372,1530317,1
948138,1530449,1
952748,1530777,1
877377,1530910,1
877536,1530975,1
877538,1531302,1
877442,1531322,2
877443,153148,2
877522,1531533,1
877612,1531565,1
959780,1531758,1
877446,153179,1
877544,15320,1
877450,153232,1
949584,1533052,1
877553,1533420,1
877764,1533482,1
877765,1533576,1
877555,1533759,1
877766,1533781,1
877767,1533848,1
877693,1534126,2
877636,1534764,1
877637,1534857,1
877567,1535064,1
947048,1535318,1
877703,1535388,1
877780,1535395,1
877571,1535710,1
877643,1535891,1
951647,1535904,1
877644,1535929,1
877707,1535940,2
946775,1535952,1
877647,153646,2
877649,1536829,1
877578,1536869,1
877714,1537100,1
877794,1537437,1
877717,153749,2
877656,1537575,1
877658,1537822,1
877799,1537951,1
877589,1537966,1
877722,153797,1
877724,1538232,1
877663,1538251,1
877593,1538478,1
948142,1538721,1
877596,1538834,1
877668,1538870,1
877731,1539271,1
877732,1539305,1
877811,1539415,1
877734,1539437,1
877812,1539455,1
877674,1539573,2
877676,1539653,1
958863,1539654,1
877816,1539764,1
877606,1539791,1
877817,1539805,1
877818,1539886,1
877742,1540152,1
877746,1540738,1
877685,1540877,1
877842,1540884,1
877747,1540886,1
877750,154174,2
877847,1541887,1
877752,1541983,1
877830,1541993,1
877753,1542036,1
877831,1542045,1
851451,1542266,1
877833,1542343,1
877852,1542594,1
877835,1542624,1
877836,1542714,1
877924,1542829,1
877861,1543468,1
878077,1543629,1
952623,1543655,1
877997,1543674,2
877867,1543850,1
878000,1543872,1
877868,1543931,1
878002,154400,1
878004,1544253,1
878087,1544439,1
877874,1544496,1
877945,1544650,1
877875,1544730,1
878089,1544759,1
877946,154476,1
878090,154485,2
877949,1545031,1
877879,1545034,2
956851,154510,1
877950,1545165,1
878097,1545541,1
851081,1545607,1
877954,1545641,1
878018,1545766,1
946559,1545985,1
877889,1546312,1
877959,1546421,1
877890,1546432,1
878025,1546738,1
945707,1546864,1
877963,1546887,1
877898,1547294,2
948164,154736,1
878032,154737,1
877970,154746,3
878034,154750,1
877971,1547651,1
957036,154788,1
877905,1548331,1
878119,1548365,1
878040,1548617,1
878041,1548869,1
878043,1549131,1
877981,1549322,1
878126,1549365,1
878046,154940,1
877983,1549419,1
878148,1549581,1
878050,1549602,1
877988,154968,1
878133,1549753,1
878055,1550006,1
878154,1550096,1
878137,1550195,1
878155,1550266,1
952698,1550311,1
878225,155059,1
878140,1550661,1
878142,155097,1
878229,1551046,1
878063,1551088,1
878162,155116,2
878064,1551170,1
878145,1551250,1
878232,1551257,1
878233,1551487,1
878375,1551536,2
878235,1551909,1
878236,1552140,1
878168,1552165,1
878378,1552214,1
878170,1552301,1
878380,1552347,1
868731,128876,1
868893,1288805,1
868808,1288862,1
868894,1288869,1
868818,1288882,1
868736,1289204,1
952347,1289309,1
868824,1289465,3
868825,1289510,1
868970,1289606,1
868971,1289657,1
869045,1289705,1
958803,1289726,1
869047,1289948,1
868909,1290269,1
868835,1290463,1
868979,1290534,1
868839,1290722,1
851349,1290801,2
868984,1290805,1
959351,1290808,2
868840,1290879,1
868843,129111,1
868922,1291306,1
868923,1291418,1
869065,1291548,1
868924,129161,1
868926,1291747,2
868994,1291753,1
868850,1291814,1
868928,1291843,1
948008,1292061,1
869072,1292063,2
868999,129210,1
868932,1292122,2
869001,1292328,1
868935,1292393,1
869003,1292405,1
869004,1292462,1
947383,1292465,2
869078,1292466,1
868860,1292513,2
869006,129260,1
851358,1292760,1
868940,1292834,2
869008,1292930,1
868865,129302,1
869009,1293026,1
869084,1293030,1
868943,1293055,1
869085,1293081,1
868944,1293088,1
868867,1293136,1
868946,1293348,1
869093,1293790,1
868876,1293868,1
868953,1293941,1
869023,1294137,1
868881,1294298,1
868882,1294339,1
869106,1294722,1
868964,1294734,1
951357,1294783,1
869108,1294956,1
869120,1295365,1
869112,1295382,1
869198,1295512,1
869269,1295638,1
869202,1295798,1
869271,1295817,1
869272,1295854,1
952312,1295876,1
955295,1295935,1
869131,1296062,1
869207,1296091,2
869276,1296129,1
869278,129637,1
869352,129643,2
869354,1296580,1
869355,1296629,1
869140,129674,1
869358,1296823,1
869286,1296846,2
869359,1296868,1
953531,1296991,1
869290,1297156,1
869364,1297340,1
869223,1297387,1
869365,1297427,1
869224,1297448,1
869294,1297541,1
869367,1297545,1
869226,1297551,2
869227,1297612,1
869296,1297652,1
869153,1297737,1
946180,1297839,1
869371,1297870,2
959014,1298108,1
869156,1298118,1
959279,1298142,1
869373,1298155,1
869232,1298161,1
869158,1298247,1
869375,1298261,1
850724,1298376,2
869377,1298392,1
869379,129858,2
869163,1298643,1
869242,1299007,2
869167,1299045,1
869385,1299134,1
869170,1299203,1
869246,12993,1
869313,1299347,1
869172,1299420,1
869314,1299442,1
869389,1299444,1
869248,1299453,1
869318,129977,1
869319,1299990,2
869180,1300055,1
869397,1300086,2
869399,130040,1
869325,13006,2
869327,1300801,1
948009,1301226,1
869410,1301553,2
869411,1301600,1
869425,1302180,1
869426,1302270,1
869428,1302478,1
869566,1302547,2
956720,1302566,1
869568,1302644,1
869431,1302703,1
869569,1302709,1
947110,1302748,1
949996,1302805,2
869650,1302903,1
869437,1302988,1
869508,1303013,2
869438,1303030,1
869576,1303035,1
869656,1303298,2
869445,1303539,1
869517,1303609,1
850930,1303842,1
869520,1303995,1
869588,1304144,2
954530,1304245,1
869521,1304251,1
869589,1304275,1
869667,1304513,1
869524,1304561,1
869593,1304739,1
869458,1305070,1
869597,1305084,1
869530,1305167,1
869674,1305234,1
947078,1305289,1
869531,1305291,1
948011,1305301,1
869599,1305321,1
869460,1305350,1
869677,1305404,1
869603,1305650,1
869537,1305739,1
869464,1305824,1
869539,1305900,1
869466,1305905,1
869607,1305908,1
869684,1305999,1
869611,1306081,2
869544,1306115,1
878303,1552469,2
878381,1552479,1
946213,1552510,1
878172,1552637,1
878305,1552819,1
878383,1552860,1
878174,1552948,1
878176,1553228,1
878245,155328,1
878309,1553357,1
878387,1553360,1
878246,1553363,1
878310,1553429,1
946544,1553430,1
878388,1553522,1
878247,1553564,1
878313,1553913,1
878183,1554088,1
878254,1554553,1
878187,155465,1
878188,155473,1
946423,1554819,1
878189,155486,2
878321,1555066,1
878192,1555457,1
951044,1555743,1
878262,1555791,1
878263,1555952,1
959579,1556078,1
950514,1556114,1
878327,1556327,1
878266,1556357,1
947016,1556442,1
878268,155659,1
878200,1556622,1
878330,155667,1
953211,1556680,1
878270,1556884,1
878271,1556958,1
878272,1557136,1
878334,1557299,1
878414,1557303,1
878415,155739,1
878274,1557445,1
878418,1557815,1
958438,1557878,1
956800,1558061,1
950283,1558124,1
945876,1558179,1
878342,155851,1
950538,1558576,1
878425,155882,1
878218,1559009,1
878432,1559296,1
952262,1559343,1
878356,155974,1
946428,1559882,1
878357,1559954,2
878358,1560110,1
878460,1560332,1
878442,1560366,1
878675,1560392,1
878443,1560469,2
878363,1560549,1
948129,1560566,1
878364,1560681,1
946248,156098,1
878679,1561035,1
949395,1561186,1
878466,1561253,1
878681,1561375,2
956595,1562331,1
878687,1562568,1
878524,156273,2
878689,1562831,1
878606,1562881,1
878607,1563079,2
878475,1563112,1
878529,1563602,2
878695,1563815,1
878531,156397,1
878481,1564350,1
878615,156457,1
878536,1565071,1
851083,1565322,1
878703,1565324,1
878540,1565449,1
954309,1565679,1
878623,1565877,1
878626,1566580,2
878547,1566881,2
878548,1567129,1
878629,1567235,1
878714,1567241,1
878551,1567478,1
878501,1567533,1
878719,1567847,1
878554,1567865,1
878507,1568433,1
946558,1568606,1
878641,1568799,1
959723,1568961,1
878563,1568993,1
949990,1569006,1
878730,156910,1
878732,1569429,1
878648,1569506,1
878733,156953,1
878649,156966,1
951904,1570027,1
878737,157015,1
950976,1570158,1
878573,1570354,1
878655,157059,1
878750,1570651,1
878576,1570658,2
878752,1570900,1
949734,1571314,1
878661,157162,1
946491,1571713,1
952893,1572127,1
878587,1572231,2
878828,1572256,1
878590,1572689,1
945562,1572701,1
878591,1572738,1
878670,1572762,1
878594,1573132,1
946399,1573140,1
878973,1573152,1
878834,1573298,1
878772,1573768,1
878773,1573854,1
946729,1573877,1
878978,1573972,1
878837,1573992,1
878980,1574147,1
878982,1574458,1
878841,1574486,2
878901,1574534,1
878983,1574634,1
878842,1574796,1
878779,1574797,1
878988,1575293,1
878912,1576238,1
878916,1576896,1
878857,1577017,1
878917,1577053,1
958622,1577093,1
879001,1577411,2
878861,1577603,1
879003,1577667,1
878862,1577678,1
878801,1577997,1
879006,1578005,1
878865,1578041,1
878926,1578296,2
878927,15784,2
879009,1578409,1
878928,1578467,1
878930,1578929,1
851653,1579020,2
879013,1579172,1
879014,1579369,1
959175,1579406,1
878814,1579906,2
879019,1580130,1
878940,1580513,1
959601,1580699,1
878943,1580905,1
956893,1580932,1
878944,1581022,1
948169,1581180,1
878884,1581222,1
878946,1581323,1
879028,158151,1
869471,1306116,1
869688,1306204,1
869545,1306230,1
869689,1306240,1
869546,1306256,1
869614,1306300,1
869615,1306324,1
955474,1306360,1
869549,1306458,1
869617,1306465,1
869697,130656,1
869625,1306975,1
869485,1306997,1
869702,1307038,1
869704,1307324,1
869705,1307371,1
953676,1307761,1
869719,1307805,1
954608,1307919,1
869720,1307969,1
869711,1308005,1
869636,1308126,1
869712,1308145,2
869798,130828,1
869943,1308513,1
869945,1308807,1
869871,1308863,1
869733,1309032,1
869949,1309041,1
869735,1309139,1
869878,1309242,1
869813,1309361,1
869955,1309457,1
869815,1309542,1
850886,1309557,2
869743,1309678,1
869818,1309719,2
949722,1309745,1
869959,1309754,1
869745,1309770,1
869820,1309845,1
869961,1309878,1
869824,1310016,2
869891,1310049,1
869825,1310060,1
869751,1310066,1
869753,1310242,1
869754,1310344,1
869829,1310360,1
869757,1310528,1
956593,1310557,1
869973,1310607,2
869833,1310620,1
869974,1310628,2
869900,1310669,1
851388,131070,1
869837,1310817,1
869764,1310877,1
869905,1310930,1
850996,1311312,1
950786,1311353,1
869845,1311380,1
869910,1311415,1
955087,1311471,1
949986,1311532,1
869989,1311536,1
869916,1311725,1
869853,1311830,1
869855,1311945,1
869781,131195,1
869783,1312092,1
869999,1312152,1
869785,1312208,1
949872,1312220,1
869924,1312223,1
869860,1312258,1
870002,1312370,1
869927,1312392,1
869789,1312428,1
851458,1312524,1
870016,1312689,1
869931,1312694,2
869932,1312752,1
870008,1312759,1
870018,1312791,2
870009,1312826,1
870022,1313074,1
869939,1313212,1
870090,1313233,1
870026,1313366,2
870027,1313540,1
870093,1313557,1
870252,1313563,1
870169,1313600,1
870095,1313677,1
870030,1313703,1
870171,1313717,1
870096,1313719,2
870031,1313748,1
870257,1313814,2
870175,1313916,1
870037,1314104,1
870262,1314122,1
870038,1314179,1
870105,1314247,1
870040,1314290,1
870181,1314293,2
870268,1314553,1
870269,1314674,1
947411,1314689,1
870271,1314788,1
946714,1314808,1
952147,1314956,1
870117,1315205,1
948024,1315445,1
870194,1315481,1
870196,1315674,1
870281,1315713,3
870056,1315753,1
870123,1315781,1
870057,1315797,1
870198,1315810,1
870124,1315819,1
870283,1315837,1
870284,1315946,2
870200,1315974,1
870203,1316244,1
870064,1316362,1
870207,1316561,1
870208,1316620,1
947997,1316690,1
947276,1316925,1
870072,1316998,1
950232,1317054,1
870074,1317065,1
870141,1317088,1
870300,1317113,1
870142,1317154,2
870304,1317538,2
870148,1317686,1
870082,1317700,1
870084,1317781,1
870224,1317808,1
870227,1318174,1
870156,1318273,1
870230,1318282,1
870396,1318535,3
870233,1318540,1
870236,1318778,1
870237,1318857,1
870326,131921,2
946680,1319266,1
870466,1319384,1
870545,1319385,1
870467,1319485,1
870471,1320009,1
870472,132016,1
870333,132019,2
870410,1320196,1
870475,132038,1
870336,132040,1
870555,1320483,2
870558,1320822,1
870559,1320939,1
870418,1320974,1
870481,1320992,1
870482,1321149,1
870561,1321153,1
870343,1321190,1
870483,1321278,1
870486,13218,2
870489,1322083,1
870427,1322184,1
870352,1322366,1
870493,1322493,1
878887,1581865,1
879049,158195,1
878889,1582249,1
878891,158241,1
878955,1582637,1
953862,1582662,1
879057,1582879,1
878957,1582897,1
953967,1583083,1
879041,1583177,1
879202,1583181,1
879061,1583196,1
878961,1583206,1
879064,1583536,1
878965,1583637,1
952505,1583657,1
879207,158377,1
879067,1583884,1
879069,1584226,1
950533,1584886,1
879214,1584924,1
879216,158529,1
879217,1585349,1
850942,1585422,1
879081,1586261,1
954275,1586265,1
879082,1586293,1
949594,1586430,1
949842,1586607,1
851332,1586620,1
879225,1586638,1
879293,1586864,2
879227,1586876,1
879140,1587108,1
879297,1587377,1
879091,1587427,1
879298,1587498,1
879300,1587820,2
879146,1587853,1
879147,1587898,1
946366,1588131,1
879240,1588562,1
879100,158880,1
879101,1588864,1
879242,1589024,1
948132,1589125,1
879103,1589233,1
879105,1589455,1
879106,158955,1
879313,158959,1
879247,158960,1
850638,1589643,3
879314,1589710,1
879161,1589959,1
879318,1590059,1
879253,1590071,1
879319,159018,1
879164,1590285,1
879165,1590383,1
879321,1590391,2
952358,159129,1
879261,1591341,1
879121,1591364,1
879171,1591421,1
879327,1591492,2
879262,1591521,1
879123,1591739,1
879329,1591813,1
946899,1592010,1
879349,1592040,1
879175,1592275,1
879176,1592468,1
879353,1592671,2
879336,1593104,1
879337,1593363,1
879182,1593454,1
879338,1593490,1
879273,1593550,1
879183,1593639,1
879339,1593715,1
879340,1593990,1
879361,1594352,1
946733,1594570,1
879188,1594717,1
879364,1594854,1
879431,1594942,1
948146,1595299,1
879434,1595463,1
879436,1595777,1
879578,1595824,1
879437,1595835,1
879439,1596204,1
879503,1596605,1
879504,1596660,1
879378,1596719,1
879587,1596823,1
879380,1596877,1
879588,159700,1
879382,1597141,1
953709,1597219,1
879510,1597368,1
958615,1597927,1
879596,1598129,1
879456,1598496,1
879390,1598504,1
879600,1598937,1
879393,1599011,1
879461,1599340,1
879398,1599809,1
879606,1599842,1
879525,1599909,1
956985,1600753,1
879404,1600840,1
879471,1600878,1
879407,1601096,1
946811,1601679,1
879478,1601904,1
879479,1602131,2
879415,1602286,1
879623,160252,1
957017,1602530,1
879625,160271,1
879483,160273,1
946728,1602857,1
945649,1602983,1
879485,1603032,1
879420,1603078,1
879487,1603255,1
879488,1603604,1
851307,1603951,2
879551,1603999,1
879633,1604078,1
879492,1604247,1
879554,1604640,1
951137,1604889,1
879656,1604990,1
879496,160515,1
879561,160567,1
958883,160571,1
879727,1605851,1
879729,1606024,1
879565,160606,1
879730,160612,1
879665,1606122,1
879647,160623,2
879666,1606310,1
879874,1606897,1
879737,1607067,1
948153,160720,1
952430,1607210,1
959420,1607219,1
879574,160729,1
879739,160737,2
879878,1607447,1
879676,1607771,1
879880,1607824,1
879742,1607850,1
851298,1607978,2
954588,1608171,1
950222,1608797,1
879685,1608936,2
879807,1609130,1
879688,1609367,1
879753,1609524,1
879691,1609836,1
879895,1609900,1
879692,1609985,1
952052,1610070,1
879695,1610284,1
879760,1610420,1
879696,1610554,1
879817,1610584,1
948155,1611095,1
948156,1611579,1
952563,1611857,1
879765,1612077,1
870496,1322678,1
870358,1322760,1
870359,1322882,1
870499,1322910,1
870361,1322987,1
870438,1323009,1
870501,1323011,1
870502,1323091,2
870363,1323175,1
870440,132319,1
870364,1323279,1
870583,1323428,1
870506,1323509,1
870586,1323718,1
870446,132379,1
870510,1323931,2
870588,1323938,1
870589,1324111,1
870512,1324159,2
870451,1324281,1
851341,1324530,1
870595,1324728,1
870378,1324777,1
870455,1325020,2
870381,1325226,1
870457,1325246,1
870521,132525,3
870382,1325311,1
870461,132564,3
870526,1325690,1
870464,1325970,1
952856,1326180,1
870529,132630,1
870619,1326359,1
870391,1326421,1
870609,1326665,1
851433,1326730,1
870622,1326787,1
870611,1326865,1
949810,1327075,1
870696,132709,1
870697,1327233,1
870625,1327283,1
870614,1327321,1
947266,1327445,1
870537,1327447,1
870699,132751,1
870700,1327613,1
870541,1328064,1
870769,1328297,2
870845,1328316,1
870633,1328729,1
870707,1329098,1
870849,132915,1
870774,1329185,1
957012,1329198,1
870709,1329204,1
870637,132921,1
946413,1329385,1
870777,1329438,1
870713,1329593,1
870855,132988,1
870856,1330188,1
870645,1330435,1
870718,1330515,1
951530,1330693,1
870861,133077,1
870863,1331015,1
870788,1331113,1
870789,1331270,1
870866,1331431,1
870658,1331975,1
870872,1332163,1
851015,1332259,1
870799,1332307,1
870735,1332407,1
870875,133248,1
870664,1332552,1
870803,1332635,1
870877,1332637,1
870805,1332861,1
954021,1333109,1
870810,1333337,1
870745,1333460,2
870885,1333521,1
870746,133358,1
870750,1333959,2
870890,1334098,2
870891,1334251,1
870682,133451,1
870821,133471,1
870686,1334928,1
870687,1334988,1
870689,1335188,1
870762,1335260,1
870826,1335295,1
870763,1335298,1
870907,1335583,1
870994,1335651,2
870833,1335693,1
870909,1335697,1
870995,1335704,1
870910,133574,1
870924,1335816,1
870999,1335911,1
870915,1335985,1
870932,1336244,1
871149,1336288,2
870933,133634,1
870935,1336469,1
871008,1336562,1
871154,1336690,1
871010,1336703,1
871083,1337289,1
871160,133731,3
870944,1337363,1
871161,1337476,1
871019,133767,1
871164,1337730,2
870950,1337854,1
871167,133791,2
871091,1337922,1
871170,1338135,2
871094,1338193,1
945849,1338298,1
871172,1338299,1
952204,1338387,1
871097,133848,2
870958,1338563,1
871099,1338666,1
871177,1338838,1
871101,1338925,1
871037,1339315,2
870966,1339400,1
871039,1339528,1
871186,1339717,3
871046,1339952,1
871113,1339971,1
871048,134005,1
871116,13401,1
871118,1340187,1
871053,1340280,1
871199,1340465,1
871056,1340533,1
947066,1340949,1
870989,1341096,1
870991,1341244,1
871131,1341340,1
952725,1341366,1
870993,1341455,1
871210,1341482,1
871214,1341677,1
871137,1341735,1
871138,1341793,1
871139,134191,1
871302,1341951,1
871140,1341964,1
953028,1342068,1
871219,1342134,1
871233,1342258,1
955202,1342272,2
871235,1342394,1
871237,1342492,1
871454,1342632,1
871530,1342633,1
946648,1342808,1
958562,1342810,1
871533,1342898,1
871243,1342941,2
871459,1342996,1
871535,1343019,2
871464,1343387,1
871541,1343541,1
871542,1343617,1
951437,1343680,1
871543,1343729,1
948158,1612403,1
850735,1612731,1
879703,161274,1
879823,1612873,2
879767,16130,1
951962,1613003,1
879705,1613142,1
879908,1613162,1
879770,1613343,1
879828,1613616,1
879829,1613853,2
879830,1613950,1
879831,1614100,1
851098,1614293,1
879715,161492,1
879835,1615147,1
879716,161529,1
879836,1615309,1
879778,1615353,1
879717,1615395,1
879840,1615836,1
879922,161584,1
879842,1615985,1
958507,1616008,1
959594,1616358,1
879725,161636,1
879927,1616392,1
879788,1616397,1
879847,1616462,1
879928,1616478,1
879789,1616495,1
879850,161661,1
879852,161692,1
879794,161694,1
879855,1617251,1
879796,1617344,1
879937,161747,1
879857,1617493,1
880099,1617514,1
879959,161753,1
947759,1617533,1
880100,161756,1
879859,1617581,2
879940,1617614,1
879943,1617790,1
879945,1618028,1
945786,1618124,1
879867,1618280,1
950667,161831,1
880110,1618444,1
879968,1618445,1
879873,161907,1
880115,1619107,1
880176,161962,1
959283,1619751,1
945594,1619811,1
880119,1619824,1
879977,161987,1
851431,1619971,1
880034,162020,1
880181,1620297,1
879981,16205,1
880183,1620612,2
953903,1620622,1
949182,1620989,1
880187,162125,1
879987,1621398,1
880188,1621408,1
880131,1621593,1
880132,162175,1
880048,1621903,1
880055,1622753,1
880142,1622774,1
880203,1623350,1
880058,1623384,2
953007,1623388,1
880059,1623434,1
880147,1623516,1
880008,1623757,1
880151,162397,1
880065,1624078,1
880152,1624115,1
880155,16243,1
880215,1624510,1
880217,1624733,1
949417,1625170,1
880077,1625444,1
880164,162545,1
880165,1625598,1
880252,1625600,1
880079,162570,1
880254,1625798,1
880169,162622,1
880083,1626305,1
953664,1626322,1
880173,1626919,1
954711,1627249,1
959724,1627760,1
880330,162806,1
880093,1628080,1
880094,1628202,2
880332,1628208,1
950791,1628296,1
880334,1628389,1
880096,1628430,1
880335,1628571,1
880477,1628762,1
958361,1629068,1
880247,1629125,1
880248,1629212,1
880341,1629279,1
880403,162965,1
880484,162975,2
880345,1629966,1
957033,1630267,1
880491,1630726,1
880351,1630761,1
880286,1630772,1
880352,1630882,1
880493,1631080,1
880288,1631195,1
880497,1631712,1
880357,1631723,1
880294,1632052,1
880420,1632276,1
949405,1632385,1
880423,1632829,1
880504,1632837,1
880299,1632922,1
880428,1633410,1
880304,1633552,1
880430,1634243,2
880306,163443,1
880513,163469,1
880373,1634709,1
880517,1635149,1
880518,163522,2
880441,1636048,1
880523,1636300,1
880321,1636924,1
880447,1637056,1
880528,1637063,1
880323,1637130,1
880529,1637405,1
880390,1637506,1
880531,1637674,1
880555,163775,1
880532,1637839,1
880535,163846,1
953320,163882,1
880397,1639037,2
880538,1639190,2
880562,1639207,1
880540,1639512,1
880709,1639899,1
880462,1640071,1
880544,1640087,1
880718,1640950,1
880786,1641149,2
880579,164128,1
880580,1641411,1
880476,164151,2
880725,1641548,2
880792,164169,1
959839,1641756,1
880585,164189,1
880794,1641960,1
880729,1641965,1
880730,1642134,1
880798,164240,1
880590,1642459,1
880734,164260,1
880641,164274,2
954718,1642790,1
880642,1642903,1
880801,164300,2
880594,1643007,1
951295,1643040,1
871467,1343783,2
871469,1344022,1
871547,1344154,1
871471,1344216,1
871549,134424,1
953243,1344242,1
871333,1344412,1
871475,1344460,1
871334,1344479,1
871337,1344639,1
871338,1344730,1
871481,1344863,1
871558,1344872,1
871340,1344874,2
871269,134510,1
871560,1345133,1
948025,1345205,1
871344,1345298,1
871487,134546,1
871489,134561,1
871276,1345675,1
871350,1345821,1
871278,1345827,2
871571,1346088,1
871353,1346089,1
871495,1346143,1
951158,1346199,1
954549,1346484,1
871286,1346521,1
871500,1346527,1
947825,1346689,1
871579,1346731,1
871361,1346736,1
871291,1346859,1
871583,1347009,1
871293,1347043,1
871366,134712,1
871294,1347178,1
871295,134721,1
953448,1347298,1
871369,134735,1
871510,1347357,1
871511,1347538,1
871371,1347607,1
952353,1347718,1
959955,1347826,1
951890,1347828,1
958624,1347884,1
871592,1347904,1
871374,1347922,1
871380,1348101,2
871604,1348233,1
871519,1348269,2
871383,1348329,1
871385,1348569,2
871522,1348588,1
871386,1348623,1
871609,1348656,1
871610,1348790,1
871611,134894,1
871390,1349093,1
871679,1349305,2
871757,1349323,1
871392,1349411,1
871680,1349440,1
955424,1349731,1
871618,1349763,1
871762,1349806,1
871764,1349937,1
871687,1350109,1
871401,1350134,1
871688,1350240,1
948039,1350304,1
959888,1350348,1
946583,1350533,1
871627,1350570,1
871407,1350775,1
871698,1351448,1
949123,1351612,1
871700,1351638,1
871414,1351707,1
871639,1351901,1
871705,1351985,1
959557,135221,1
871787,135226,1
871421,1352280,1
956696,1352511,1
871713,1352658,1
871792,1352661,1
871651,1352967,1
871718,1353041,1
871797,1353083,1
871721,1353456,1
871722,1353623,1
871658,1353788,1
871724,1353902,1
871725,1353970,1
871438,1354036,3
871805,135405,2
871809,1354695,1
871666,1354754,1
871444,135477,1
871732,135478,1
871733,135493,3
871447,1355161,1
871736,1355357,1
871449,1355390,1
871816,135546,1
871450,1355488,1
871817,1355537,1
959942,1355588,1
871741,1355744,1
871832,1355823,3
871836,1356255,1
871746,1356433,2
871828,1356675,1
871841,1356807,1
871752,13570,1
871981,1357419,1
850837,1357466,1
956702,1357566,1
872210,135760,1
953498,1357680,1
871921,1357682,1
871849,1357703,1
871922,1357824,1
871987,1357935,1
871852,1357966,1
871989,1358052,1
871926,1358176,3
950236,1358516,1
871928,1358523,1
871993,1358641,1
871931,1358697,1
871996,1358798,1
871998,1358941,2
949494,1359333,1
871867,1359670,1
872004,135980,1
872005,1359867,1
872232,1359901,1
872007,1360030,1
871873,136012,1
872236,1360202,1
952616,1360250,1
872011,1360535,1
871877,1360579,2
872012,1360599,1
871949,1360678,1
871879,136082,1
871881,1360935,1
949303,1360977,1
951087,1360995,1
947455,1361069,1
871884,1361219,1
948059,1361347,1
872020,1361469,1
872248,1361491,1
871957,1361524,1
872022,1361653,1
871891,1361988,3
872254,1362002,2
871892,1362012,1
871964,1362186,1
871893,1362200,1
872028,1362243,1
872256,1362269,2
871894,1362306,1
872030,1362417,1
872031,136249,1
872262,1362760,1
872055,1363248,1
871978,1363304,1
952086,1363350,1
872043,1363438,1
851353,1363505,1
872362,1363902,1
872062,1363903,2
872049,1364019,1
872278,1364072,1
872365,1364078,2
872279,1364118,2
955319,1364327,1
872281,1364383,1
872368,1364384,1
955230,1364387,1
872069,1364543,1
872283,1364567,1
959480,1364596,1
872132,1364597,1
872371,1364619,1
872071,136463,1
872134,1364669,2
872286,1364712,1
872073,1364730,1
951182,1364845,1
872292,1365176,1
872380,1365228,1
959219,1365462,1
872381,1365470,1
872082,1365507,1
949981,1365513,1
872083,1365534,1
872085,1365666,2
948068,1365668,1
872086,1365726,1
954772,1365962,1
952829,1366737,1
872154,1366943,1
956906,1366949,1
872393,1367074,1
958954,1367151,1
872155,1367210,1
872394,1367310,1
872309,1367340,1
945319,1367419,1
872310,1367490,1
955148,1367596,1
872098,1367635,1
950175,1367704,1
945577,1367906,1
872104,1368064,1
951098,1368094,1
872165,1368099,2
872405,1368232,1
872107,1368413,1
953156,1368428,1
872170,1368776,1
872410,1368981,1
872325,1369021,2
872412,1369247,1
872414,1369369,1
851551,1369402,1
872177,1369709,1
872179,1370095,2
872180,1370199,1
872420,1370234,1
872122,1370331,1
872336,1370455,1
872124,1370535,2
872125,1370619,1
872185,1370624,1
948042,1370687,1
872340,1370768,1
872426,1370783,1
872127,1370789,1
872128,1370825,2
953589,1370920,1
949362,1370953,1
872130,1370962,1
872344,1370996,1
872191,1371018,2
958430,1371246,1
872436,1371356,1
872194,1371425,1
872513,1371630,1
872352,1371650,1
872442,1371760,1
872444,1371880,1
950504,1371903,1
954855,1372109,1
872661,1372144,1
872586,1372160,1
872450,1372343,1
872591,1372658,1
945703,1372676,1
872592,1372805,1
872456,1372910,1
872594,1372989,2
872457,1373038,3
872460,1373209,1
872600,1373415,1
872676,1373578,1
872464,1373616,1
872677,1373664,1
872678,1373830,1
954717,1373861,1
872467,1373949,1
872680,1373955,2
872681,1374082,1
872541,1374145,1
945962,1374190,1
953387,1374207,1
872542,1374245,1
872683,1374273,1
872609,1374319,1
959228,1374325,1
872474,1374548,1
872549,1374765,1
872552,1374956,1
872556,1375337,1
872486,137555,1
872623,1375554,1
872559,1375626,1
949658,1375852,1
872628,1375961,1
872492,137607,1
954031,1376347,1
872711,1376560,1
872712,1376604,1
872637,1376640,1
872713,1376656,2
872638,1376680,2
872502,1376731,2
872639,1376733,1
947610,1376851,1
948051,1376890,1
872719,1377146,1
954324,1377309,1
872509,1377327,1
872646,1377331,1
872647,1377490,1
872738,1377496,1
872739,1377593,1
954797,1377694,1
872650,137776,1
872727,1377819,2
951928,1378009,1
951774,1378336,1
946438,1378394,1
872659,1378420,3
872750,1378481,1
872891,1378803,1
872967,1378855,1
872828,1378912,2
872895,1379123,1
872832,1379168,1
872758,1379247,1
872759,1379330,1
872897,1379414,2
872834,1379447,1
872760,137947,2
872974,1379621,1
872835,1379691,2
872761,1379703,1
949495,1379711,1
872975,1379713,1
872836,1379724,1
872976,137979,2
872764,1379925,1
872902,1379948,1
872839,1379970,1
958914,1379979,1
872766,1380112,1
872904,1380158,1
872905,1380203,1
850661,1380205,2
872769,1380351,1
872908,1380401,1
872909,1380480,1
872847,1380665,1
945373,1380689,1
872911,1380690,1
872848,1380732,1
959949,1380984,1
872915,1381112,1
872778,1381169,2
872853,1381215,1
872856,1381502,1
872783,1381579,1
872995,1381669,1
872785,1381811,1
872859,1381855,1
947065,1381944,1
872925,1382015,1
872861,1382125,2
872789,1382126,1
872928,1382386,1
872791,138249,1
872793,1382598,2
873005,1382645,1
954074,1382756,1
872795,1382777,1
872869,1382927,1
872936,1383254,1
873011,1383427,1
873014,1383610,1
872875,1383630,1
872804,1383923,1
872941,1383925,1
872878,1383992,1
872945,1384426,1
945433,1384603,1
948065,1384769,1
872887,1385067,1
873040,1385292,1
947663,1385311,1
951572,1386547,1
872959,138671,1
872960,1386807,1
948066,1386890,1
947001,1386951,1
872961,1387001,2
873122,1387029,1
872962,1387067,1
873124,1387295,1
873052,1387672,1
873188,1387738,1
873265,1388130,1
873191,1388196,1
953246,1388257,1
873056,1388336,1
952299,1388496,1
873268,1388601,1
873194,1388686,1
873195,1388721,1
873270,1388846,1
873135,1388917,1
873062,1389052,1
873198,1389126,1
873273,1389127,1
873064,1389264,1
873201,1389435,1
873068,1389958,1
873279,1390028,1
873143,1390116,1
957020,1390403,1
949203,1390426,1
873144,1390433,2
873282,1390531,1
873208,1390689,2
873283,1390695,1
873073,1390700,1
951183,1390703,2
955250,1390748,1
873074,1390772,1
873212,139117,1
873287,1391178,2
873290,139152,1
873081,1391706,1
873154,139172,1
873084,1392053,1
873295,1392189,1
873158,1392279,1
873086,1392316,1
851350,1392623,1
958433,1393152,1
950645,1393154,1
873304,1393300,1
873165,1393352,1
873095,1393386,2
873167,1393522,1
953330,1393543,1
873170,1393985,1
948053,1394006,1
873237,1394449,1
949932,1394524,1
873174,1394591,1
873105,1394699,2
873240,1394797,1
873176,139482,1
873317,1394861,1
873177,1394934,1
851014,1395231,2
873110,1395266,1
873113,1395877,1
873183,1395941,1
873249,1396037,1
873186,1396327,1
873252,1396364,1
873256,1396709,1
954476,1396865,1
873347,1396885,1
954601,1396919,1
954033,1396926,1
873260,1397167,1
873350,1397230,1
873351,139729,1
873424,1397660,1
873425,1397809,2
873356,1397827,2
873491,1397862,1
873567,1397878,1
873426,1397887,1
947151,1398021,1
873495,1398063,1
873571,1398075,1
873431,1398196,1
873498,1398281,1
873433,1398356,1
873500,1398361,1
873434,1398432,1
873501,1398476,1
873502,139864,1
873368,1398691,1
873504,1399028,1
873438,1399073,1
873439,1399120,1
873371,1399136,1
873373,1399345,1
873442,1399419,1
947319,1399597,1
873445,1399754,1
850321,1399767,1
873512,1399874,1
946578,1399969,1
873590,1400111,1
873383,1400457,1
958653,1400769,1
873386,1400893,1
873388,1401018,1
873599,1401036,1
873457,1401037,1
873601,1401083,1
873393,1401357,1
873463,1401404,1
873397,1401610,1
873401,1402035,1
873613,1402058,1
873471,1402066,1
873476,1402400,1
950008,1402560,1
851371,1402682,1
873624,1402910,2
873483,1403061,1
873639,14031,2
873627,1403144,1
873630,1403398,2
873713,140341,1
873631,1403428,1
873632,1403466,1
873715,1403485,1
873556,1403563,1
873557,1403619,1
950386,1403641,1
873648,1403642,1
873558,1403645,1
955059,1403837,1
873560,1404100,1
873651,1404237,1
873652,1404385,1
873785,1404451,1
873723,1404540,1
873862,1404580,1
873787,1404612,1
873655,1404683,1
873789,1404869,1
873790,1404927,1
873865,1405045,1
873661,1405179,1
873869,1405343,1
873871,1405664,1
873666,1405979,1
873873,1405982,1
873875,1406134,1
873738,1406196,1
873671,14064,1
873742,1406617,1
873881,1406892,1
873882,1406973,2
873677,140714,1
873810,1407195,1
952677,1407203,1
873747,1407208,2
873679,1407348,1
873749,1407385,1
958410,1407499,1
873888,1407514,1
851020,1407629,1
873815,1407718,1
873891,140778,2
873817,14078,1
959900,140795,1
873818,1407995,1
873893,1408008,1
873894,1408086,1
873820,1408094,1
873688,1408252,1
873823,1408694,1
873760,1408994,1
873825,1409139,1
873692,1409181,1
873762,1409466,1
948074,1409548,1
946356,1410106,1
873767,1410238,1
873770,1410852,1
873772,1411016,2
873703,141104,1
873838,1411097,2
873707,1411496,1
873842,1411519,1
946859,1411593,1
954061,1411726,1
873917,1411820,2
958693,1412003,1
873845,1412063,1
873779,1412089,1
851169,1412232,1
873939,1412583,1
873941,1412912,1
873854,1413291,2
874011,1413297,1
959144,1413475,1
873859,1414188,1
873933,1414212,1
874022,1414674,1
873956,1414733,1
874169,1414788,1
874092,1415008,1
874033,1415787,1
874100,1415800,2
958934,1416055,1
874037,1416141,1
873970,1416263,1
874105,1416281,1
874041,141661,1
952436,1416619,1
946233,1416908,1
873975,1417226,1
874110,1417246,1
874189,1417328,1
874045,1417346,2
874046,1417524,1
874048,1417637,1
874200,1418479,1
874123,1418765,1
874202,1418778,1
873991,1419426,1
874127,1419433,1
873992,1419557,1
874128,1419572,1
952464,1419580,1
874066,142007,1
873996,1420114,1
873998,1420266,1
874069,1420447,1
873999,142053,1
874135,14206,1
874000,1420623,1
874215,1420821,1
874073,14209,1
874075,1420984,1
874005,1420985,1
874008,1421531,1
874383,1421665,1
874225,1422076,2
874083,1422080,1
874152,1422380,1
874229,1422391,1
874236,1422426,1
874237,1422607,1
874393,1422661,1
950908,1422790,1
948078,1423307,1
874244,142348,1
874313,1423774,1
874402,1423993,1
874250,1424068,1
874317,1424106,1
874255,1424460,1
851239,1424606,1
874324,14248,1
874467,1424899,2
874413,1425025,1
851550,1425091,1
874263,1425231,2
874472,1425262,1
874417,1425361,1
874266,1425493,1
874332,1425502,1
956711,1425618,1
874336,1425878,1
874480,1425910,1
955449,1426186,1
874274,1426424,1
874340,1426464,2
946857,1426580,1
957133,1426732,1
959569,1426747,2
874279,1426971,1
874432,1427151,1
958522,1427166,1
874349,1427442,1
958324,1427488,1
874493,1427523,1
874437,142756,1
874286,1427636,1
874288,1427832,1
874289,1427944,1
948090,1428146,1
874499,1428152,1
874500,1428267,1
874292,1428315,2
874501,142834,1
874296,1428811,1
874505,1428858,2
874362,1428881,1
874506,1428946,1
947400,1429113,1
874508,1429266,2
950245,1429370,1
956745,1429439,1
874301,1429732,1
874512,1429854,1
874370,1429938,1
952696,1429950,1
959166,1429960,1
874534,1430234,1
874308,1430406,1
874376,1430530,1
874538,1430592,1
874520,1430618,1
874377,1430621,2
874606,1430679,1
874521,1430705,1
874607,1430766,1
950351,1430917,1
874379,1430934,1
874756,1431231,1
874546,1431480,1
874617,1431764,1
874552,1432197,1
874683,143220,1
874684,1432384,1
874554,1432437,1
947035,1432444,1
851246,1432655,1
956725,1432687,1
874770,1432766,2
874689,1432897,1
874627,1433161,1
874628,143323,1
874561,143325,1
874775,1433462,2
951456,1433501,1
948098,1433686,1
874566,1433762,1
874697,1433793,1
874635,1433943,1
874571,1434350,1
874641,1434474,2
874574,1434534,1
874708,1434742,2
874790,1434833,1
874579,1435017,1
946674,1435150,1
874655,1435573,3
874587,1435589,1
874588,1435668,1
874720,1435695,1
947563,1435726,1
947501,1435750,1
874590,1435797,1
874659,1435818,1
874727,1436276,2
874595,1436319,1
874728,1436358,1
947306,1436568,1
874811,1436585,1
874667,1436587,1
953375,1436612,1
874668,1436677,1
874600,1436770,1
947454,1437010,1
874816,1437101,1
874817,1437211,1
874818,1437367,1
958945,1437390,1
949889,1437411,1
874674,1437451,1
874819,1437481,1
874677,1437656,1
950952,1437744,1
951906,1437783,1
949382,1437984,1
954783,1438164,1
874745,1438217,1
874909,1438339,1
874847,1439023,1
874848,1439076,1
874755,1439262,1
875062,1439762,1
958494,1439797,1
874921,1439802,1
874922,1439835,1
947794,1439867,1
875065,1439957,1
875066,1440189,1
874925,1440236,1
956933,1440333,1
874989,1440382,2
874928,1440472,1
874930,1440574,1
875073,1440728,1
874996,1441012,1
875078,1441456,1
874999,1441486,1
874937,1441513,1
875000,1441596,1
875081,1441789,1
874939,1441865,1
875083,1442084,2
874875,1442167,2
875004,1442170,2
959412,1442337,1
875005,1442398,1
953113,1442500,1
874879,1442695,1
874881,144282,1
875010,1442853,1
875090,1442855,1
875011,1442906,1
875092,1443127,1
874884,1443205,1
875093,1443237,2
874951,1443249,1
875094,1443336,1
851030,1443591,3
951442,1443801,1
875100,1443898,1
874891,1443905,1
875022,1444089,2
874960,1444222,1
874893,1444278,1
947404,1444345,1
956839,1444539,1
875105,1444573,1
874963,1444591,1
875031,1445311,1
875112,1445350,1
945529,1445419,1
851031,1445583,3
952282,1445789,1
954446,1445837,1
875037,1446001,1
875132,1446340,1
875124,1446659,1
875044,1446842,2
875135,1446850,1
875214,1447077,1
875138,1447272,1
959939,1447956,1
875142,1448319,1
875052,1448393,2
875355,1448510,1
875144,1448697,1
952709,1448708,1
875146,1448889,2
875359,1448962,1
875226,144900,1
875281,1449009,1
875149,1449122,1
875283,1449278,1
952596,1449359,1
875363,1449368,1
875230,1449387,1
875285,1449561,1
875364,1449581,1
875153,1449762,2
875368,1450091,1
875156,145017,1
875370,1450280,2
875292,1450476,1
875372,1450546,1
875159,1450624,1
875376,1450922,1
875162,1450980,2
875245,1451113,1
875167,1451605,1
851294,1451757,1
875304,1451823,1
875305,1451886,1
946175,1452015,1
875250,1452020,2
947662,1452084,1
959854,145228,1
875173,1452369,1
956923,1452632,1
875313,1452869,1
951204,1452954,1
954973,1453040,1
875258,1453110,1
851039,1453172,2
875396,1453356,1
875263,1453656,1
875320,1453821,1
875321,1453916,1
875323,1454125,1
875402,1454131,1
875187,1454198,1
875267,1454275,1
875268,1454315,1
950969,1454368,1
875193,1454659,1
875409,1454689,1
875194,1454703,2
875330,1454726,1
875195,1454738,1
875197,145484,2
875276,1454880,1
875415,1455121,1
875431,1455142,1
875418,1455573,1
949529,1455608,1
952150,1455668,1
875422,1455917,1
875423,1455951,1
953801,1455992,1
875424,1456063,1
875440,1456141,1
948087,1456666,1
875447,145703,1
875745,1457224,1
875352,1457285,2
875587,1457754,1
875749,1457767,2
875751,1458151,1
875455,1458316,3
875514,1458728,1
875515,1458775,1
875517,1458976,1
875598,1459110,1
875463,1459131,1
875761,1459169,1
875601,1459332,1
875466,1459403,1
947828,1459521,1
875770,1460589,1
875529,146061,1
875530,1460736,1
875610,146078,1
875773,1460934,1
946569,1460940,1
875478,1461177,1
875614,1461222,1
945870,1461229,1
954827,1461394,1
947044,1461423,1
875481,1461637,1
875537,146167,1
875482,146184,1
875618,1461886,2
875539,1462064,2
875540,1462225,1
851042,1462230,1
875541,1462248,2
875489,1462774,1
875625,1462847,1
875548,1462927,1
875627,1462929,2
875628,1462977,1
875552,1463429,1
959586,1463533,1
875633,1464060,1
875796,1464063,1
875634,1464145,1
875557,1464538,1
875637,1464845,1
875502,146503,1
875562,1465352,2
875642,1465416,2
875657,1465453,1
875643,1465584,1
875644,1465722,2
875660,1466080,1
875567,1466089,1
875808,1466252,1
875815,1466909,3
875654,1467054,1
875576,1467203,1
875956,1467291,1
875578,1467457,1
875881,1468058,1
875824,1468289,1
957024,1468391,1
950333,1468418,1
875886,146867,1
875828,1468674,2
875889,1468902,2
875688,1469436,1
875690,1469653,1
875974,1469804,1
954473,1469864,1
875897,146988,1
875900,1470178,1
875696,1470496,1
875842,1470588,1
875981,1470670,2
955045,1470692,1
875906,1471261,1
875984,1471272,1
958512,1471889,1
952193,1471890,1
875989,1471925,1
875706,1471940,1
875707,1471964,1
875991,14720,2
875854,1472105,1
875993,147228,1
875855,1472280,1
875996,1472415,1
875922,14730,1
875862,1473033,1
876001,1473102,1
876002,1473184,1
875925,1473262,2
875927,1473600,1
875928,1473710,1
951315,1474192,1
875724,1474319,1
876009,1474361,1
876010,1474498,1
876011,1474559,1
947515,1474731,1
875728,1474791,1
875876,1475057,1
875878,1475528,1
850895,1475838,1
876019,1476274,1
876035,1476290,2
875942,1476677,1
876022,1476720,1
875944,1476754,1
876023,1476777,1
947715,1476785,1
876184,1476813,1
875945,1476851,2
876042,1477303,1
875948,1477323,1
876027,147740,2
875951,1478131,1
876192,1478354,1
850963,1478461,4
876259,1478653,1
876194,1478662,1
851148,1478727,1
876196,147878,1
876108,147884,1
876263,1479059,2
876199,1479088,1
876264,147914,1
876265,147920,1
876266,1479358,1
876202,1479424,1
876059,1479520,1
876116,1479717,1
876062,147990,1
876117,1479930,2
956659,1479936,1
876207,1479999,1
876272,1480043,1
850935,1480263,1
851424,1480280,1
876211,1480541,1
876212,1480664,3
876123,1480809,1
876275,1480899,2
950430,1480919,1
876276,1480969,1
876071,1481293,1
876278,1481320,1
864870,120633,1
864798,120634,1
864717,1206358,2
864800,1206484,1
864719,1206553,1
864653,1206843,1
864722,1206845,1
864876,1206855,1
864654,1206898,1
864727,1207272,1
864963,12073,1
864729,1207361,1
957127,1207394,1
865119,1207626,1
864970,1207724,1
864971,1207780,1
864972,1207836,1
864974,1207964,1
865126,120799,2
864975,1208115,2
865048,1208157,1
955279,1208257,1
864895,1208501,1
947972,1208503,1
865131,120857,2
864898,120877,2
864900,1208864,1
864901,120893,1
864987,1209048,1
864988,1209080,1
864904,1209087,1
865060,1209102,1
865140,1209115,1
865062,1209354,2
959862,1209367,1
865144,1209475,2
864909,1209635,1
947307,1209960,1
865068,1210035,1
865070,1210175,1
865072,1210279,2
865152,1210285,1
864917,1210316,1
865155,1210514,1
944225,1210749,1
865157,1210775,1
865158,1210941,1
865007,1210951,1
865079,1210984,1
865080,1211059,3
865010,1211208,1
864926,1211220,1
865082,1211249,1
864929,1211547,1
865014,121170,1
865085,1211728,1
865167,1211864,1
864932,121195,1
865169,1212041,1
865172,1212266,1
864938,1212380,1
865093,1212387,1
952642,1212462,1
865094,1212574,1
864940,1212636,1
951939,1212755,1
951555,1212849,1
864944,1212998,2
865181,1213217,1
864947,1213253,2
865185,1213394,2
865034,1213449,1
864950,1213492,1
864952,12136,1
865107,1213648,1
865414,1213805,1
864953,1213862,1
945261,1213883,1
865108,1213892,1
865416,1213975,1
865417,1214002,1
865418,1214028,2
865264,121431,1
865343,1214503,1
865346,1214788,1
947973,1214823,1
865348,1214934,1
865428,1214949,1
865202,1214969,1
865271,1214985,1
865273,1215240,1
865205,1215310,1
865433,1215544,1
946869,1215828,1
865437,1215861,1
865278,1215871,1
865360,1216174,1
865441,1216363,1
865282,1216390,1
865283,1216431,1
865363,1216513,1
865284,1216555,1
865285,1216630,1
865219,1216842,1
865286,1216849,1
865220,1216896,1
949376,1216917,1
865368,1217023,2
865289,1217058,2
865369,1217081,2
959908,1217124,1
865224,1217167,1
865291,1217185,1
865371,1217196,1
865225,1217264,1
865227,121737,1
946817,1217531,1
865233,1217921,1
865460,1217990,2
865236,1218210,2
865383,1218261,1
865463,1218285,1
865239,1218493,1
865466,1218597,1
865309,1218873,1
865311,1218926,1
865472,1218979,1
865314,1219112,1
865396,1219203,1
865250,121921,1
952296,1219242,1
865401,1219475,1
865256,1219536,1
865257,1219623,1
865324,1219701,1
865404,1219706,2
865484,1219714,1
865325,1219730,2
865408,1219856,1
865410,1219952,1
865332,1220130,1
865334,1220232,1
865494,1220308,1
851641,1220449,1
950190,1220459,1
865337,1220462,1
956729,1220464,1
865716,1220473,1
945426,1220684,1
865501,1220813,1
951007,1220818,1
865502,122089,1
952259,1220947,1
865571,1220979,2
865725,1221,1
865505,1221028,1
865506,1221107,1
865573,1221139,1
865727,1221197,1
865729,1221321,1
865577,1221420,1
865510,1221447,1
865578,1221449,1
865512,1221549,1
865580,1221569,1
947979,1221683,1
865513,1221698,1
865524,1222429,1
865676,1222505,1
946575,1222517,1
865748,1222557,1
865595,1222682,1
865749,1222712,2
865679,1222764,1
865529,1222772,1
865600,1222927,1
865534,1223030,1
865685,1223049,1
865536,1223094,1
865758,1223097,1
865759,1223118,2
865688,1223153,1
865606,1223156,1
865539,1223186,1
865609,1223330,1
865693,1223408,2
865543,1223414,1
950802,1223433,1
865611,1223448,1
865544,1223517,3
865612,1223525,2
865545,1223541,1
946392,1223604,1
865548,1223779,1
865616,1223788,1
865770,1223792,1
952075,1223801,1
865549,1223838,1
865772,1223892,1
865551,1223897,1
865555,1224172,1
865706,1224205,1
865707,1224262,1
865557,1224263,1
865778,1224309,1
865780,1224498,2
865629,1224753,1
958690,1224784,1
865865,122483,1
865632,1224952,2
865634,1225143,1
865869,1225186,1
865790,1225242,1
945371,1225274,1
865871,1225301,1
865791,1225357,1
865873,1225439,1
865941,1225440,1
865942,1225521,1
865794,1225534,1
865875,12256,1
865795,1225634,1
865876,1225651,1
865798,1225731,2
959454,1225829,1
865799,12259,1
866030,1225903,1
866034,1226157,1
952016,1226170,1
865885,1226212,1
866036,122627,2
865807,1226331,1
865808,1226393,1
865809,1226419,1
865810,122646,1
865959,1226474,1
865811,1226476,2
865892,1226485,1
865893,1226536,1
865813,122659,1
866049,1226877,1
865899,122691,1
865901,1227157,1
865970,1227195,1
866054,1227301,1
958379,1227503,1
865975,1227559,1
866060,1227765,1
865830,1227857,1
865980,1227862,1
865913,1227926,1
865832,1227943,3
947413,1227980,1
865984,1228254,1
950433,1228325,1
947219,1228351,1
865987,1228538,1
865838,1228549,1
866070,1228556,1
866071,1228681,1
865991,1229000,1
865924,1229131,1
865844,1229266,1
866076,1229273,3
865994,1229311,1
866077,1229471,2
865997,1229763,1
866082,1229928,1
865851,1229968,2
866084,1230039,1
865853,1230083,1
866003,123012,1
866086,1230212,1
866004,1230228,1
865857,1230442,1
865858,1230505,1
866090,1230542,1
954421,1230556,1
866008,1230598,1
866168,1230654,1
866169,1230757,1
950932,1230898,1
866173,123108,1
949704,1231108,1
866243,1231123,1
866320,1231125,1
866174,1231128,1
866099,1231130,1
866245,1231202,1
866176,123127,1
866326,1231610,1
955527,1231627,1
866328,1231720,2
866183,1231826,1
866108,1231840,1
946123,1231865,1
866256,1231961,1
866188,1232081,1
866259,1232178,1
866193,1232304,1
866118,123233,1
866339,1232398,1
951806,1232593,1
866268,1232605,1
866345,1232645,1
952736,1232713,1
866127,1232802,1
866272,1232804,1
866273,1232835,1
866131,1232979,1
866354,1233201,1
866279,1233338,1
866210,1233349,1
866135,1233371,1
866358,1233538,1
866213,1233564,1
866363,1233857,1
866143,1233874,1
950988,1233919,1
866146,123410,1
866223,1234204,1
866148,1234242,2
866150,1234369,1
866372,1234478,1
866227,1234487,1
866154,1234603,1
866376,1234642,1
866156,1234662,1
866302,1234855,1
950467,1234987,1
866386,1235277,1
866392,1235321,1
866388,1235395,1
866313,1235412,1
866395,1235482,1
866315,1235567,1
866468,1235581,1
866316,1235623,1
949650,1235752,1
866543,1235853,2
866473,1235873,1
866402,1235896,1
956841,1235934,1
866621,1236060,1
866622,123612,1
866478,1236172,1
866551,1236309,1
866627,1236353,1
866553,1236458,2
866483,1236470,2
876217,1481323,1
876128,1481356,1
876073,1481602,1
949513,1481914,1
876075,1481959,1
876131,1481966,1
876221,1481994,1
851457,1481997,1
876132,1482015,1
851052,1482089,1
876134,1482534,1
951956,1482835,1
876228,1482928,1
876138,1483087,1
876289,1483108,1
876084,1483278,1
876291,1483355,1
876085,1483359,1
876144,1483701,1
876089,1483959,1
876147,1484279,1
876148,1484529,1
876093,1484604,1
876240,1484665,2
876094,1484721,2
876302,1484807,1
876242,1484809,1
951718,1484812,1
876096,1484859,1
876097,1485062,1
876244,148517,1
954041,1485212,1
876307,1485473,2
876249,1485743,1
876162,1486145,1
876313,1486162,1
876254,1486336,1
876331,1486361,1
876255,1486427,1
876337,1487122,1
876171,1487292,1
876323,1487353,1
876341,1487465,1
876175,1487759,2
876176,1487901,1
876177,1488006,1
876328,1488017,1
876179,1488338,1
876418,148855,1
876348,1488596,1
876351,148898,2
876423,1489124,1
876355,1489512,1
876488,148956,1
959411,1489952,1
876428,1489998,1
876358,1490033,1
876495,1490859,1
951628,1490897,2
876574,1491066,1
876434,1491158,1
876364,1491167,1
956918,1491311,1
876437,1491532,1
851060,1491655,4
876368,1491762,1
876369,1491941,1
876580,1491950,1
876503,1492043,1
956644,1492099,1
950079,1492137,1
876506,1492460,1
876507,149257,1
876586,1492578,1
876376,1492609,1
957095,1492753,1
876589,1492965,1
876514,1493274,1
876593,1493280,1
876455,1493476,1
959123,1493546,1
876457,1493731,1
876520,1493838,1
952753,1493918,1
876459,1493951,1
955158,1494130,1
945522,1494176,1
876522,1494188,1
876602,1494308,1
876391,1494379,1
876525,1494594,1
946486,1494770,1
876394,1494877,1
876529,1495042,1
876400,1495888,1
876476,1496642,1
876617,1496706,1
876477,1496778,1
876539,1496831,3
876619,1497075,1
876480,14972,1
876623,1497447,1
876709,1497460,1
876710,1497729,1
950173,1497787,1
876626,1498142,1
876713,1498337,1
876549,1498345,1
876644,149838,1
876858,1498963,1
876718,1499045,1
876556,1499240,1
876781,1499326,1
876861,1499328,1
876721,1499343,1
876654,1499528,1
876864,1499542,1
876655,1499700,1
949757,1499724,1
876867,1500057,1
876659,1500243,1
876731,1500813,1
951006,1500966,1
947511,1501058,1
876877,1501386,1
876798,150144,1
876741,1502125,1
876673,1502194,1
876803,1502199,1
954741,1502504,1
876744,1502555,1
876807,1502865,1
876747,1502988,1
876748,1503079,1
876682,1503390,1
876813,1503486,1
876752,1503639,1
876684,1503667,1
876753,1503711,3
876689,1504159,1
876819,1504216,1
876898,1504223,1
876759,1504479,1
876691,1504487,1
947510,1504500,1
876823,1504731,1
876903,1504844,1
876763,1504852,1
876695,150487,2
876764,150494,1
876829,1505385,1
876912,1506073,1
876703,1506096,1
876914,1506226,1
876705,1506254,1
876706,1506403,1
876933,1506438,1
951128,1506461,1
876934,150650,1
876779,1506920,1
876780,1507004,1
876938,1507179,1
950250,1507204,1
956795,1507308,1
876923,1507311,1
957073,1507321,1
876845,1507381,1
876926,1507508,1
851136,1507557,2
876848,1507584,2
955293,1507720,1
876948,1508796,1
876857,1509498,1
877161,1509815,1
877163,1510057,1
866484,1236497,1
866414,123659,1
866486,1236661,1
866558,1236782,1
866488,1236791,1
866416,1236792,1
866489,1236829,1
949697,1236878,1
866419,1236986,2
866492,1237021,1
866639,123708,1
866495,1237166,1
866426,1237339,1
866429,1237474,1
866649,1237626,1
866574,1237628,1
956168,1237795,1
866656,1237978,2
866514,1238173,1
866586,1238257,1
866444,1238414,1
866520,1238527,2
866521,1238565,1
947980,1238573,1
866666,1238590,1
866525,1238841,1
959953,1239105,1
866599,1239185,1
866600,1239289,1
866677,123942,1
866459,1239454,1
866679,1239537,1
866535,1239618,2
866463,1239667,1
866537,1239765,1
866692,1239835,1
866684,1239860,1
866765,1239907,1
866767,1239983,1
866614,1240093,1
866769,1240110,1
947463,1240166,1
866699,1240183,1
866919,1240205,2
866701,1240351,1
866844,1240463,1
866845,1240586,1
866923,1240591,1
959194,1240869,1
866929,1241037,1
866711,1241208,1
866932,124122,1
866856,1241381,1
866934,1241383,1
866861,1241769,1
866940,1241843,1
866793,1241864,1
866720,1241915,1
866864,1241976,1
866943,1242034,1
866945,1242227,1
866798,1242234,1
866799,1242266,1
866870,12424,1
866948,1242445,1
866949,1242529,1
866954,1243014,1
866958,1243395,1
866739,1243552,1
945950,1243659,1
866741,1243896,1
866963,1243928,1
866965,1244225,1
866889,1244360,1
866821,1244512,1
866891,1244537,1
866970,1244612,2
866893,1244670,1
866972,1244936,1
866895,1244968,1
947984,1245087,1
866754,1245149,1
866976,1245182,1
866830,1245428,1
866756,1245430,2
866979,1245501,2
866832,1245582,2
866980,1245717,1
866833,1245734,1
866903,1245810,1
866905,1245899,1
866983,1245901,1
866984,1246052,2
866763,1246100,1
866764,1246277,1
866988,1246437,1
867223,1246533,1
866914,1246643,2
866992,1246645,2
866915,124672,1
867004,1247021,1
867005,124704,1
867074,1247248,1
867009,1247285,1
867010,1247340,1
850979,1247373,1
867153,1247542,1
867012,1247586,1
867081,1247813,1
867015,1247844,1
867016,1247903,1
867242,1247912,1
867017,124792,1
945676,1247927,1
867243,1247947,1
950919,1248002,1
867162,1248144,1
867020,1248182,1
867090,1248469,1
850980,1248589,1
867092,1248707,1
867168,1248709,1
867252,1248832,1
867027,1248969,1
867254,124905,1
867028,1249055,1
867172,1249069,1
867181,1249656,1
867265,1249725,1
867039,1249842,1
867183,1249908,1
867108,1249977,1
867184,1249995,2
867267,125,1
867109,125012,1
954287,1250477,1
946808,1250853,1
867195,1251087,1
867120,125113,2
867054,1251304,1
867122,1251312,1
867198,1251331,1
867057,125153,1
867127,1251661,1
958938,1251794,1
867129,1251902,1
867208,1252134,1
867133,1252161,1
867290,1252274,1
867291,1252311,3
867135,1252332,1
867211,1252344,1
867212,1252378,1
867295,125245,1
867215,1252538,1
867140,125256,2
867142,125288,1
867301,12531,1
950808,1253179,1
867221,1253195,1
867378,1253210,1
949074,1253575,1
867388,1253876,1
867532,1253904,2
867389,1253917,1
867316,1254099,1
867318,1254189,1
867395,1254524,3
867465,1254607,1
867540,1254620,1
867396,1254625,1
867322,1254634,1
867466,1254638,1
867323,1254669,2
949368,1254999,1
947706,1255106,1
877085,1510120,1
877087,1510208,2
877166,1510242,1
876958,1510251,1
877167,1510256,1
877089,1510327,1
877169,1510392,1
877033,1510519,1
946586,1510735,1
877035,1510799,1
877173,1510932,1
877095,1510999,2
877174,1511043,1
877037,1511068,1
959895,1511094,1
877038,151132,1
877176,1511638,1
877098,1511843,2
877179,1511983,1
876971,1512013,1
949741,1512055,1
877180,1512156,1
876975,1512568,1
877184,1512618,1
877047,1512635,1
876976,1512665,1
877107,1512902,1
877187,1513223,1
877188,1513306,1
877110,1513449,1
877111,1513513,1
877190,1513526,1
876982,1513544,1
947696,1513556,1
877112,151361,1
877113,1513829,1
877191,1513836,1
877192,1514095,1
851067,1514111,1
877116,1514386,1
947640,1514399,1
877057,1514475,1
876987,1514490,1
877117,1514578,1
877118,1514727,1
877197,1514860,1
877120,1515025,1
877198,1515043,1
876995,1515633,1
877067,1515974,1
876998,1515999,1
877068,1516094,1
877129,1516140,1
877130,1516370,1
877208,1516416,1
877132,1516575,1
877003,1516739,1
877074,1516929,1
877213,1517226,1
877077,1517381,2
877216,1517646,1
877079,1517680,2
877235,1518043,1
947164,1518387,1
877239,1518552,1
877146,1518578,1
877313,1519166,1
877242,1519167,1
877149,1519174,1
877243,1519225,1
877150,1519233,1
952054,1519234,1
877316,1519455,1
877246,1519559,1
877230,1519591,1
877319,1519659,1
877462,1520170,1
953859,1520177,1
877324,1520389,1
877326,1520773,1
877328,1521108,1
957094,1521552,1
877262,1522215,1
877474,1522601,1
877475,1522770,1
877266,15229,1
877478,1523188,1
877270,1523545,1
877340,1523815,1
958801,1524004,1
877273,1524190,1
877274,1524521,1
877408,152534,1
877410,1525719,1
877279,1525877,1
877411,1525967,1
877281,1526197,1
955157,1526428,1
877492,1526580,1
877284,1526800,1
877494,1526967,1
877495,1527114,1
877496,1527312,2
877287,1527495,1
877500,1527930,1
947385,1528165,1
954723,1528818,1
877368,1529522,1
877369,1529697,1
877513,1530405,1
877373,1530416,2
877374,1530512,1
877305,1530584,1
877375,1530638,1
877379,1531268,1
877526,1532037,1
877545,153205,1
877546,1532182,1
956976,1532408,1
877620,153277,1
877454,1532986,1
877455,153308,1
877456,1533350,1
877457,153348,1
877625,1533498,1
877458,1533569,1
877690,153383,1
877557,1533924,1
877629,1534029,1
877769,1534078,1
877770,1534136,1
877560,1534141,1
877772,1534283,1
877697,1534456,1
877774,1534534,2
877778,1535165,1
877568,1535246,1
877569,1535383,1
877570,1535494,1
953805,15358,1
877782,1535890,1
877708,1536023,2
877785,153607,1
877709,153637,1
952514,1536384,1
948141,1536499,1
877648,1536747,1
877711,1536769,1
877712,1536902,2
851413,1536944,1
877652,1537070,1
877581,153708,1
877792,1537168,2
877582,1537312,1
877587,1537858,1
877591,1538215,1
877664,153841,1
877805,1538694,1
877595,153873,1
877808,1539117,1
877736,1539609,2
946643,1539610,1
947296,1539718,2
877738,1539757,2
877739,153980,1
877679,1539908,1
877819,1540061,1
877609,1540099,1
877821,1540378,1
877686,1541045,1
877827,1541453,1
877829,1541842,1
877917,1542009,1
877850,1542251,1
877834,154254,1
949940,1542712,1
867331,1255352,1
867407,125553,2
867334,1255620,1
867480,1255757,1
867481,1255880,1
867338,1255917,1
867414,1256002,1
867484,1256025,1
867485,1256030,1
867342,125610,2
867561,1256156,1
950887,1256206,1
867343,1256228,1
867562,1256260,1
867487,1256322,1
867421,1256595,1
867491,1256784,2
950893,1257140,1
952234,1257223,1
867498,1257269,2
867355,1257315,1
867575,1257491,2
867577,125761,1
867505,1257934,1
867438,1257995,1
867583,1258071,1
867440,1258232,1
867365,1258255,2
867510,1258491,1
867442,1258518,1
950134,1258717,1
867444,1258752,1
867515,1259024,1
867600,1259130,2
867516,1259133,1
867602,1259186,2
867518,1259238,1
867597,125964,1
867679,1259649,1
867598,1259681,2
867682,1259916,1
867687,1260354,1
867614,1260357,2
949076,1260523,1
949077,1260532,1
867691,1260642,1
867618,126068,1
867619,1260751,1
867761,1260752,1
950539,126150,1
867844,1261706,1
867771,1261817,1
867634,1262393,1
867778,1262654,1
851430,1262968,1
867856,1262973,1
867640,126306,2
867857,1263105,1
867858,1263259,1
867717,1263689,1
951513,1264051,1
954969,1264118,1
867789,1264120,2
867864,1264148,1
867650,1264301,1
867655,1264762,2
867871,1264773,2
867873,1264964,1
867875,1265026,1
867802,126525,1
867877,126528,1
958939,1265399,1
850654,1265469,1
867806,1265560,1
867808,1265759,1
951239,1265793,1
952104,1266193,1
867746,126630,1
867889,1266386,1
867747,1266391,1
867890,1266428,1
868126,1266447,1
867817,1266467,2
949562,1267072,1
868050,1267200,1
868135,126721,1
953461,1267275,1
867978,1267376,1
867911,1267580,1
867912,1267674,2
867914,1267844,1
868141,1267930,1
867918,1268233,1
867986,1268264,1
950121,1268467,2
950823,1268560,1
868067,1268923,1
868068,1269024,2
867930,1269391,1
868073,1269475,1
868158,1269525,1
954053,1269544,1
868074,1269590,2
868001,1269625,1
946229,1269654,1
868161,1269753,1
947799,1269827,1
868162,1269931,1
868006,12701,2
868165,1270123,1
950184,1270140,1
868166,1270192,2
868082,1270295,1
947117,1270517,1
868013,1270910,2
868174,1271245,1
867948,1271262,1
868017,1271322,1
867950,1271355,1
868018,1271368,1
868177,1271449,1
867951,1271463,1
952919,1271493,1
868020,127161,1
868096,1271985,1
868024,1272160,1
868184,1272355,1
867958,127238,1
868102,1272550,1
868028,1272643,1
868189,1272766,2
867963,1272805,1
868107,1273060,2
868033,127308,2
868108,1273095,1
867968,1273326,1
868196,1273783,2
868112,1273879,1
868038,1273940,1
868198,1273977,1
868114,1274006,1
868201,1274207,1
868118,1274337,1
868280,1274350,1
868048,1274776,1
868123,1274815,2
868125,1274956,2
868287,1274971,1
868213,1275049,1
947676,1275056,2
868432,127513,1
868215,1275222,1
868360,127548,2
868364,1275728,1
868221,127582,1
868443,1276126,2
868300,1276208,1
959251,1276500,1
868447,1276507,1
868231,127679,1
868375,1276803,1
868450,127683,1
868306,1276873,2
868232,1276881,1
868377,1277042,1
868452,1277044,1
868235,1277124,1
868312,1277414,1
868238,1277426,1
868382,1277436,1
868239,1277487,1
868240,1277529,2
868384,1277530,1
868460,1277601,1
947624,1277959,1
868245,1278157,1
877855,1542857,1
877925,154293,2
877856,154296,1
877760,1542961,1
877926,1543063,2
877927,1543167,1
878071,154321,1
877763,1543329,1
877930,1543465,1
877993,1543470,1
878074,1543488,1
877995,154355,1
878079,154376,1
878080,1543830,2
877938,1543915,1
878001,1543936,1
877871,1544252,2
877942,1544319,1
878005,1544353,1
878086,1544367,1
878088,1544565,1
878092,1544984,1
878093,1545093,1
877880,1545225,1
877952,1545418,1
877884,1545615,1
946288,1546201,2
877960,1546496,1
877891,1546528,1
878024,154657,1
877894,1546891,1
878027,1546895,1
877964,1546905,1
878109,1547057,1
877896,1547194,1
877966,154721,1
878112,1547325,1
877901,1547483,1
947303,1547753,1
877907,1548599,1
878123,1549117,1
877911,1549207,1
878125,1549264,1
878129,1549511,1
878051,1549656,1
878052,1549709,1
878151,1549761,1
878134,1549827,1
877990,1549831,1
878152,1549887,1
878135,1549981,1
878156,1550456,1
878226,1550714,1
878158,1550811,1
878060,1550838,1
957147,1551061,1
878230,155110,1
878164,1551273,1
878165,155149,1
878166,155170,1
878167,1551935,1
878377,155206,1
878238,1552283,1
878173,1552764,1
946993,1552844,1
878306,1552981,1
878384,1553026,1
878308,155326,1
878178,1553368,1
851155,1554109,1
878184,1554141,1
878394,1554171,1
878253,1554412,1
878316,1554536,1
878186,1554593,1
878317,1554606,1
958602,1554826,1
948118,1554938,1
878190,1555005,1
878400,1555137,1
878261,1555593,2
949090,1555610,1
945802,1555665,1
878324,1555705,1
851607,1556014,1
878196,155612,2
878406,1556178,1
953053,1556294,1
878407,1556355,1
950348,1556431,1
878409,155656,1
878269,155671,1
958424,1556747,1
878203,1556988,1
878273,1557314,1
878336,155754,1
878276,1557727,1
948121,1557748,1
878339,1557897,1
878419,155790,1
878210,155793,1
952708,1557974,1
878421,1558310,1
878280,155834,1
878212,155835,1
878341,155836,1
850650,155858,2
951250,1558647,1
878344,1558697,1
878286,155893,1
878347,1558952,1
878288,155905,1
878289,1559134,1
878430,1559174,1
878290,1559206,1
878351,1559252,1
878431,1559257,1
946210,1559445,1
878355,155957,1
878296,1559811,1
851486,1559886,1
878297,1559907,1
878299,1560204,1
878461,1560453,2
878676,1560481,3
878463,1560676,1
878464,1560808,1
878446,1560976,1
878465,1561077,1
878680,1561232,1
951407,1561289,1
878449,1561581,1
878682,1561597,1
878369,1561613,1
878371,1562224,1
878601,1562244,1
878685,156229,2
878470,156233,1
878471,1562487,1
878603,1562562,1
878688,15627,1
953913,1562894,1
878474,1562923,1
878528,156337,1
878693,1563553,1
878477,15636,2
878694,1563678,1
878478,1563682,1
878612,15640,1
878696,1564045,1
878697,1564215,1
959366,1564246,1
878699,156463,3
878700,1564797,1
878484,1564857,1
878487,156533,1
878705,1565513,1
878621,1565760,2
851522,1565802,1
878493,1566340,1
878625,1566368,1
878713,1567081,1
878499,1567337,1
951085,1567598,1
878633,1567650,1
878506,1568318,1
878509,1568756,2
878510,1568803,1
878561,1568807,2
878727,1568858,1
878644,1569013,1
878729,1569049,1
878513,1569070,1
878564,1569077,1
878731,1569222,1
946953,1569334,1
950071,1569486,1
868464,1278167,2
868322,1278338,1
950312,1278545,1
868394,1278637,1
868470,127875,1
868252,1278830,1
868396,1278847,2
868253,127887,1
868397,1278923,2
868473,1279051,1
868474,1279131,1
868257,1279343,1
868478,1279556,1
868261,127980,1
868336,1279880,2
948001,1279967,1
868337,1280021,1
868263,128008,3
868338,1280145,1
868265,1280196,1
868266,1280253,1
946886,1280330,1
868342,1280401,1
868268,1280406,1
868412,1280418,2
868487,1280442,1
947654,1280644,1
868490,1280728,1
868416,128078,1
868347,1280796,1
868492,1280932,2
868274,1280935,1
868419,1281028,2
868420,1281148,1
868495,1281154,1
868496,1281381,1
868423,1281508,1
868354,1281531,1
868426,1281796,1
868427,1282053,1
868429,1282340,1
959037,1282395,1
868514,128241,1
868590,128249,1
868516,1282503,1
959595,1282610,1
868739,1282819,1
868664,1282845,2
868740,1282871,1
868522,1283048,1
868666,1283106,1
868523,1283182,1
868599,1283323,1
868528,1283503,1
868674,1283789,1
868677,1284012,1
868609,128432,1
868535,1284401,1
868755,1284413,1
868610,128442,1
868611,1284479,1
868536,1284493,1
868538,1284713,2
868615,1284786,1
868541,1285136,1
868687,128515,1
868764,1285259,1
868619,1285289,2
868689,1285310,2
868620,1285336,1
868767,1285435,1
868546,1285485,1
868768,1285536,1
868547,1285585,1
868694,1285690,1
868774,1285927,1
953074,1285931,1
958508,1286233,1
868559,1286472,1
868638,1286647,1
868567,1287061,1
868716,1287335,1
868648,1287462,2
953934,1287616,1
868575,1287745,2
868722,1287815,1
868577,1287889,2
868800,1287938,1
868579,1287964,2
868802,1288030,2
868582,1288261,1
868729,128848,1
868733,1288906,1
868895,128891,2
868820,1288992,1
945408,1289182,1
868899,1289397,1
868823,128943,1
868907,1290081,1
868975,1290212,1
868833,1290271,1
868978,1290413,1
868836,1290620,1
868989,129120,1
952861,1291205,1
868925,1291682,2
868848,1291701,1
868849,1291751,1
868929,1291929,1
868931,1292074,1
868858,1292398,1
868859,1292457,1
869079,1292555,2
868941,1292916,1
869083,1292935,2
868942,1293009,1
868945,1293199,1
869013,1293364,1
868872,1293587,1
868950,1293730,1
868873,1293740,1
869018,1293784,1
869020,1293882,1
959069,1293977,1
869097,1294023,1
868955,1294051,1
868879,1294054,1
869024,1294229,1
950125,1294319,1
869026,1294342,1
869101,1294346,1
868883,1294362,1
948014,1294420,1
869103,1294432,1
868961,1294438,1
869029,1294542,1
868886,1294570,1
869105,1294594,2
869031,1294690,3
868965,1294823,1
868966,1294965,1
959105,1295086,1
953541,129512,1
869110,1295209,1
869119,1295245,1
869111,1295263,2
869113,1295451,1
869197,1295477,2
869123,1295517,1
869115,1295534,1
869125,1295615,2
869201,1295660,2
869128,1295838,1
869345,1295859,1
869129,1295884,1
869273,1295933,2
947124,1295951,1
869347,1296042,1
869206,1296053,1
869210,1296379,1
869212,1296527,1
869138,1296600,1
869282,1296608,1
869214,1296644,1
869141,129679,1
869142,1296832,1
949864,1296886,1
869220,1297037,1
869146,1297148,1
869363,1297185,1
869292,1297422,1
947535,1297473,1
869151,1297555,1
869152,1297622,1
953466,1297837,1
878568,1569572,1
954929,156985,1
878520,1570056,1
878652,1570112,1
878739,1570445,1
878575,1570554,1
878742,157085,1
878743,1570983,2
878744,1571095,1
945286,1571485,1
878582,1571587,1
878662,1571782,2
952319,1571787,1
878762,1572259,1
878588,1572322,1
878589,1572565,1
955361,1572579,1
953537,1572881,1
878768,1573129,1
949108,1573293,1
878771,1573516,1
878977,1573775,1
956930,1573968,1
878774,1574007,1
950006,1574266,2
878777,1574338,1
878846,1575165,1
878784,1575456,1
878907,1575474,1
878848,1575586,1
878908,1575674,1
946631,1575747,1
878909,1575969,1
948160,1576002,1
878992,1576086,1
878789,1576181,1
878854,15764,2
878914,1576574,1
878915,1576640,1
878997,1576667,1
878856,1576696,1
878998,1577013,1
878858,1577106,1
878796,1577339,1
954977,1577746,1
879004,1577775,1
878864,1577975,1
949630,1578173,1
879007,1578175,1
878866,1578259,1
878803,1578273,2
879012,1578932,1
953269,1578951,1
878874,1579645,1
878812,1579723,1
958751,1579811,1
878813,1579834,1
878939,1580285,1
879020,1580328,1
948168,1580512,1
879023,1580841,1
879024,158091,1
879025,158106,1
878947,1581488,1
952338,1581731,1
879029,158185,1
879030,1582045,1
878888,1582161,1
878890,1582311,1
878952,1582361,1
878892,1582477,2
878954,158252,1
879055,1582560,1
879056,1582712,1
879058,1583012,2
879039,1583043,1
879204,1583441,1
879045,1583582,1
879206,158360,1
879065,1583605,1
878966,1583783,1
850634,1583949,2
947269,1584580,1
879278,1584648,1
879281,1585081,1
879282,1585254,1
879127,1585313,1
952826,1585341,1
952686,1585384,1
879077,158561,1
879129,1585631,1
879219,15858,1
879131,1585935,1
879134,1586306,1
879291,1586540,1
879224,1586552,1
879226,158682,1
879139,1586918,1
879229,1587134,1
946594,1587351,1
879142,1587353,1
879092,15876,2
879093,158772,1
879301,1587858,1
879095,1587866,1
879096,1587936,1
879238,1588093,2
949637,1588198,1
956972,1588206,1
879153,1589085,1
879311,1589310,1
879312,1589502,1
879157,158958,1
879160,1589903,1
879316,1589907,1
879317,1589962,1
879113,15901,1
879254,1590258,1
879320,159029,1
879116,1590424,1
948133,1590595,1
879117,1590616,1
879323,1590943,1
879324,1590996,1
879328,1591594,2
879350,1592229,1
879266,1592314,1
948145,1592433,1
879352,1592547,1
879268,159265,3
946979,1592970,1
879180,1593070,1
879271,1593149,1
946773,1593269,2
949596,1593377,1
950233,1593634,1
952240,1593895,1
879186,1594450,1
879363,15947,3
879433,1595361,1
879348,1595441,1
851281,1595690,1
949440,1595771,1
879195,1595821,1
879196,1595911,2
879372,1596116,1
879197,1596127,1
879373,1596225,1
948147,1596312,2
879501,1596334,1
879502,1596482,1
879583,1596488,1
879506,159678,1
879507,1596970,1
879508,1597096,1
879509,159715,1
951455,1597382,1
879514,1598008,1
879595,1598075,1
879455,1598152,1
879458,1598843,1
879392,1598894,1
879519,1598898,2
879602,1599332,1
879524,1599708,1
879400,1600117,1
879401,1600490,1
879472,1600981,1
879532,1601023,2
879534,1601257,1
958284,1601274,1
954743,1601379,1
879536,1601655,1
879413,1601911,1
949980,1601987,1
879541,1602424,1
869372,1297948,1
869234,1298262,1
869235,1298287,1
869160,1298336,1
869304,1298436,1
869305,1298654,1
869239,1298753,1
869306,1298793,2
869307,1298888,1
869382,1298984,1
869166,1298988,1
869243,1299103,1
869244,1299154,1
869386,1299166,1
869312,1299212,1
869174,1299589,1
952214,1299595,1
869317,1299687,1
953018,1300193,1
869322,130027,1
952152,1300564,1
869185,1300684,1
869403,1300862,2
851477,1301014,1
869263,1301019,1
869405,1301050,1
869266,1301291,1
869333,1301333,1
869336,1301595,1
869412,1301637,1
869338,1301805,2
869492,1301827,2
869422,1301831,1
869339,1301837,2
869340,1301877,1
869639,1302261,1
959683,1302399,1
947062,1302444,1
869565,1302479,1
869643,1302565,1
951991,1302581,1
869502,1302675,1
869573,1302891,1
869651,1302970,1
869657,1303396,2
869659,1303511,1
869515,1303524,1
869448,1303768,2
869519,1303839,1
869451,1304444,1
869523,1304459,1
869452,1304497,1
869592,1304672,1
869594,1304801,1
869595,1304846,1
869598,1305221,1
869532,1305344,1
869676,1305381,4
869461,1305444,1
869605,1305832,1
947318,1305922,1
869540,1305988,1
869609,1306011,1
952516,1306041,1
869687,1306092,1
869613,1306239,1
869616,1306445,2
948018,1306459,1
869476,1306460,2
869477,1306473,3
869551,1306479,2
869619,1306486,1
869552,1306534,2
869696,1306549,1
869554,1306569,2
869481,1306570,1
869698,1306672,1
950842,1306898,1
869703,1307234,2
869709,1307744,1
869721,1308085,2
869637,1308160,1
869865,1308296,1
869725,1308329,1
869942,1308360,1
869868,1308589,2
851591,1308597,1
869731,1308888,2
869873,1308974,1
946159,1309021,2
869734,1309080,2
869876,1309162,1
869880,1309400,1
869956,1309511,1
869957,1309637,1
869817,1309646,1
869886,1309783,1
869960,1309818,1
869887,1309858,1
869747,1309915,1
869889,1309964,2
869749,1309980,1
869890,1310001,1
869964,1310011,1
869965,1310052,1
949250,1310258,1
869894,1310303,1
869968,1310320,1
869895,1310348,1
959112,1310429,1
869971,1310479,1
949474,1310534,1
869975,1310681,1
952614,1310691,1
869761,1310700,1
869763,1310832,1
869838,1310868,1
869980,1311004,1
945428,1311243,1
869768,1311260,1
869771,1311389,1
869986,1311423,2
869847,1311465,1
869988,1311510,1
869849,1311550,2
869775,1311575,2
869990,1311594,1
948021,1311622,1
869992,1311769,1
869852,1311801,1
869778,1311806,1
869917,131181,1
869854,1311884,1
869858,1312128,1
869925,1312272,1
869788,1312383,1
948022,1312464,1
870014,1312557,1
869863,1312628,1
870007,1312720,1
870241,1312721,1
870017,1312736,1
946552,1312790,1
955491,1312849,1
870243,1312866,2
869936,1313002,1
952362,1313032,1
869937,1313088,2
870089,1313169,1
870024,1313192,2
870092,1313423,2
870028,1313591,1
870172,1313775,1
870032,1313800,1
870098,1313811,1
870101,1314021,1
870264,1314249,1
870042,1314406,1
953046,1314690,1
870186,1314700,1
870046,1314769,1
870187,1314773,1
870047,1314838,1
870113,1314869,1
870189,1314950,1
870114,1314976,1
870273,1315068,1
870049,1315088,1
870115,1315098,1
850997,1315369,1
870193,1315430,2
870279,1315516,1
870122,1315708,1
870125,1315945,1
879417,1602671,1
879418,1602759,1
879544,1602785,1
879626,1602821,1
879484,1602848,1
959039,1603026,1
879547,1603169,1
879422,1603261,1
879423,1603617,1
879489,1603677,1
879553,1604351,1
851096,1604404,1
879493,1604479,2
879654,1604593,1
879494,1604675,1
879495,1604908,1
879556,1605023,1
879657,1605162,1
879497,1605204,1
879640,1605397,1
879659,160547,1
879662,1605884,2
879733,1606539,2
879669,1606663,2
879670,160683,3
879875,160703,1
879740,1607548,1
879679,1608131,1
879680,160826,1
879745,1608290,1
879885,1608424,1
879803,1608448,1
879886,1608482,1
879891,1609243,1
946595,1609494,1
879810,1609598,1
879893,1609631,1
879690,1609680,1
879757,161001,1
879814,1610076,1
879897,1610085,1
879898,1610129,1
879759,1610261,1
879900,1610587,1
879763,161120,1
953552,1611550,1
851587,1611666,1
879903,1611911,1
948157,1612270,1
879768,1613102,1
879826,1613204,1
879707,161337,1
879910,1613419,1
879773,1614057,1
879711,1614058,1
879774,1614167,1
879776,1614531,1
879834,1614673,1
879916,1614791,1
850677,1614892,1
879917,161518,1
879919,1615432,1
879838,1615449,2
879920,1615533,1
879780,16156,1
879781,1615699,2
879720,1615778,1
879782,1615867,1
879841,1615892,2
879843,1616021,1
879925,1616032,1
879951,1616602,1
879792,1616667,1
879932,161675,1
879933,1616924,1
879954,1616953,1
952458,1617424,1
879858,1617530,1
879961,1617622,1
850897,1617697,1
879861,1617705,1
880104,161780,1
879863,1617811,1
879866,1618226,1
880022,1618378,1
954271,1618427,1
879869,161851,1
880023,1618519,1
879969,1618578,1
879871,1618777,1
946285,1618832,1
879872,1618912,2
879974,161935,1
953871,1619766,1
959139,1620082,1
880036,1620572,1
880123,1620573,1
880125,1620738,1
880186,1620964,1
880040,1620972,1
879986,1621109,2
880129,1621440,1
879989,1621572,1
880190,1621579,1
850637,1621788,1
880047,1621866,1
879993,1621896,1
880193,162190,1
880137,1622240,1
880138,162232,2
880000,1622696,1
880001,162282,1
880201,1622859,1
880056,162297,1
880005,1623448,1
880205,1623477,1
880060,1623499,1
880006,162353,1
880148,1623625,1
945584,1623651,1
880009,162393,2
880066,1624150,1
880067,1624184,1
880154,1624198,1
851279,1624704,1
958322,1624770,1
880160,1624918,1
880018,162492,1
951626,1625202,1
880163,162535,1
880223,1625590,1
880078,1625595,2
880167,162577,1
950340,1625817,1
880168,1625829,1
880255,1625953,1
880257,1626420,1
950916,1626438,1
880229,1626488,2
958902,1627416,1
880326,1627427,1
880264,1627824,1
880329,1627889,1
880238,162808,1
851310,1628225,1
948194,1628231,1
850657,1628388,1
880271,1628578,1
880097,1628622,1
880336,1628644,1
880337,162877,1
880338,1628972,1
880274,1628986,1
945596,1629308,1
952451,1629409,1
880483,1629587,2
880485,1629918,1
880405,1629987,1
880486,1630046,1
954828,163012,1
880283,1630458,1
949514,1630753,1
950678,1631232,1
880289,1631280,1
880355,1631344,1
880290,1631347,1
880496,1631424,1
946373,1631494,1
880291,1631569,1
880416,1631665,1
880417,1631779,1
880421,1632557,1
880502,1632558,1
880364,1632897,1
880424,1633066,1
880300,1633116,1
880644,164316,1
880739,164329,1
880741,1643649,1
880647,1643762,1
880743,1643873,1
880747,1644328,1
880814,1644619,1
880656,1644647,1
880817,1644985,1
880753,1644989,1
880611,1645181,1
880819,164519,1
880755,1645280,2
949954,1645386,1
880759,1645809,1
880618,1645921,1
880667,1645951,1
880621,1646107,2
880766,1646436,1
880623,1646450,1
880672,1646582,1
953621,1646625,1
880831,1646660,1
880624,1646832,1
880832,1646899,1
953618,164722,1
880836,1647313,1
880630,1647368,1
880838,1647393,1
880680,1647514,1
880863,1647712,1
880840,1647747,1
880870,1649073,1
880871,1649234,1
880848,1649268,1
880872,164929,1
880785,164938,1
880873,1649393,1
880692,1649545,1
880942,1649926,1
880878,1649990,1
880856,1650131,2
880947,1650748,1
880884,1650896,1
880702,1650897,1
880860,1650901,1
880703,1650929,1
881091,1651084,1
880887,1651121,1
880888,1651257,1
851147,1651357,1
958697,1651454,1
946747,1651725,1
948224,1651985,1
945442,1652116,1
881102,1652203,2
880964,1652667,1
947594,1652700,1
881106,1652861,1
880966,1653289,1
880967,165338,1
949524,1653396,1
881027,1653487,1
880968,165354,1
881111,1653750,1
880972,1653968,2
947294,1653999,1
880911,1654255,1
880912,1654324,1
880977,1654485,1
881119,1654571,1
881038,1654602,1
880982,1655020,1
881044,1655289,1
949139,1655523,1
880988,1655619,1
881130,165572,1
880992,1656041,1
881052,1656102,1
880994,1656239,1
881136,1656271,1
880931,1656333,1
881137,1656443,1
880933,1656547,1
881139,1656637,1
881141,1657059,1
881000,1657065,1
881060,165710,1
881143,1657379,1
881144,1657432,1
881064,1657464,2
950129,1657510,1
881170,165755,1
881173,1657881,1
881069,1657945,2
881150,1657983,1
959951,1658107,1
881152,1658185,1
881177,1658200,1
881074,165843,1
958650,1658517,1
881180,1658533,2
881156,1658602,1
947220,1658606,1
881397,1658620,2
881076,1658647,1
881077,1658832,1
946068,1658859,1
881184,1659031,1
881161,1659242,1
881163,1659458,1
881165,1659868,1
881406,1659872,1
881193,1660322,1
953291,1660700,1
881321,1660834,1
949406,1661033,1
948179,1661078,2
881244,1661093,1
881325,1661212,1
881415,1661216,1
881416,1661253,1
881421,1662017,1
959759,1662105,1
881254,1662224,1
881424,1662326,1
956663,1662473,1
881425,1662530,1
881211,1662815,1
881429,1662892,1
881212,1662952,2
881430,1663085,2
881260,1663142,1
881341,1663215,1
851532,1663564,1
881263,1663578,1
881345,1663606,1
881349,1664050,1
881268,1664320,1
881442,1664717,1
881358,1665333,1
881231,1665347,1
881276,1665353,1
881359,1665356,1
881448,1665370,1
881278,1665497,1
881363,1665882,1
954180,1666159,1
881366,1666399,1
881368,1666628,1
881286,1666711,1
881371,1667059,2
881462,166729,1
881374,1667426,1
881463,16675,2
851237,1667814,1
881377,1667918,1
881296,1667972,1
948185,1668000,1
881378,1668015,1
881301,1668385,1
881551,1668407,1
948186,1668441,1
881302,1668449,1
881384,1668457,1
881553,1668626,1
881304,1668647,1
881387,1668776,1
881490,1669046,1
881557,166914,2
881391,1669349,1
881494,1669540,1
881496,1669713,2
881563,1669748,1
881564,166980,2
870201,1316039,1
870202,1316080,1
870062,1316124,1
870288,1316264,1
870063,1316300,1
870132,1316471,1
955543,1316495,1
870133,1316564,1
952391,1316594,1
870293,1316651,1
870068,1316681,1
870294,1316717,1
870069,1316750,1
870211,1316808,1
954991,1316963,1
870212,1316972,1
870298,1317027,1
870214,1317046,1
870299,1317062,1
870215,1317066,2
870076,131723,1
870217,1317315,1
870077,1317391,1
946302,1317638,1
950892,1317694,1
870223,1317749,1
870151,1317891,1
870226,1318017,1
870153,1318028,2
870392,1318257,1
870393,131828,1
870316,1318415,1
870317,1318525,1
870318,1318614,2
870397,1318629,1
870398,1318677,1
870235,1318688,1
870400,1318851,1
870323,1318924,2
870402,1318933,1
870239,1318965,2
870542,131897,1
870329,1319698,1
870469,1319795,2
870330,1319866,1
870332,1320052,1
870473,1320201,1
870411,132027,1
870412,132035,1
870554,1320387,1
870413,1320400,1
870557,1320768,2
870479,1320816,1
870340,1320838,3
870420,132127,1
870344,1321314,1
870421,1321334,1
953717,1321412,1
870422,1321503,2
870485,1321598,2
950444,1321752,1
870424,132188,1
870566,1321918,1
870425,1321988,1
870488,1322007,1
870349,1322049,1
870426,1322055,1
870568,1322125,1
870350,1322163,1
870569,1322242,1
870351,1322245,1
870492,1322420,1
948012,1322478,1
870573,1322528,1
870355,1322551,1
870495,1322573,1
949688,1322692,1
870576,1322750,1
870435,1322774,1
950935,1322998,1
870581,1323243,1
870443,1323474,1
870444,1323588,1
870368,132363,2
870369,1323789,1
870587,1323888,1
870449,1324158,1
870450,1324241,1
870513,1324248,1
870514,132430,1
870515,1324433,1
870593,1324438,2
949471,1324615,1
870453,132467,1
870379,1324900,1
870597,1325060,1
870520,1325184,1
870598,1325215,1
870383,1325572,1
870601,1325591,1
870384,132560,1
870524,1325606,1
870385,1325639,1
870525,1325658,1
870603,1325669,3
870462,132569,1
950077,132695,1
870698,1327352,1
958283,1327400,1
870615,132745,1
870538,1327555,1
870628,1327648,1
870539,1327658,2
870617,132770,1
870540,132790,1
870843,1327941,2
949869,1327942,1
870703,1328206,1
870846,1328506,1
870634,1328872,1
959585,1328895,1
870773,1329122,1
870775,1329213,1
870851,1329223,1
870710,1329321,1
870638,1329339,1
951989,1329374,1
870639,1329412,1
870714,1329885,1
954431,1329889,1
870780,133017,1
870782,1330340,1
870717,1330364,1
870784,133059,2
870719,1330683,1
870722,1331061,2
870650,1331111,1
870724,1331290,1
870652,1331333,3
870790,1331350,1
954655,1331360,1
870867,1331593,2
870727,1331605,1
870794,1331694,1
870730,133184,1
870796,1331979,1
870797,1332112,1
870732,1332193,1
951283,1332234,1
870798,1332257,1
955184,1332348,1
949624,1332417,1
870740,1332942,1
870668,1332950,1
870809,1333253,2
870744,1333331,2
870674,1333588,1
870887,1333748,1
958372,1333844,1
870749,1333891,1
870815,1333937,1
870679,1334180,1
870892,1334380,1
870753,1334394,1
870894,1334562,1
870820,1334659,1
870898,1334939,1
870899,1335028,1
870760,1335039,2
958635,1335191,1
870825,1335216,1
870765,1335398,2
870829,1335454,1
870905,1335456,1
870830,1335486,1
870831,1335578,1
880506,1633123,1
880301,1633186,1
952785,163364,1
950871,1633843,1
880511,163426,1
880307,1634614,1
880433,1634763,1
880514,1634775,1
880374,1634806,1
880515,1634895,1
954519,1634918,1
958760,1634920,1
880311,163508,1
880436,1635130,1
880378,1635232,1
880438,1635295,1
958782,1635733,1
954094,1635879,1
880380,163589,1
880315,1635929,1
880440,1635938,1
953666,1636035,1
880317,163622,2
880442,163627,1
955117,1636363,1
880443,1636505,1
880444,163657,1
880445,1636689,1
880526,1636761,1
880554,1637526,1
880391,1637678,1
880534,1638162,1
880536,1638783,1
880541,1639637,1
880565,1639672,1
957148,1640103,1
948205,1640138,1
957054,1640202,1
953072,1640514,1
880570,1640533,1
880571,1640600,1
880548,1640643,2
880552,164104,2
880720,1641071,1
880577,1641118,1
880722,1641184,1
880723,1641371,1
880791,1641641,1
880727,1641767,1
880793,1641832,1
880635,1642037,1
880797,1642225,1
880639,1642478,1
880799,16426,1
880640,1642618,1
880735,1642692,1
880592,1642699,1
880593,164288,1
880737,1643004,1
880643,1643063,1
880802,164310,3
880596,1643315,1
880598,164376,1
949533,1643918,1
880808,1643952,1
880650,1644027,1
880745,1644115,1
880810,1644141,1
880748,164441,1
880654,1644493,1
880813,1644518,1
880750,1644620,1
952574,1644719,1
880815,1644723,2
880657,1644736,1
951485,1644864,1
880609,1644896,1
880610,1645059,1
880661,1645350,1
880820,16454,2
880756,1645400,1
880663,1645592,1
957119,1645822,1
952178,1645846,1
880825,1645907,1
880826,1645965,1
880827,1646025,2
953213,1646039,1
880669,1646076,1
880671,1646272,1
948217,1646821,1
880768,1646915,1
880833,1646928,2
880834,164700,2
880770,164705,1
880773,1647348,1
880774,1647493,2
947824,1647783,1
880841,1647967,1
953005,1648034,1
880684,1648381,1
880843,1648412,1
880867,1648636,1
880844,1648739,1
880869,1648940,1
880687,1648955,1
880784,164928,2
880690,164936,1
880849,1649375,1
880691,1649422,1
880850,164951,1
880941,164983,1
880877,1649855,1
880695,1649877,1
880855,1650027,1
946303,1650267,1
880881,1650385,1
880882,1650602,1
880950,1650947,1
880951,1651086,1
881093,1651342,1
881094,1651375,1
880708,1651465,1
881095,1651470,1
881014,1651556,1
880892,1651584,1
957052,1651652,1
880957,1651889,3
880894,1651916,1
880896,1652144,1
881019,1652160,1
881101,1652169,2
949225,1652274,2
880901,1652824,1
881024,1652851,1
880902,1653024,1
881025,1653153,1
881107,1653265,1
880903,1653338,1
881109,165353,1
881030,1653826,1
881112,1653830,1
880908,1653916,1
880976,1654408,1
947494,1654599,1
881120,1654607,1
881039,1654635,1
880980,1654684,1
880916,1654803,1
881040,165484,1
954384,1654884,1
881043,1655227,1
952975,1655343,1
880922,165545,2
880989,1655725,1
881131,1655855,2
881050,1655887,1
881132,1655918,1
880927,1655998,1
880928,165609,1
880930,1656245,1
881055,1656383,1
880997,1656526,1
881057,1656615,1
880934,1656816,3
881058,1656825,1
881140,165688,2
880999,1656895,1
880937,1657241,1
950093,1657276,1
881062,1657332,1
881004,1657433,1
881169,1657458,1
881005,1657492,1
881006,1657669,1
881007,1657781,2
870911,1335804,1
870997,133581,1
870839,1335982,1
870928,1336000,1
950501,1336167,1
871147,1336169,1
871072,1336268,1
871006,1336417,1
956922,1336420,1
871153,1336632,1
870938,133674,1
871156,1336825,1
870940,1336927,1
871158,133709,1
871014,1337091,1
871016,1337343,1
871084,1337372,1
871085,1337561,1
870946,1337623,1
871088,1337756,1
870949,133779,1
871089,133781,1
871023,1337914,1
870952,1337991,1
871092,1338002,1
871169,1338005,1
870953,1338110,2
870954,133819,2
871095,1338278,1
871096,1338353,1
870957,1338436,1
871031,1338628,1
870959,133865,1
871176,1338696,1
870960,1338769,1
871100,1338801,1
870961,133891,1
871182,1339364,1
871038,1339369,1
871183,1339437,1
871184,1339589,1
870969,1339686,1
871043,1339796,2
871188,1339831,1
871045,1339889,1
870974,133996,1
871047,1340014,1
870975,1340020,1
870976,1340061,1
871193,1340070,2
870978,1340132,1
871117,1340145,2
871121,1340392,1
871200,1340527,2
871202,134070,1
871203,1340814,1
871059,1340843,1
948036,1340865,1
870987,1340872,1
871060,1341025,1
871063,1341239,1
954583,1341266,1
871209,1341398,1
871132,1341480,1
871068,1341577,1
871069,1341629,1
871226,134164,1
871228,1341773,1
871216,1341803,1
871303,1342085,1
871304,1342182,1
871232,1342198,1
871234,1342278,1
871307,1342368,1
871309,1342484,1
871528,1342507,1
871311,1342610,1
871239,1342613,2
951110,1342652,1
871455,1342712,1
871241,1342737,1
871314,1342840,1
947140,1342897,1
871245,1343021,1
871246,1343044,2
871319,1343140,1
871462,1343148,1
871538,1343155,1
871320,1343171,1
871540,1343409,1
951049,1343428,1
871465,1343539,1
871252,1343649,2
871466,1343668,1
871326,1343831,1
871546,1344026,1
871328,1344081,1
871329,134419,1
871473,1344262,1
871550,1344266,1
871474,1344354,1
952476,1344473,1
871554,1344547,2
949892,1344798,1
871339,1344825,1
871482,1344901,1
871484,1345220,1
871345,1345361,1
871564,1345522,2
871565,1345580,1
871275,1345593,1
871566,1345643,1
871348,1345650,1
950650,1345692,1
871569,1345850,1
871281,1346133,1
871496,1346176,1
871284,1346308,1
871498,1346311,1
871285,1346336,1
946173,134636,1
871360,1346593,1
951176,134673,1
948027,1346742,1
871289,1346766,1
871580,1346789,1
871509,1347319,1
871587,134732,1
871588,1347391,1
945604,1347628,1
871513,1347687,2
871377,1347768,1
871593,1347974,1
871517,1348116,1
871605,1348314,1
953267,1348543,1
871755,1349035,1
952294,1349171,1
871756,1349189,2
871613,1349192,1
949909,1349229,1
871391,1349240,1
871684,1349776,1
871619,1349828,1
871620,1349861,1
871398,1349907,1
871399,1350002,1
871626,1350419,1
958688,1350803,1
871695,1350811,1
871409,1351310,1
871410,1351391,1
871634,1351488,1
871412,1351569,1
871413,1351663,1
871702,1351732,1
957019,1351926,1
871704,1351935,1
871417,1351982,1
871784,1351986,2
871418,1352068,1
949960,1352077,1
871785,1352101,1
851007,1352110,1
871419,1352129,1
871786,1352165,1
871420,1352229,1
871643,1352275,1
871709,1352285,1
871645,1352431,1
871790,1352557,1
871791,1352606,1
871648,1352681,1
871793,1352761,1
871716,1352948,1
881315,1669831,1
881500,1670154,1
881710,1670302,1
881568,1670310,1
881570,1670495,1
881633,1670827,1
950545,1671404,1
881510,1671492,1
881719,167154,1
881577,167155,2
881638,1671570,3
881578,1671697,1
881723,1672109,1
881581,1672184,1
881642,1672218,1
881724,1672227,1
881726,1672595,2
881728,1672667,1
959520,1672675,1
881520,1672733,1
881648,1673126,1
881649,1673322,1
948189,1673425,1
881525,1673771,1
881527,1673954,1
881736,1674003,1
881594,1674058,1
881595,1674164,1
881529,167419,1
881738,1674323,2
881530,167435,1
881597,1674393,1
881658,167452,1
881601,167492,1
881538,1675376,1
881605,1675429,1
881747,1675494,1
881540,1675585,1
949113,1675734,1
881607,1675745,1
951751,1675817,1
851533,1675959,1
881543,167623,3
881752,1676285,1
851642,1676444,1
881615,1676585,1
881756,1676642,1
881757,167682,2
881780,1676996,1
881681,1677210,1
881785,1677562,1
881624,167759,1
881786,1677625,1
881687,1677827,1
881627,1677879,1
881789,1677885,1
959214,1677950,1
881857,1677964,1
881858,1678001,1
850929,1678099,1
881860,1678300,1
881694,167864,1
945316,1678835,1
881775,1678884,1
881697,1679004,2
881866,1679046,1
881800,167907,1
881801,1679426,1
958467,1679800,1
882011,1679987,1
881808,1680045,1
882014,168034,2
881942,1680351,1
881943,1680451,1
882016,1680521,1
881813,1680624,1
881947,16808,1
881948,1680884,1
882021,1680937,1
881818,168099,1
881954,1681481,1
881890,1681508,1
881828,1681919,1
881896,1682109,1
850952,1682167,1
881831,1682188,1
881898,168224,1
882035,1682285,1
882037,1682450,1
882038,1682538,1
882040,1682687,1
881839,1682959,1
881972,1683062,1
882044,16831,2
881908,1683143,1
882045,1683164,1
881975,1683202,1
881910,1683219,1
881846,1683325,1
882049,1683384,1
882050,1683523,1
881980,168354,1
881981,1683733,1
881851,1683948,1
882056,1684360,1
882057,1684460,1
881922,1684532,1
882058,1684642,1
882059,1684712,1
882061,1684953,1
881992,1684989,1
949100,1685001,1
881995,168532,1
881997,1685504,1
882098,1685693,1
882244,1685884,1
882245,1686044,2
882072,1686655,1
882004,1686727,1
882251,1686935,1
882007,168703,1
882252,1687033,1
882107,1687083,1
882008,1687098,1
882108,1687114,1
882080,1687461,1
882081,1687621,1
882322,1687650,1
882082,1687716,1
882114,168788,1
882116,1688023,1
882117,1688184,1
952628,1688303,1
882263,1688343,1
882169,1688548,1
882265,1688552,1
882121,1688554,1
882335,1688990,1
882127,1689341,1
882339,1689406,1
882129,16895,1
882340,1689533,1
882130,1689586,2
954932,1689614,1
882342,1689675,1
882132,1689716,1
882343,168975,1
882182,1689790,1
882344,1689799,1
882279,1689945,1
949581,1690026,1
882184,1690052,1
950291,1690079,1
882280,1690140,3
882137,169041,2
882186,169043,1
882348,1690444,1
882352,1690887,1
882191,1690906,1
882287,1690915,1
882143,1690930,1
882194,169108,1
882358,1691261,1
882295,1691622,1
882151,1691630,1
882202,1691825,1
882300,1692145,1
882209,1692535,1
882372,1692648,1
882211,1692747,1
882312,1693245,1
882400,1693272,1
882379,1693301,1
882381,1693508,1
882403,1693547,1
882382,1693601,2
881178,1658249,1
881159,1658978,1
881400,1659030,1
881080,1659233,1
881081,1659290,1
881190,1659888,1
881088,1660442,1
881411,1660849,1
881196,1661020,2
881197,1661134,1
881324,1661136,1
881199,1661218,1
881247,1661232,1
881326,1661248,1
881248,1661296,1
881249,1661397,1
881203,1661507,1
881420,1661562,1
881252,1661846,1
851261,1662031,1
881422,1662091,1
948180,1662272,1
881334,1662317,1
881207,1662329,1
881336,1662626,1
952300,1662639,1
953886,1663007,1
881213,1663106,1
949716,1663201,1
881218,1663641,1
881347,1663791,1
950449,1663799,1
955103,1663846,1
881220,1663941,1
881438,1664167,1
881439,1664228,1
881440,1664412,1
881352,1664545,1
881354,1664810,1
881228,1665076,1
881445,1665116,1
881229,1665117,1
881446,1665266,1
881275,1665310,1
881360,1665477,1
881449,1665478,1
881233,1665495,1
881450,1665583,1
881279,1665632,2
881235,16658,1
881237,1666102,1
881282,1666167,1
881455,1666428,1
881239,1666444,1
881456,1666559,1
881460,1667097,1
881373,1667282,1
950939,1667643,1
881476,166771,1
881478,1667894,2
881471,1668263,1
881484,1668349,1
959321,166853,1
881489,1668840,1
881306,166885,3
954916,1668851,1
881389,166910,1
881558,1669221,1
881309,1669243,1
946572,1669370,1
881499,1670066,1
881316,16701,1
955467,1670256,1
881569,1670435,1
881503,1670447,1
956599,1670487,1
881504,1670578,1
881631,1670590,1
881572,1670774,1
949129,1670848,1
881509,1671239,1
881636,1671315,1
881639,1671778,1
881641,1672088,1
881515,1672217,2
881583,1672409,1
881517,1672490,1
881587,1672948,1
881521,1673035,1
881731,1673460,1
945603,1673645,1
881732,1673656,1
881651,16737,1
881591,1673770,1
881526,1673887,1
881653,1673907,1
881735,1673924,1
881531,167443,2
881663,1675174,1
881537,1675221,1
881665,1675378,1
881539,1675476,1
881669,1676011,1
881751,1676142,1
881671,1676266,1
881611,1676288,1
881672,1676305,1
881754,1676527,1
881755,1676581,1
881548,1676591,1
881678,1676940,1
881760,1677128,1
881762,1677325,2
951354,1677345,1
881784,1677415,1
881686,1677758,2
881767,167787,1
881768,1677910,1
881856,1677923,1
881790,1677930,1
952180,1678179,1
881771,1678215,1
881794,1678399,1
881795,1678558,1
948209,1678720,1
881695,1678800,1
851539,1678856,1
881777,167904,1
881867,1679409,1
881699,1679443,1
881803,1679637,1
881870,1679700,1
881872,167990,1
881806,1679918,2
881704,1679921,1
881807,1679963,1
881941,1680240,1
881878,1680487,1
881814,1680730,1
881816,1680814,1
881817,168090,1
881884,168097,1
882023,168119,2
882024,1681268,1
882028,1681539,1
882029,1681570,1
949930,1681584,1
882030,1681695,1
881833,1682333,1
882036,1682334,1
881965,1682393,1
881900,1682448,1
881966,1682505,1
881968,1682656,1
881904,1682858,1
882041,1682896,1
882042,1682963,1
881971,1682973,1
881841,1683070,2
881842,168315,1
881844,168322,1
881911,1683236,1
881912,1683288,1
881914,1683402,1
882051,1683673,1
950288,1683763,1
881852,1684067,1
882054,1684073,1
881985,1684233,1
881986,1684400,1
881855,1684409,1
952581,1684598,1
882087,1684607,1
882088,1684697,1
881926,1684906,1
871652,1353014,1
871433,1353455,1
871656,1353534,1
871802,1353764,1
871659,1353944,1
871804,1354032,1
871660,1354033,1
871661,1354082,1
946988,1354130,1
871440,1354303,1
871807,1354359,3
871812,1354983,1
871734,135503,1
871737,1355418,1
871819,1355673,1
871831,1355718,1
871834,1356092,1
851009,1356099,1
871835,1356128,1
871825,1356331,1
871826,1356458,1
871827,1356574,1
952046,1356714,1
871829,1356747,1
871913,1356783,1
872205,1356817,1
871914,1356865,1
871842,1356866,1
871843,1356911,1
872208,1357277,1
871845,1357377,2
871846,1357480,1
871983,1357594,1
871920,1357609,1
949166,1357678,1
872211,1357681,1
872212,1357797,1
871986,135787,1
872213,1357876,1
953390,1358642,1
871858,1358687,1
872221,1358689,1
871995,135872,2
953559,1358933,1
950905,1359224,1
872000,1359261,1
871865,1359301,2
871866,135950,1
872229,135962,1
946345,1359667,1
850767,1359942,1
872233,135996,1
871945,136004,1
871878,1360705,1
949174,1360928,1
872016,1360942,1
872246,1361127,1
872019,1361276,2
872247,136133,1
871887,1361589,3
871959,1361694,1
951548,1361752,1
872251,1361769,1
871961,1361817,1
872026,1361991,2
949717,1362085,1
871898,1362672,1
871970,1362713,1
949898,1362728,1
951616,1362869,1
871973,1362907,1
872038,1363040,1
872266,1363044,1
871977,1363201,1
956706,1363298,1
872056,1363309,1
953396,1363349,1
959250,1363351,1
872044,1363544,1
872059,1363579,1
872060,1363670,2
872046,1363703,1
959926,1363719,1
872363,1363967,1
872364,1364029,1
872064,1364050,1
872065,1364088,2
872052,1364178,1
872282,1364537,1
872369,1364542,2
872131,1364555,1
872284,1364600,1
951303,1364676,1
872373,1364722,1
872135,1364740,1
872137,136491,2
872377,1364980,1
872378,1365164,1
872141,1365214,1
850675,1365410,1
872295,1365449,1
872297,1365570,1
872383,1365585,1
872384,1365664,1
872148,1365982,1
872301,1365984,1
872088,1366028,1
872302,1366149,1
872388,1366152,1
872303,1366366,1
872151,1366657,1
872306,1366834,2
872392,1366867,1
958384,1367294,1
872095,1367333,1
872156,1367335,1
872157,1367472,1
872312,1367659,1
872313,1367711,1
872403,1368055,1
872167,1368327,1
872169,1368545,2
872322,1368626,1
872413,1369307,1
872114,1369344,1
872116,1369497,1
957063,1369815,1
872332,1370017,1
872418,1370027,1
872333,1370159,2
950118,1370183,1
872121,1370278,1
872181,1370291,1
872182,1370424,1
953129,1370440,1
872422,1370474,1
872337,1370509,1
872424,1370602,1
872425,1370681,1
872343,1370944,1
872435,1371175,1
872347,1371292,1
952014,1371430,1
872511,1371504,1
872351,1371624,1
872198,1371647,1
872514,1371669,1
872200,1371761,1
872354,1371776,1
872202,1371924,2
872356,1371939,1
949340,1371993,1
872449,1372278,1
872523,1372341,1
872664,1372375,1
872524,13724,1
872451,1372464,1
872665,1372547,1
872670,1372993,1
945437,1373468,1
872602,1373650,1
872537,1373762,1
946829,1374356,1
953061,1374550,1
872547,1374571,1
872688,137466,1
954911,1374757,1
872477,1374779,1
872616,1374935,1
948047,1374988,1
872619,1375219,2
872699,1375580,1
872489,1375753,2
872703,1375887,1
872491,1375948,1
882091,1684935,1
881928,1685162,1
882094,1685300,1
955200,1685878,1
882069,168596,1
882070,168610,1
955105,1686186,1
882001,168621,2
958907,1686363,1
882102,1686613,1
882003,1686672,1
882249,168673,1
882104,1686739,1
882077,1687087,1
882253,168710,1
882254,1687220,1
950317,1687372,1
947590,1687638,1
882167,1688322,1
951909,1688441,1
882122,1688685,2
882126,1689131,1
882273,1689425,1
959188,1689458,1
945814,1689555,1
952394,1689620,1
882133,1689783,1
882278,1689879,1
882135,1690049,1
882346,1690135,2
882284,1690708,1
882189,1690839,1
882351,1690854,1
882354,1690957,1
948210,1690961,1
882193,1691033,1
882355,1691043,1
882145,1691076,1
882147,1691200,1
882292,1691326,1
882148,169136,1
882361,169159,1
882362,1691749,1
882152,1691772,1
882201,1691802,1
882153,1691810,1
882364,169186,1
951716,1692072,1
882370,1692420,1
953944,1692443,1
951046,1692554,1
882307,1692770,1
882164,1692977,1
882376,1693100,1
882398,1693107,1
882311,1693208,1
882380,1693437,1
882315,1693536,1
882405,1693724,1
882384,1693732,1
882408,1694036,1
882387,1694072,1
882228,1694254,1
882478,169430,1
882229,1694327,1
882392,1694612,1
948218,1694657,1
955272,1695222,1
882396,1695277,1
882237,1695615,1
882490,1695959,1
958928,1696219,1
947081,1696377,1
882493,1696563,1
882635,1696780,1
949944,1696925,1
882496,1696968,1
882431,1697137,1
882499,1697178,1
882432,1697217,1
882641,1697348,2
882434,1697391,1
882559,169766,1
882437,1697742,1
882561,1697762,1
882646,1697902,2
882508,1698077,1
882649,1698146,1
882509,1698150,1
882652,1698448,1
882653,1698563,2
882513,1698738,1
882448,1698795,1
954691,1698823,1
882573,1698955,1
882516,1698990,2
882517,1699169,1
882451,1699181,1
959122,1699409,1
882519,1699698,1
882455,1699879,2
882579,169998,1
958774,1700026,1
882582,1700442,1
882666,170045,2
945320,1700762,1
882461,17009,1
882585,1700901,1
882669,1700942,1
882586,1700980,1
954469,1700986,1
882463,170105,2
882672,1701208,1
882465,1701228,1
850772,1701243,1
952354,1701431,1
882468,1701561,1
950252,1701844,1
882535,1701938,1
882470,1701966,1
882678,1701975,2
882471,170207,1
882594,1702091,1
882472,1702157,1
882681,1702326,1
882474,1702383,1
882684,1702647,1
882542,1702669,1
882686,1702804,1
882688,1702940,1
955487,1703022,1
882710,1703269,2
882712,1703529,1
882693,1703543,1
946412,1703718,1
882715,1703971,1
956970,1704078,1
882717,1704159,1
882613,170418,1
882699,1704367,1
882701,1704539,1
882789,1704687,1
882724,1705135,1
882620,1705154,1
882621,1705232,2
882793,1705590,1
882933,1705829,1
882732,1706151,1
882799,1706195,1
882734,170647,1
945360,1706512,1
882801,1706515,1
882857,1706540,1
882941,1706745,1
882743,1707651,1
882811,1707812,1
882950,1707859,1
882867,1707901,1
882815,1708138,1
882750,1708373,1
882871,1708407,1
882872,1708472,1
882873,1708687,1
882754,1708873,1
950441,1709195,1
882763,1709555,1
882968,1709597,1
882830,1709627,1
882764,1709679,2
882831,1709739,2
882832,1709867,1
882887,1709875,1
882768,1710063,1
882889,1710080,1
882834,1710220,1
882891,1710270,1
882404,1693603,1
882221,1693613,1
882222,1693730,1
947170,1693740,1
882319,1693909,1
948212,1694009,1
882320,1694026,1
882410,169423,2
882480,1694621,1
882393,16948,1
882414,1694850,1
882484,1695334,1
882417,169537,1
882486,1695604,1
882629,1695766,1
882488,169580,1
882489,1695894,1
951784,1696093,2
958593,1696296,1
945362,1696314,1
882634,1696640,1
882494,1696653,1
882427,1696729,1
882636,1696913,1
882430,1697024,1
882498,1697110,2
882640,1697271,1
882500,1697296,1
882557,169734,1
882502,1697535,1
882560,1697701,1
882562,1697883,1
882564,1698034,1
882650,1698223,1
882445,1698523,1
882654,1698730,1
882657,1698986,1
882518,1699240,1
882576,1699299,1
882660,1699394,2
851469,1699414,1
882661,1699667,1
951271,1699854,1
882522,1700286,1
882457,1700322,1
882581,1700345,1
882667,1700621,1
882584,1700799,1
882668,170080,1
882526,1700872,1
947350,1700931,1
882528,1701038,1
882587,1701081,1
882466,1701274,1
882589,1701295,1
882591,170158,1
882473,1702261,1
882703,170248,1
882601,1702786,1
882546,1702983,1
882708,1703042,1
882604,170305,1
949831,1703137,1
882605,1703176,1
882691,1703348,1
882549,1703403,1
882779,1703489,1
882611,1703994,1
882698,1704255,1
954634,1704535,1
850641,1704713,1
957067,1704789,1
882929,1705169,1
882791,1705170,1
882622,170536,1
882931,1705430,1
882623,1705706,1
882932,1705736,1
882729,1705879,1
882625,1705910,1
957136,1705925,1
882731,1706084,1
882798,1706136,1
882733,170624,2
949670,1706344,1
851553,1706472,1
882940,1706573,1
882802,1706597,1
882803,1706788,1
882737,170686,1
882943,1707133,1
882805,1707174,1
882806,1707267,1
946967,170728,1
882945,1707340,1
882863,1707371,1
882865,1707692,1
882866,1707799,1
882747,170799,3
882749,1708220,1
882816,1708362,1
882956,1708474,1
955426,1708525,1
950975,1708668,1
882957,1708708,2
882958,1708856,1
882820,170886,1
882755,1708971,2
882822,1709023,1
882824,1709220,2
882963,1709263,1
882760,1709410,1
882827,170944,1
882883,1709515,1
882967,1709522,1
882829,1709535,1
882884,1709584,1
851448,1709877,1
882972,1709995,1
882890,1710189,1
882974,1710200,1
950451,1710438,1
882836,1710540,1
882839,1710905,1
953131,171091,1
882840,1711130,1
882898,1711202,1
882982,1711231,1
949172,1711330,1
882899,1711357,1
882844,1711382,1
883001,1711385,1
850662,1711468,1
882846,1711493,1
952986,1711530,1
882985,1711576,1
883004,171178,1
882849,1711855,2
882907,1712199,1
882995,1712530,1
882997,171263,1
882916,1712879,1
882918,1713045,1
883019,1713124,1
883020,1713212,2
948241,1713485,1
948242,1713622,1
883025,1713657,1
883028,1714050,1
958601,1714051,1
883029,1714106,1
883154,1714219,1
883244,171445,1
883100,1714478,1
883159,171462,1
883161,171485,1
883248,171486,2
954836,1715115,1
883166,1715364,1
883168,1715560,1
883113,1715835,1
950628,1715868,1
883046,1715892,1
883047,1716076,1
946116,1716500,1
946788,1716515,1
883052,1716524,1
883264,1716627,1
883120,1716630,2
883178,1716713,1
883266,1716972,1
883055,1717012,1
883058,1717275,1
883270,1717286,1
883271,1717447,1
883185,1717654,1
872629,1376083,1
872565,1376129,1
872630,1376178,1
872566,137620,1
872631,1376205,1
872495,1376286,1
872498,1376433,2
945938,1376442,1
958339,1376485,1
872499,1376587,1
872636,1376588,1
872572,1376607,1
872714,1376703,1
872504,1376883,1
872717,1376984,1
872579,1377184,1
872720,1377223,1
872722,1377412,1
872582,1377461,1
872723,1377493,1
872724,1377567,1
872649,1377625,1
872815,1377787,1
872743,1377980,1
872818,137806,1
872731,1378147,2
947780,1378300,1
872733,1378358,1
872658,1378393,2
872734,1378405,1
872660,1378488,1
872736,1378490,1
872751,1378507,1
872889,1378564,1
950779,1378583,1
872752,1378649,1
949338,1378673,1
872753,1378789,1
950000,1378916,1
952384,1379080,1
872972,1379278,1
946069,1379839,1
872765,1379987,1
948061,1380308,1
872984,1380486,1
872774,1380736,1
872851,1381087,1
948062,1381156,1
872852,1381168,2
872918,1381367,1
872919,138145,1
872782,1381527,1
872857,1381577,1
872784,1381714,1
872996,1381768,1
872787,1381968,1
872999,1382023,1
872862,1382357,1
872863,1382470,1
872796,1382813,1
956986,1383007,1
873009,1383074,4
872799,1383389,1
872873,1383549,1
872801,1383556,1
872874,1383587,1
872942,1383973,1
872944,1384308,1
873019,1384348,1
873020,1384447,1
872809,1384505,1
872946,1384507,1
951029,1384646,1
872948,1384784,2
872884,1384798,1
872950,1385016,2
872951,1385052,2
951860,1385280,1
873043,1385775,1
872956,1385810,1
851013,1385833,2
950221,1386161,1
873031,1386254,1
873119,1386545,1
959580,1386557,1
873046,1386708,1
873120,1386722,1
873033,1386937,1
873048,1387054,2
873037,1387458,1
873187,1387551,2
873053,1387927,1
873189,1387946,1
949253,1388125,1
873192,1388490,1
945356,1388699,1
873271,1388871,1
873061,1388920,1
873063,1389218,1
873199,1389237,1
873065,1389402,1
873066,1389511,1
873277,1389583,1
873203,1389669,1
873281,1390516,1
873145,1390525,1
873072,1390656,2
851635,1391142,1
873076,1391161,1
873078,1391341,1
873152,1391399,1
873153,139159,1
873292,1391718,1
873083,1391912,1
873085,1392244,1
873222,1392349,1
949294,1392395,1
873159,1392441,2
873087,1392444,1
873300,1392639,1
873225,1392871,2
873301,1392902,2
873092,1393019,2
873303,1393100,1
851230,1393102,1
873228,1393291,1
873305,1393350,1
873096,1393477,1
873168,1393638,1
873171,1394128,1
873101,1394138,1
873236,1394175,1
873102,1394383,1
955093,1394577,1
873238,1394582,1
873314,1394583,2
952062,1394660,1
873107,1394938,1
873242,1394948,1
873108,1395011,1
952233,1395057,1
953132,1395303,1
851174,1395494,2
873247,1395816,1
873323,1395843,1
873338,1396005,1
873184,1396039,1
873328,1396369,1
873342,1396393,1
873329,1396424,1
947134,1396453,1
873335,1397022,1
947103,1397029,1
873336,1397213,1
873419,139723,1
873487,1397300,1
873488,1397453,1
949950,1397485,1
947049,1397502,1
873489,1397513,1
948056,1397535,1
948057,1397617,1
873355,1397671,1
873566,1397775,2
873357,139789,1
873492,13979,2
873358,1397956,1
873570,1398052,1
873361,1398081,1
873572,1398106,1
873497,1398115,2
957000,1398173,1
873364,1398311,1
873577,1398575,1
873578,1398680,1
949579,1717869,1
883275,1717948,1
883064,1717991,1
883132,1718231,1
883065,1718234,1
946158,1718261,1
883133,1718342,1
883278,1718406,1
883136,1718689,1
883072,1718938,1
883139,1719024,1
883073,1719084,1
883198,171919,1
883286,1719254,1
883309,1719533,1
883146,1719814,1
883292,1719928,1
883147,1719960,1
883313,1719963,1
883314,1720033,1
883319,1720526,2
883212,1720566,1
883320,1720641,1
951916,1720715,1
883391,1721043,1
883216,1721108,1
883325,1721435,1
883306,1721567,1
883327,1721591,1
883329,1721940,1
883398,172200,1
883330,1722006,2
883223,172201,1
883464,1722046,1
883399,1722052,1
883225,1722160,1
956755,1722193,1
883334,172241,2
883468,1722502,1
883228,1722664,1
883229,1722712,1
883470,1722717,1
883405,1722733,1
883408,17230,1
955170,1723029,1
952694,1723303,1
883411,1723407,1
883546,1723447,1
883477,1723448,1
883478,1723533,1
883548,1723552,1
883480,1723708,1
883550,1723780,1
883484,172399,1
883420,1724034,1
883487,1724217,1
883423,1724349,1
883355,1724365,1
883489,1724383,1
883490,1724520,1
883560,1724589,1
883563,172510,1
883494,1725101,2
883429,1725103,1
883495,172525,2
947530,1725455,1
946179,1726470,1
883439,1726657,1
883372,1726898,1
883576,1727080,1
883508,1727098,1
883578,1727268,1
883510,1727349,2
883511,1727465,1
883512,1727530,1
953456,1727539,1
883448,1727579,1
883583,1727769,1
946686,1728386,1
955149,1728932,1
883523,1729096,2
883619,1729223,1
883692,1729854,1
883601,1730261,1
883602,1730293,1
883699,1730491,2
950817,1730580,1
883606,1730728,1
883637,1731028,1
883638,1731166,1
883612,173138,1
883707,1731479,1
883642,1731736,1
950653,1732216,1
883858,1732652,1
883649,1732704,1
883859,1732761,1
951070,1732918,1
948243,1732962,1
883777,1733175,1
883720,1733661,1
883864,1734018,1
883722,1734115,1
883865,173426,1
883723,1734276,1
883866,1734422,1
883657,173449,1
883658,1734580,1
883661,1734881,1
883729,1735012,1
883789,1735226,2
883791,1735598,1
883666,1735707,1
883792,1735713,1
883734,1735843,1
959267,1735927,1
883668,1736086,1
883796,1736494,1
948244,1736673,1
883672,1736712,1
883881,1736738,1
883673,1736748,1
959352,1736850,1
953549,1737678,1
883745,1737842,1
883679,1738096,1
956734,1739082,1
883685,1739185,1
883811,1739237,1
883895,173958,1
883687,1739660,1
883755,1739876,1
883814,173989,1
883815,173995,1
954378,1740236,1
883919,174024,2
883920,1740291,1
883902,1740619,1
883903,1740744,1
883823,1741171,2
883926,174130,2
883995,174162,1
883829,1741903,1
883997,1741977,1
883912,1742044,1
883999,1742258,1
883914,1742448,1
958966,1742910,1
959625,1743187,1
883836,1743431,1
851487,1744113,1
884009,1744144,1
883842,1744178,1
884074,1744186,1
884075,1744297,1
884011,1744341,1
884077,1744653,1
884013,1744656,1
883950,1744805,1
883954,1745314,1
884085,1745701,1
883961,1746106,1
884028,1746371,1
883965,174689,2
884039,1747897,1
884105,1748077,1
953150,1748111,1
884042,174824,2
884174,174837,2
884176,174860,1
948227,1748722,1
945372,1748751,1
884110,1748767,1
884179,174892,1
884180,1749106,1
884183,1749420,1
873437,1398726,1
953059,1398784,1
873370,1399075,1
873581,1399111,1
945440,1399139,1
954561,1399339,1
873508,1399348,1
873510,1399639,1
873376,1399704,1
873377,1399757,1
873588,1399812,1
873515,1400361,1
873382,1400430,1
873451,1400455,1
947422,1400472,1
873594,1400509,2
950989,1400741,1
873519,140080,1
873521,1400985,1
873456,1401002,1
873522,1401025,1
873458,1401063,1
873459,1401117,1
873604,1401380,1
873605,1401402,1
873529,1401427,1
873396,1401497,1
873607,1401546,1
873465,1401598,1
873608,1401662,1
873466,140167,1
873611,1401873,1
873470,1402011,1
873614,1402135,2
873405,1402202,1
873618,1402339,2
850787,140244,1
873619,1402475,1
873407,1402524,1
873621,1402661,2
873479,1402681,1
873480,1402724,1
873549,1403108,1
873641,1403176,1
873551,1403199,1
873712,1403346,2
873645,1403453,1
873646,1403504,1
873636,1403888,1
873719,1403958,1
873784,1404282,2
959825,1404378,1
873722,1404493,2
873653,1404529,1
873656,1404832,1
873864,1404835,1
950972,1404924,1
873866,1405077,1
873730,1405157,1
873868,1405223,1
873794,1405263,1
873795,1405394,1
948064,1405395,1
873870,1405476,1
873872,1405831,1
873798,1405867,1
873735,140593,1
873667,1406073,1
873801,1406160,1
873739,1406228,1
873807,1406920,1
873883,1407081,1
873746,1407127,1
873884,1407145,1
873750,14075,1
873682,1407722,1
873753,1407819,1
873819,1408042,2
873687,1408131,2
955046,1409364,1
873902,1409689,1
873904,14101,2
873832,1410500,1
873908,1410662,1
873834,1410665,1
873910,1410880,2
873837,1410999,1
873911,1411075,1
873775,1411379,1
873915,141151,1
945899,1411525,1
873916,1411608,1
950409,1411675,1
873844,1411829,2
873778,1411883,1
873711,1412136,1
873846,1412150,1
873847,141222,1
873922,1412524,1
873928,1413408,2
947195,1413484,1
954483,1414264,1
874165,1414519,1
874166,1414605,1
874167,1414668,1
873955,1414687,1
874090,141478,1
874091,1414920,1
874170,1414936,2
874174,1415273,1
946821,1415307,1
874096,1415387,1
874031,1415602,1
874032,1415656,1
874179,1415852,1
873968,1416008,1
873969,1416165,1
874104,1416208,1
873972,1416536,1
873974,1416852,1
874111,1417324,1
874113,1417544,1
874049,1417734,1
874116,1417825,1
873981,1417914,2
874197,1418142,1
873984,1418163,1
874119,1418186,1
874198,14182,2
874199,1418320,2
954207,1418419,1
873989,1418883,1
874125,1419185,1
946142,1419223,1
874205,1419361,1
947123,1419492,1
874130,1419853,1
874209,1419914,1
874065,1420030,1
958705,1420110,1
874211,1420138,1
873997,1420148,1
874070,1420609,1
874071,1420735,1
851076,1420887,1
874143,1421439,1
955188,1421562,1
874144,1421576,1
874146,1421769,1
874224,1421940,1
874082,1421990,1
874387,1422098,1
874226,1422124,1
874227,1422157,1
952249,1422222,1
874151,1422285,1
874391,1422486,2
874154,1422628,1
874231,1422638,1
874155,1422667,1
874239,1422749,1
874233,1422956,1
874159,1423386,1
874245,1423604,1
874457,142394,1
874315,1424025,1
874316,1424054,1
874404,1424071,1
874460,1424094,1
874405,1424140,1
874462,1424219,2
874319,1424278,1
949256,1424305,1
874322,1424675,1
874411,1424897,1
954871,1749538,1
884117,1749546,1
883987,1749573,1
884118,174963,1
884055,1749679,2
884120,1749731,1
948229,1749743,1
884058,174990,1
950123,1749978,1
884059,174998,1
884124,1750128,1
884193,1750349,1
947519,1750362,1
884195,1750500,1
884128,175060,1
948232,1750717,1
884300,1750838,1
884066,1750935,1
884301,1750961,1
884131,1751083,1
884067,1751097,1
884199,1751125,1
884137,1752076,1
884224,1752080,1
884310,1752299,1
884228,175258,1
884229,1752743,1
884231,175300,2
884316,1753205,1
884453,1753298,1
884318,175339,1
946524,1753498,1
884319,175350,1
948240,1753563,1
884217,1753787,1
884322,1753899,1
884374,1753997,1
950985,1754113,1
884325,1754131,1
955352,1754451,1
884465,1754556,1
884380,1754611,2
884466,1754630,1
884381,1754679,1
950256,1754864,1
884470,1755325,2
884386,1755625,1
952096,1755754,1
884253,1755779,1
950001,1755853,1
884338,1755889,1
884339,1755925,1
884475,1756014,1
949324,1756260,1
884341,1756342,1
884392,1756408,1
884343,1756689,1
884261,1756834,1
959553,1756932,1
884262,175703,1
954938,1757312,1
884348,1757507,1
884265,1757609,1
884400,1757765,1
884485,1757797,1
884266,1757836,1
884486,1757915,1
946243,1757994,1
884488,1758119,1
884353,1758173,1
884271,1758393,1
884275,1758796,1
954815,1758825,1
884499,1759611,1
884364,1759699,1
952633,1759749,1
884501,1759829,1
958649,1759874,1
884417,175995,1
884285,1760303,1
884420,1760316,1
884370,1760380,1
884287,176061,1
884372,1760678,1
884423,176076,1
884288,1760776,1
884680,1761006,1
884425,1761057,1
884429,1761536,1
953198,1761596,1
884430,1761620,2
884516,1761889,1
884687,1761935,1
884529,1762065,1
884689,1762075,1
884520,1762276,1
884531,176228,1
884532,1762492,1
884534,1762844,1
884694,1762877,1
884524,1762916,1
884440,1762991,1
884441,1763124,1
884698,1763293,1
884760,1763454,1
884540,176350,2
884447,1763843,1
884763,176386,1
951819,1763947,1
884450,1764115,1
884709,1764972,2
884711,176545,1
952560,1765721,1
884715,1766209,1
946239,1766212,1
884716,1766416,1
884777,1766461,1
884557,1766475,1
884618,1766834,1
884619,1766938,1
884562,1766944,1
884783,1767025,1
884622,1767336,1
884788,1767822,1
884728,1767903,1
884626,1767974,1
884789,1767997,1
884628,1768135,1
884572,1768321,1
946253,1768825,1
884798,1769234,1
952281,1769271,1
884738,1769387,1
884638,1769606,1
884741,1769720,1
957011,1769802,1
945801,1769886,1
884641,1770043,1
884804,177005,2
884642,1770115,1
884586,1770300,1
884807,1770383,1
884646,1770745,1
884589,1770822,1
884749,1770893,1
884810,1770923,1
884592,1771189,1
884752,1771236,1
884593,1771341,1
884753,1771370,1
884651,1771396,1
945504,1771609,1
884595,1771610,1
884597,177202,1
884656,177217,2
884600,177232,1
884658,1772380,1
951537,1772397,1
884823,1772883,1
884838,177350,1
884925,1774064,1
884670,1774128,1
884671,1774174,1
884927,177420,1
850702,17743,1
884673,1774351,1
884929,177451,1
884931,1774692,1
946611,1774711,1
885070,1774944,1
885072,1775428,1
884936,1775554,2
884937,17757,1
884939,1776058,1
884995,1776597,1
885080,1776599,1
951912,1425082,1
874470,1425143,1
874262,1425199,1
951461,1425274,1
874418,1425408,1
874419,1425496,1
874475,1425501,1
874421,1425694,1
874477,1425714,2
874334,1425721,1
874269,1425738,1
874422,1425743,1
874423,1425806,1
956951,1426136,1
952618,1426247,1
874482,1426414,1
948080,1426535,1
874342,142661,1
951949,1426639,1
955452,1426681,1
874343,1426871,1
874430,1426896,2
874487,1426938,1
874488,1427102,2
874489,1427186,1
874346,1427188,1
874490,1427227,1
874492,1427416,1
874494,1427604,1
874495,1427657,1
874287,1427679,2
874440,1427845,1
949167,1427883,1
948089,1427940,2
874443,1428258,1
953566,1428321,1
954429,1428584,1
874294,1428588,2
954079,1428738,1
958756,1429043,1
874451,1429261,1
874509,1429455,1
874366,1429529,1
956891,1429720,1
874511,1429769,1
948092,1429848,1
874533,1430090,1
874515,1430123,1
874373,1430321,1
956995,1430350,1
874374,1430404,1
874537,1430502,1
874523,1430984,1
874612,1431258,1
850959,1431341,1
851504,1431421,1
874758,1431457,1
874616,1431643,1
874618,1431871,1
874619,1432068,1
874551,1432077,1
874682,1432090,1
947076,1432172,3
874553,1432347,1
874623,1432520,1
874624,1432546,1
874556,1432554,1
950174,1432804,1
874558,1432811,1
851026,1433154,2
874560,1433170,1
947553,1433296,1
874693,1433405,1
874563,1433420,1
874633,1433703,2
929878,1434029,1
874781,1434092,1
951232,1434247,1
874785,1434439,1
874642,1434524,1
948099,1434546,1
874643,1434585,1
951156,1434591,1
874707,143460,1
948100,1434806,1
874577,1434808,1
874578,1434881,1
874791,1434919,2
874648,1435091,1
874580,1435115,1
874712,1435134,1
874651,1435270,1
874716,1435402,1
874797,1435422,1
874653,1435462,1
874798,1435482,1
874586,1435512,1
959263,1435562,1
874718,1435566,1
874800,1435635,1
959576,1435657,1
874657,1435722,1
874589,1435751,1
874658,1435795,1
874722,1435803,1
950396,1435978,1
874726,1436209,1
874810,1436496,1
874732,1436724,1
874601,143696,2
952676,1436968,1
874671,1437021,1
874738,1437462,1
874739,143752,1
874835,1437567,1
874740,1437586,1
874837,1437801,1
874838,14379,1
874743,1437910,1
874744,1438029,2
874910,1438422,1
874747,1438477,1
874748,1438568,1
874829,1438584,1
874911,1438633,1
874844,1438636,1
874749,1438640,1
874750,1438747,1
875055,1438988,2
947346,1439022,1
950162,1439248,1
875059,1439293,1
874980,143938,1
874853,1439648,1
874983,1439814,1
875063,1439825,1
874984,1439857,1
874923,1439873,1
874856,1439888,1
874985,1439933,1
874858,1440238,1
946234,1440444,1
874990,1440483,1
947342,1440515,1
875070,1440517,1
874862,1440521,1
875071,1440571,1
958408,1440617,1
850678,1440690,1
874994,1440883,1
950367,1440963,1
875002,1441899,1
953488,1441911,1
874940,1442009,2
959158,1442050,1
875087,1442583,1
875089,14428,1
946601,1443056,1
875013,1443215,1
874885,1443262,1
875014,1443264,1
875096,1443462,1
874888,1443486,1
874889,1443538,1
875098,1443579,1
952901,1443804,1
947539,1443822,1
948113,1443847,1
874959,1443977,1
874892,1443982,1
875102,1444169,1
946641,1444315,1
950864,1444358,1
875026,1444656,1
874964,1444682,1
884996,1776665,1
952506,1776774,1
884945,1776878,1
885083,1776982,1
884946,1777010,1
884869,1777913,1
884951,1777936,1
885089,177812,1
950800,1778339,1
885090,1778439,1
884953,1778562,1
885091,1778622,1
947829,1778756,1
884956,1779181,1
951703,1779405,1
884957,1779666,1
947224,1779948,1
958968,1780286,1
885012,1780300,1
952669,178083,1
851455,1781163,1
959404,1781292,1
884880,1781340,1
884881,1781640,1
885015,178167,1
884965,1781933,1
885103,1782047,1
885019,1782214,1
884969,1782528,1
884888,178258,1
885108,1782643,1
948272,1782838,1
884890,1782867,1
885110,178313,1
885027,1783775,1
884897,1784362,1
884901,178494,1
885121,1785077,1
884985,1785400,1
884904,178554,1
885125,1785880,1
885040,1785932,1
884907,1786002,1
885143,1786010,1
956682,1786336,1
885044,1786534,1
885045,1786732,1
885148,1786849,1
885133,1787090,1
885154,1787767,1
885138,1787779,1
953460,1787891,1
885155,1787909,1
885156,1788019,1
885373,178839,1
885374,1788596,1
949451,1788741,1
885375,1788788,1
885160,1788881,1
885061,1789244,1
885295,178953,2
885296,1789574,1
885239,1789796,1
885168,1789798,1
885298,1789848,1
885170,1790069,1
885300,179014,1
885385,1790183,1
885386,179024,1
885172,179031,1
885244,1790349,1
885173,179035,1
952419,1790732,1
885176,179120,1
885248,1791239,1
885307,1791276,1
885393,1791492,1
885252,1791730,1
948250,1791883,1
885312,179197,1
885397,179199,1
885254,1792061,1
885257,1792325,1
885258,1792402,1
885187,1792448,1
885317,1792455,1
885405,1792901,1
885325,1793915,1
885196,1793976,1
885269,17942,1
885328,1794310,1
885199,1794534,1
950438,1794576,1
952582,1794588,1
885331,1794785,1
885416,1794853,1
885202,1794920,1
885274,1795065,1
947484,1795267,1
885275,1795268,1
885334,1795314,1
959587,1795315,1
954233,1795455,1
885335,1795491,1
885420,1795514,1
885422,179586,1
885280,1796174,1
885281,179635,1
885340,1796373,1
885211,1796543,1
946540,1796770,1
947806,1796804,1
885285,1796882,1
885348,179728,1
885433,1797319,1
885434,1797730,1
885435,1797902,1
885455,1798471,1
885354,1798529,1
885439,1798535,1
885355,179866,1
945841,1799017,1
885458,1799034,1
885459,1799128,1
945690,1799152,1
885531,1799235,1
885359,179928,1
885533,1799501,1
885534,1799668,1
885363,1799703,1
885536,1800084,1
954404,1800125,1
885366,1800434,1
885367,1800550,1
885539,1800610,1
955451,1800781,1
885687,1800832,1
885541,1800834,1
885691,1801289,1
885545,1801302,1
953274,1801423,1
885476,1801649,1
885547,1801714,1
885607,1801754,1
958545,1802261,1
885698,1802698,1
885482,1802706,1
885557,1803489,1
885488,1803746,1
885618,1803785,1
885559,1803832,1
885706,180405,1
959339,180415,1
885708,180442,1
885493,180446,1
885494,180463,1
885495,1804722,1
885499,180516,2
885502,180541,1
885573,180543,1
885719,1805517,1
885636,1805726,1
885509,1806014,2
952946,1806067,1
948264,180611,1
885580,1806187,1
949728,1806402,1
885732,180711,1
885587,1807301,1
949150,1807909,1
885591,1808021,1
885652,1808084,1
885653,1808227,1
885524,1808260,1
885594,1808289,2
885525,1808308,1
952703,1808379,1
885595,1808519,1
885596,1808607,1
885834,1808617,4
885745,180872,1
885746,1808762,1
885838,1808806,1
885747,1808845,1
885601,1808974,1
850791,180905,1
885602,1809107,1
885663,1809165,1
885749,1809323,1
885842,1809344,1
885750,1809410,1
885752,180964,1
885765,1810202,1
885913,181038,1
885851,1810390,1
885914,1810457,1
885852,1810476,1
850663,1810649,1
885676,1810779,1
885854,1810941,1
885680,1811349,1
950788,1811511,1
885921,1811524,1
885773,1811604,1
955233,1811733,1
885922,1811804,1
885991,1812091,1
885925,1812348,1
885928,1812812,1
885998,1813074,1
885784,1813283,1
885871,1813691,1
959000,1813718,1
886005,1814209,1
885875,1814342,1
886006,1814426,1
952931,1814727,1
885878,181510,1
948288,1815289,1
885941,1815316,1
885794,1815359,1
885942,1815484,1
885795,181553,1
885880,1815578,1
886011,1815604,2
953155,1816054,1
885799,181621,1
885952,1817276,1
951403,1817283,1
885805,1817326,1
885891,1817848,1
947002,181787,1
959009,1817873,1
885807,1817904,1
886024,1818128,1
885810,1818579,1
885895,1818602,1
946418,1818698,1
952407,1818732,1
885811,181880,1
885814,18191,1
946079,1819132,1
886031,1819359,1
885963,1819677,1
886033,182006,1
950993,1820122,1
885967,1820439,1
950373,1820488,1
885970,182093,1
885908,1821043,1
946436,1821224,1
950970,1821230,1
885825,1821297,1
885973,1821450,1
885826,1821490,1
886066,1821973,1
885829,1823434,1
886045,18236,1
885831,182400,2
886047,182416,3
958416,1824349,1
885833,182513,1
956625,1827065,1
886051,1827247,1
886075,18276,1
885984,182764,1
886077,1827932,1
886055,1828150,1
946389,1828598,1
886056,1828779,1
886151,1828844,1
886297,1829100,1
886298,1829593,1
886153,182967,1
886083,1830379,1
886156,1830616,1
886158,1830822,1
886064,183094,1
886159,1831009,1
886088,1831044,2
886305,1831134,1
886089,1831223,1
886223,183183,1
886094,1832204,1
947716,1832281,1
886167,1832602,1
886229,1833102,1
886170,183322,1
953517,183361,1
886233,1833808,1
886104,1834758,2
886324,1835525,1
950260,1836305,1
886242,1836373,1
886184,1836847,1
886113,1837023,1
886244,183705,1
958888,1837121,1
886114,1837195,1
886245,1837197,1
886331,1837261,1
886116,1837773,1
886117,1837919,1
886334,1837937,1
886335,1838037,1
886190,1838135,1
886252,1838524,1
886339,183868,1
886255,1838910,1
947459,1838992,1
886344,1839248,1
886202,1839743,1
886264,1840213,1
886134,1840487,1
886207,1840877,1
950346,1841187,1
950725,1841357,1
886210,1841374,2
886272,1841699,1
886214,184183,1
886143,1841840,1
886372,184187,1
886275,1841871,1
886361,1841882,1
850939,1841888,1
886374,1841961,1
945915,1842195,1
886448,1842741,1
886283,1842975,1
886368,1843025,1
886382,1843179,1
886285,1843209,1
886370,1843254,1
886286,1843327,1
886384,1843437,1
886385,1843556,1
886288,1843564,1
886456,1843798,1
886606,1843979,1
947789,1844332,1
886609,1844574,1
886397,1845119,1
886528,184567,1
886399,184572,2
886404,184818,1
886538,1848729,1
886626,1848731,1
886408,1848745,1
886539,1848755,1
886627,184876,1
886628,184884,1
886480,184888,1
948278,1849108,1
886482,1849222,1
958975,1849257,1
886412,1849270,2
886543,1849305,2
946106,1849370,1
851597,1849427,1
886544,1849498,1
886632,1849518,1
950151,1849696,1
886546,1849822,1
886635,1849996,1
886552,185070,2
886492,1850814,1
886642,1850887,1
886426,1851334,1
886428,1851450,1
949583,1851617,1
886563,1851662,1
886502,1851683,1
886564,1851689,1
886652,1851749,1
886565,185181,1
886567,1851981,1
886655,185204,1
886568,185213,2
886572,1852433,1
886511,1852455,1
886576,185281,1
886445,185290,1
886446,1853,2
886667,1853136,1
950306,1853274,1
947731,1853496,1
886764,185427,2
886587,185432,1
886588,1854475,1
886683,1854730,1
886769,1854857,1
886687,1855077,1
886595,1855300,1
886915,1855322,1
886916,1855413,1
886776,1855633,1
886598,1855659,1
886693,1855931,1
946368,1856087,1
886695,1856201,1
886834,1856262,1
886922,1856275,1
886923,1856375,1
950355,1856662,1
886784,1856795,1
946162,1856854,1
954805,1857276,1
886787,1857344,1
886706,1857702,1
886845,1857773,1
886936,1857963,1
886849,1858008,1
886938,1858113,1
886851,1858241,1
886853,1858600,1
886799,1858655,1
886719,1859114,1
886858,1859216,1
886947,1859360,1
886950,1859694,1
886951,1859800,1
886725,1859888,1
951404,1859928,1
886726,1860077,1
886865,1860123,1
886955,1860363,1
886729,186040,1
886868,1860483,1
886958,1860683,1
886960,1860978,1
953040,1861128,1
954445,1861222,1
886736,1861289,1
886820,1861310,1
886737,1861366,1
886821,1861370,1
886876,1861402,1
886882,1861895,1
886883,1862239,1
886830,1862349,1
886885,1862372,1
886973,1862383,1
954694,1862392,1
886749,1862576,1
886978,1862850,1
886892,1862981,1
886980,1863024,1
886754,1863027,1
886755,1863122,1
887073,186324,1
887074,1863299,2
886985,1863335,1
945860,1863443,1
887076,1863446,1
887077,1863488,1
886901,1863590,1
886995,1863676,1
887226,1863907,1
886997,1863921,1
886999,1864091,1
886907,1864143,1
887229,1864179,1
887085,1864198,1
886909,1864263,1
887231,1864354,1
887233,1864440,1
887146,1864596,1
887007,186480,1
887148,1865017,1
887237,1865034,1
948310,1865183,1
947588,1865188,1
887010,1865209,1
887245,1865754,1
887017,1865865,2
887158,1865884,1
948355,1865889,1
887160,1866044,1
887022,1866251,1
887163,1866281,1
945350,1866351,1
887109,186648,1
887166,1866535,1
955314,1866557,1
887168,1866844,1
947421,1866882,1
887114,1866944,1
955108,186705,1
887115,1867119,1
887171,1867120,1
949952,1867150,1
950798,1867157,1
950654,1867311,1
887174,1867527,1
887179,1867925,1
952217,1868009,1
887181,1868153,1
887272,186860,1
887184,1868607,1
887044,1868674,1
887274,1868765,1
887130,1868783,1
887046,1868880,1
887188,1868972,1
887048,1868994,1
887189,1869036,1
887278,1869075,1
887137,1869223,1
887138,1869299,1
887054,1869342,1
887285,1869509,1
955163,1869790,1
887288,186982,1
887381,1870205,1
887202,1870227,1
945657,1870278,1
887383,1870391,1
887385,1870758,1
887295,1870813,1
887207,1870855,1
887388,1870970,1
887389,1871074,1
887536,1871276,1
945734,1871398,1
887393,187145,1
887538,1871520,1
887394,1871548,1
887216,1871675,1
887541,1871827,1
887312,1871992,1
887544,18721,1
887315,187227,1
887401,1872292,1
887549,187271,1
948282,1872803,1
887462,1872970,1
887322,1873041,1
946323,1873245,1
887325,1873323,1
887411,1873328,1
887467,1873491,1
887329,1873710,1
887470,187378,1
887330,1873863,1
887417,1873980,1
887472,1873985,1
887332,1874022,1
887335,1874240,1
953233,1874398,1
887336,1874401,1
887477,1874433,1
887567,1874442,1
887337,1874456,1
887478,1874488,1
887568,1874508,1
950508,1874538,1
951997,1874699,1
887424,1874713,1
887340,18748,1
887341,1874903,1
887426,1874959,1
887342,187499,1
887486,1875470,1
887581,187608,1
887493,1876300,1
887583,1876301,1
953335,1876374,1
887439,1876421,1
887444,1876893,1
887500,1876996,1
887360,187701,2
887445,1877066,1
887501,1877095,1
887361,1877131,1
887446,1877153,1
887502,1877196,1
887447,1877269,1
887593,1877275,1
955036,1877666,1
887452,1877864,1
887508,1877941,1
887453,1878039,1
947388,1878088,1
887369,1878089,1
959535,1878097,1
887374,1878504,1
887515,187851,2
887604,1878517,1
949549,1878545,1
952387,1878562,1
887517,1878613,1
887606,1878627,1
887518,1878722,1
887607,1878736,1
887608,1878800,1
887521,1878936,1
887522,1879067,1
887615,187910,1
887526,1879479,1
887848,1879504,1
887705,1879529,1
945506,1879723,1
887850,1879749,1
887529,1879821,1
954068,1879839,1
887709,1879907,1
887531,1879911,1
887624,1880002,1
887711,1880109,1
887626,1880164,1
887768,1880251,1
952897,1880262,1
887769,188035,1
887859,1880432,1
946346,1880524,1
887861,1880603,1
887774,188075,1
947532,1880792,1
959398,1880870,1
887722,1881028,1
887778,1881205,1
887869,1881360,1
887781,1881398,1
949890,1881459,1
946091,1881939,1
887646,1881953,1
954765,1882021,1
887788,1882202,1
887648,1882263,1
887878,1882310,1
887735,1882331,1
948346,1882477,1
950027,1882565,1
887881,1882623,2
887652,1882639,1
887738,1882658,1
959452,1882792,1
948348,1882800,1
887740,1882819,1
955024,1882858,1
948350,1882885,1
887796,188292,1
887656,1882936,1
949289,1883033,1
950276,1883098,1
887745,188322,1
946654,1883368,1
951765,1883531,1
946831,1883541,1
945954,1883852,1
887895,1883937,1
946538,1883954,1
887752,1883963,1
887896,1883981,1
887899,1884355,1
887756,1884376,1
887811,1884378,1
887901,1884532,1
887673,1884627,1
887759,1884651,1
948475,1884738,1
887904,1884803,1
887816,1884873,1
948477,1885080,1
946204,1885129,1
954564,1885297,1
949983,1885527,1
887766,1885658,1
945337,1885902,1
953680,1886011,1
887915,1886494,1
887686,188661,2
887927,1886643,1
952808,1886648,1
945725,1886654,1
950135,1886680,1
887687,1886723,1
948492,1886810,1
887929,1886925,1
947737,1886949,1
887918,1887005,1
945642,1887032,1
950977,1887161,1
887919,1887173,1
948496,1887339,1
947165,1887402,1
887920,1887538,1
953002,1887635,1
950352,1887647,1
945385,1887758,1
957117,1887835,1
948505,1887887,1
955545,1887974,1
945322,1887991,1
950549,1888116,1
954244,1888190,1
947616,1888227,1
945450,1888252,1
947166,1888272,1
887933,188830,2
945471,1888538,1
888077,188857,1
945472,1888605,1
946805,1888744,1
954713,1888762,1
947021,1888813,1
945508,1888873,1
952737,1888875,1
948514,1888936,1
946256,1888995,1
949418,1889144,1
954240,1889244,1
945454,1889397,1
953201,1889430,1
956843,1889438,1
954712,1889527,1
945722,1889528,1
946909,1889650,1
945877,1889797,1
947512,1889809,1
950217,1889824,1
946782,1890023,1
948532,1890110,1
948534,1890236,1
947685,1890237,1
946509,1890239,1
948535,1890246,1
949610,1890302,1
945775,1890375,1
948538,1890410,1
947008,1890572,1
952005,1890592,1
947310,1890778,1
945907,1890839,1
945972,1890904,1
949364,1890950,1
948545,1890982,1
949672,1891024,1
949615,1891141,1
953389,1891378,1
953507,1891556,1
948560,1891609,1
947293,1891689,1
949105,1891854,1
948565,1891892,1
948566,1891959,1
946144,1891994,1
954994,1892063,1
956718,1892068,1
948573,1892162,1
954018,1892209,1
952814,1892244,1
948574,1892252,1
949537,1892563,1
954522,1892787,1
946252,1893033,1
955092,1893038,1
952277,1893049,1
953322,1893151,1
953732,1893300,1
950728,1893385,1
948331,1893538,1
948337,1893878,1
947472,1893897,1
948341,1893976,1
954221,1893978,1
948363,1894036,1
950368,1894219,1
946653,1894393,1
953355,1894462,1
949448,1894477,1
948374,1894491,1
948375,1894567,1
952878,1894740,1
947284,1894741,1
947082,1894770,1
948384,1894884,1
948385,1894978,1
959681,1895122,1
950016,1895146,1
888005,189537,1
952962,1895380,1
948391,1895501,1
952487,1895602,1
948398,1895655,1
952801,1895740,1
951304,1895787,1
954001,1895831,1
887942,189587,2
948403,1895898,1
949415,1895924,1
948405,1895963,1
953644,1896009,1
949140,1896195,1
947233,1896211,1
947522,1896222,1
954017,1896223,1
948409,1896327,1
947162,1896385,1
947356,1896404,1
948415,1896427,1
947426,1896507,1
947643,1896535,1
947490,1896664,1
947599,1896677,1
888007,189670,2
948418,1896705,1
949503,1896798,1
948422,1896831,1
947279,1896863,1
948423,1896906,1
950690,1896937,1
947376,1897118,1
956875,1897356,1
948434,1897358,1
948435,1897370,1
947669,1897497,1
955291,1897521,1
948440,1897531,1
947591,1897634,1
947462,1897640,1
949291,1897777,1
953556,1897871,1
949315,1897881,1
948445,1897904,1
951290,1897960,1
959835,1897975,1
888011,189810,1
948448,1898157,1
948449,1898162,1
949173,1898265,1
950651,1898468,1
954771,1898508,1
954448,1898548,1
948459,1898593,1
948460,1898604,1
952874,1898645,1
888091,189872,1
954109,1898740,1
953206,1898767,1
954328,1898772,1
953299,1898858,1
949234,1898932,1
949587,1899100,1
947766,1899179,1
850699,189922,1
949477,1899248,1
954369,1899368,1
953423,1899383,1
954812,1899415,1
959328,1899475,1
954878,1899555,1
888154,189973,1
949138,1899906,1
952640,1899912,1
952885,1900043,1
952429,1900147,1
954203,1900206,1
954936,1900222,1
950235,1900274,1
952306,1900279,1
952491,1900433,1
953822,1900461,1
950164,1900503,1
953538,1900553,1
953015,1900989,1
949685,1900993,1
954604,1901159,1
949390,1901172,1
951299,1901351,1
952943,1901445,1
952717,1901545,1
952762,1901577,1
953888,1901632,1
958786,1901652,1
887952,190170,1
888157,190173,3
887953,190194,1
951503,1902074,1
951043,1902077,1
950374,1902083,1
953812,1902151,1
950676,1902206,1
953302,1902296,1
953153,1902347,1
954633,1902486,1
953309,1902508,1
949538,1902564,1
950251,1902714,1
949744,1902809,1
949788,1902821,1
950234,1902840,1
950944,1902933,1
954350,1903072,1
952978,1903075,1
953631,1903180,1
950094,1903221,1
953775,1903286,1
954066,1903440,1
953669,1903540,1
953970,1903547,1
954915,1903565,1
951282,1903795,1
950265,1903798,1
952786,1903814,1
953105,1903822,1
950259,1903836,1
954273,1903919,1
951983,1903934,1
953081,1903978,1
952813,1904096,1
952586,1904171,1
952641,1904223,1
958592,1904237,1
954440,1904244,1
950372,1904249,1
953301,1904255,1
951512,1904359,1
953841,1904360,1
953189,1904480,1
958899,1904534,1
952944,1904564,1
953463,1904649,1
950381,1904650,1
955137,1904654,1
953542,1904735,1
954780,1904815,1
888101,190483,2
959317,1904868,1
953575,1904948,1
950238,1904955,1
954720,1904958,1
954887,1904977,1
954643,1904978,1
952880,1904979,1
953339,1905016,1
952870,1905032,1
954230,1905053,1
955237,1905099,1
952687,1905129,1
955040,1905140,1
952253,1905155,1
954989,1905212,1
953722,1905332,1
950434,1905394,1
954335,1905457,1
950366,1905654,1
952287,1905655,1
950580,1905689,1
953351,1905735,1
952932,1905792,1
951494,1905943,1
959451,1905944,1
955044,1905952,1
953479,1905982,1
950471,1906105,1
951378,1906115,1
951925,1906153,1
954454,1906236,1
954133,1906297,1
888024,190634,2
953321,1906432,1
954862,1906574,1
951066,1906595,1
954957,1906602,1
954060,1906653,1
953090,1906662,1
958844,190673,1
956567,1906753,1
953867,1906941,1
951319,1907056,1
953220,1907080,1
953009,1907113,1
955420,1907570,1
954306,1907607,1
953370,1907630,1
953654,1907772,1
956757,1907774,1
953672,1907897,1
888168,190793,1
951599,1907979,1
950481,1908036,1
954684,1908072,1
951867,1908215,1
953581,1908239,1
954103,1908423,1
953684,1908505,1
953835,1908584,1
953667,1908598,1
953283,1908628,1
950543,1908649,1
954163,1908789,1
954804,1908816,1
955245,1908820,1
951034,1909088,1
954370,1909098,1
953697,1909109,1
953378,1909113,1
951351,1909267,1
951901,1909386,1
952493,1909408,1
954995,1909459,1
953478,1909469,1
954733,1909556,1
952107,1909858,1
952992,1910056,1
950837,1910084,1
953067,1910145,1
952066,1910220,1
952156,1910312,1
955049,1910418,1
954819,1910424,1
951802,1910493,1
954982,1910511,1
952807,1910531,1
953777,1910685,1
887967,191075,2
954486,1910772,1
953956,1910774,1
959730,1911022,1
952471,1911325,1
951308,1911346,1
954489,1911486,1
951011,1911568,1
951106,1911611,1
954071,1911627,1
952267,1911653,1
954641,1911868,1
955037,1911890,1
959350,1911962,1
956604,1911981,1
951460,1912021,1
954219,1912055,1
951575,1912077,1
951487,1912122,1
954090,1912200,1
954134,1912348,1
953585,1912591,1
952849,1912596,2
951988,1912664,1
952756,1912665,1
952910,1912888,1
951184,1913019,1
888177,191302,1
953144,1913029,1
958435,1913093,1
951619,1913096,1
951374,1913294,1
951420,1913385,1
956967,1913447,1
951424,1913593,1
951435,1913885,1
958566,1913946,1
952913,1913950,1
954227,1914034,1
956732,1914088,1
888038,191426,3
888180,191449,1
953657,1914508,1
953057,1914549,1
954142,1914581,1
888039,191465,3
952963,1914709,1
954606,1914763,1
952090,1914765,1
953574,1914780,1
951993,1914915,1
952936,1915246,1
955051,1915252,1
952328,1915253,1
953568,1915255,1
959195,1915288,1
952678,1915324,1
954189,1915329,1
954776,1915379,1
954589,1915422,1
953613,1915441,1
954089,1915536,1
953747,1915554,1
953636,1915584,1
952509,1915716,1
953833,1915753,1
952484,1915778,1
959600,1915801,1
953617,1915908,1
953285,1916054,1
952501,1916113,1
954761,1916139,1
952117,1916152,1
954223,1916167,1
959356,1916293,1
953094,1916440,1
953840,1916448,1
950861,191658,1
954347,1916651,1
954990,1916730,1
952466,1916887,1
954584,1916941,1
952406,1917074,1
955454,1917228,1
952926,1917494,1
888121,191753,1
957065,1917558,1
959042,1917633,1
952428,1917870,1
959151,1917876,1
958617,1917887,1
959337,1917963,1
956662,1918073,1
954003,1918092,1
954904,1918220,1
959833,1918277,1
888122,191828,1
888184,191839,1
952952,1918416,1
952490,1918455,1
959082,1918506,1
959418,1918697,1
959326,1918719,1
959142,1918880,1
956592,1918884,1
958732,1918887,1
887979,191889,1
958901,1919098,1
959464,1919117,1
958500,1919144,1
958451,1919400,1
956738,1919465,1
955463,1919569,1
959543,1919704,1
888045,191976,1
959327,1919879,1
959052,1919917,1
955229,1920126,1
959736,1920235,1
887982,192044,1
959309,1920518,1
888127,192058,1
958684,1920660,1
959664,1920700,1
959731,1920766,1
956666,1920816,2
955538,1920983,1
959682,1921023,1
959609,1921113,1
959533,1921273,1
957072,1921367,1
955317,1921373,1
958484,1921477,1
959287,1921489,1
959438,1921495,1
958805,1921507,1
959933,1921512,1
888050,192158,1
958831,1921604,1
959128,1921674,1
958946,1921856,1
958282,1921863,1
958349,1922024,1
959044,1922071,1
956959,1922152,1
956838,1922219,1
958958,1922298,1
958826,1922305,1
958904,1922312,1
959276,1922367,1
959677,1922494,1
958960,1922505,1
957285,1922625,1
959551,1922626,1
888193,192278,1
959712,1922836,1
957037,1922870,1
958347,1923007,1
959274,1923028,1
956782,1923041,1
958580,1923087,1
958990,1923099,1
959015,1923130,1
959293,1923308,1
959621,1923321,1
959021,1923553,1
958788,1923788,1
956854,1924170,1
959667,1924173,1
956759,1924176,1
956807,1924193,1
959795,1924363,1
959134,1924402,1
959324,1925045,1
959605,1925348,1
959726,1925412,1
959085,1925602,1
958980,1925943,1
958834,1926503,1
958353,1926512,1
887991,192677,2
959891,1927055,1
959918,1927156,1
959882,1927277,1
888057,192819,1
888060,193073,1
888140,193214,1
888064,193463,1
888066,193613,1
888068,193706,1
888148,19384,1
888071,193954,1
888072,193984,1
888313,194058,1
888314,194129,1
888316,194290,1
888218,19437,1
888222,194814,1
888321,194853,1
888238,19490,1
888225,19503,1
888325,195136,3
888467,195207,1
888242,195208,1
888380,195261,1
888381,195311,1
888245,195450,1
888383,195503,1
888471,19551,2
888384,195544,1
888251,195828,1
888478,195980,1
888253,196024,1
888258,196491,1
888259,196551,2
888398,196672,1
888400,196825,1
888347,196856,2
875689,1469515,1
875973,1469519,1
955255,1469786,1
875836,1469815,1
875976,1469987,1
875838,1470008,2
875839,1470169,1
875694,1470177,1
875901,147035,1
875982,1470839,1
948096,1471279,1
875701,147130,1
875702,1471391,1
875908,1471392,1
958759,1471497,1
875909,1471509,1
875850,147180,1
875912,1471946,1
875990,1471956,1
948097,1472009,1
875914,1472033,1
875915,147224,1
875859,1472674,1
875920,1472755,1
875860,1472777,3
875715,1472998,2
875716,1473038,1
875863,1473139,1
876005,1473601,1
875867,1473634,2
875869,1473953,1
875931,147432,1
951704,1474464,1
875726,1474527,2
954705,1474842,1
875729,1474936,1
953128,1474939,1
875875,147497,1
875937,1475028,1
875939,1475416,1
876017,1475483,1
876018,1475851,2
876034,1476000,2
954152,1476087,1
876182,1476704,1
875943,1476711,1
876183,1476736,1
876041,1477274,2
875949,1477710,1
876045,1478110,1
876030,1478157,1
876047,1478366,1
876049,1478639,1
875955,1478650,2
876050,1478702,1
876197,1478874,1
876262,1478960,1
876054,1478994,1
876110,1479048,1
876055,1479095,1
876200,1479146,1
876056,1479186,1
876112,1479187,1
876201,1479227,1
876113,1479235,1
950749,1479389,1
876203,1479516,1
876060,1479599,1
876206,1479862,1
954007,1480048,1
949084,1480237,1
876067,1480700,1
876214,1480905,1
876125,1480955,1
876126,1481187,1
876279,148143,2
876218,1481565,1
876129,1481631,1
876074,1481820,1
876224,1482431,1
876079,1482711,1
851055,1482744,2
876293,1483519,1
876294,1483632,1
876234,1483660,1
876236,1484092,1
876090,1484097,1
876091,1484267,1
950548,1484495,1
876299,1484580,2
876239,1484602,1
876241,1484749,1
876095,1484755,1
876152,148492,1
876303,1485047,1
876304,1485091,1
958935,1485369,1
876156,148546,1
876248,1485684,1
956931,1485864,1
876329,1486140,2
876253,1486193,1
876330,1486212,1
876164,1486382,1
946527,1486480,1
876256,1486665,1
876318,1486795,1
876335,1486911,2
876336,1487012,1
876408,1487103,1
876170,1487165,2
951824,1487219,1
876338,1487259,1
876410,1487314,1
876173,1487448,1
876174,1487467,1
876413,1487882,1
876343,1487887,1
876414,1487944,1
876345,1488034,1
876559,1488442,1
876481,148862,1
876560,1488639,1
947337,14889,1
876562,1488929,1
876563,1488984,1
959660,1489058,1
876564,1489099,1
876424,1489294,2
876487,1489359,2
956929,1489531,1
876356,1489740,1
876427,1489948,1
876491,1490036,1
876360,1490302,1
876431,1490497,1
876432,1490773,1
876433,1490932,1
876363,1490949,1
946649,1491064,1
876575,1491187,1
876435,1491188,1
876498,1491227,1
954249,1491557,1
952254,1491800,1
876501,1491942,1
876581,1491976,1
876441,1491979,1
876371,1492002,1
876372,1492141,1
876504,14922,1
876443,149230,1
876505,1492320,1
958409,1492497,1
876377,149272,1
876588,1492849,1
876378,14929,1
876450,149306,1
876380,1493067,1
876512,1493070,1
949632,1493106,1
876513,1493186,1
876452,1493206,1
876381,1493259,2
876383,1493416,1
876516,1493461,1
876456,14936,1
959810,14937,1
876386,1493802,1
952619,1493804,1
876519,1493811,1
956952,1493881,1
949330,1493905,1
876460,1494083,1
956974,1494108,1
876389,1494121,1
888402,197020,1
947403,197139,1
888350,197246,2
888404,197275,1
888406,197444,1
888353,197506,2
888500,198084,1
888277,198299,1
888363,198399,1
888283,198676,1
888284,198726,1
954027,198734,1
888286,198855,1
888374,199219,1
888429,199274,1
888292,199328,1
888377,199542,1
888296,199732,1
888435,199901,2
888523,199910,3
888525,200084,1
950116,200147,1
950301,200203,1
888537,200213,1
888301,200294,1
888527,200349,1
888529,200455,1
888541,200546,1
888542,200689,1
888447,200872,1
888613,200889,1
888448,200945,1
888548,200970,1
888449,200983,2
888615,201008,1
888451,201149,1
888553,201279,1
888685,201380,1
888686,201442,1
888625,201476,1
888777,201505,2
888564,201728,1
888636,202095,1
888570,202096,1
888637,202120,1
850816,202126,1
888571,202190,1
888701,202191,2
888702,202251,1
888791,202269,1
888641,202339,1
888795,202562,1
888647,202773,1
888580,202780,1
888711,202844,1
888649,202896,1
888655,203456,2
888808,203613,2
888658,203672,1
888659,203747,1
888811,203794,1
888662,203998,2
950804,204116,1
888663,204129,2
888596,204194,1
888598,20436,1
888729,204368,1
888667,204377,3
888733,204685,1
888822,204687,1
888605,204868,1
888738,204976,1
888924,205720,1
888749,205731,1
851183,206034,1
888757,206184,1
888758,206280,2
888759,20634,2
889079,206409,1
888992,206576,1
888939,206713,1
889086,207002,1
888998,207048,2
889090,207157,1
889094,207377,1
888867,207482,2
888952,207483,1
888869,207641,1
889009,207690,1
953047,207773,1
889016,208290,2
888877,208307,2
889019,208450,2
889025,209019,1
888886,209134,2
889117,209235,1
889118,209286,1
889032,209640,1
888979,209807,1
889123,209861,1
888895,209928,1
888896,209962,1
889135,210759,1
888905,210770,1
888906,210833,1
889148,211021,1
889222,211619,1
889377,211649,1
889223,211652,3
889154,211673,2
889157,212028,2
889059,212054,1
889228,212114,2
889385,212408,2
952020,212621,1
889165,212757,1
889299,212779,1
889237,212912,1
889169,212962,1
889240,213110,1
889241,213256,1
889307,213426,1
889310,213779,1
889400,213781,1
889246,213789,1
889247,213835,1
889402,213874,2
889403,213963,1
889250,214103,1
889183,214167,1
889409,214413,1
889258,214555,1
889190,214592,3
889416,214674,2
889418,214832,1
889329,214882,1
889265,214892,2
850988,215123,2
889422,215206,1
889200,215327,1
889425,215424,1
889426,215494,2
952410,215528,1
889274,215682,1
889340,215835,1
889208,215900,1
889432,216038,1
889433,216127,1
889280,216136,1
889434,216178,1
889212,216203,1
889213,216268,1
889346,216270,1
889285,216507,1
889349,216572,1
889217,216593,1
945678,216606,1
889440,216621,1
889288,216715,1
889289,216751,1
889290,216886,1
948585,217164,1
889357,217204,1
889295,217347,3
889296,217398,1
889603,217531,1
889362,217646,1
889526,217661,1
889528,217825,1
889607,217866,1
889368,218053,1
889369,218087,1
889533,218137,1
889370,218199,2
889613,218240,1
889614,218279,1
889536,218312,1
889680,218617,1
850874,218661,1
889476,218779,1
889478,219054,2
959303,219299,1
889626,219351,1
889689,219461,1
889628,219521,1
889492,220199,1
889698,220202,1
889640,220409,1
889708,220870,1
889647,220874,1
889503,220908,1
948588,220963,1
889509,221251,1
952422,221258,1
889577,221334,1
889657,221408,1
889719,221498,2
889587,221986,3
889754,222414,1
889672,222448,1
889757,222537,1
889758,222600,1
889736,222648,1
889676,222665,1
889598,222683,1
889740,223125,1
889741,223198,1
889743,223395,1
889990,223895,1
889748,223935,1
889991,223965,3
889750,224123,1
889843,224678,1
889997,22472,1
889846,224914,1
889848,225146,1
890005,225738,1
889853,225948,1
889788,226058,2
889855,226079,2
889917,226107,1
889918,226128,1
889794,226418,1
889923,226505,1
889865,226686,1
889801,226882,1
889804,227102,1
890026,22733,1
889875,227507,1
889938,227548,2
889817,228028,1
889885,228353,1
954075,228441,1
890041,228451,1
890042,228517,1
889952,228587,1
889953,228758,1
889954,228840,2
889893,228987,1
889830,229075,1
890058,229139,1
889897,229185,1
890061,229333,1
889899,229392,1
890054,229395,1
890055,229547,1
889902,229630,1
890068,229897,1
890216,230289,2
889975,230385,1
890219,23046,1
890220,230524,1
890221,23058,1
890078,230615,1
890230,231110,1
890087,231137,1
890088,231234,1
890295,231278,1
890296,231388,1
890233,231485,1
890297,231514,2
890235,231578,2
890165,23185,1
890242,231995,1
890099,23202,1
850590,232154,1
890307,232314,3
890244,23233,1
890172,232482,1
890250,232791,1
890108,232799,1
890177,232829,1
890109,232869,1
959096,232954,1
890111,232997,1
890317,232999,1
890254,233054,1
890257,233296,1
948582,233297,1
953412,233316,1
890322,233373,1
890186,23341,1
890261,233483,1
890119,233488,1
890325,233494,1
890191,23382,1
946868,233929,1
890124,23396,1
851320,233964,2
890330,23406,2
890195,234117,1
959109,234259,1
890196,234299,1
955299,234358,1
890273,234526,1
890132,234665,1
890278,234896,2
951898,234949,1
890205,235016,1
890343,235236,2
890207,235240,1
890283,235530,1
890287,236076,1
890518,2361,1
890374,236184,2
890442,236235,1
890355,236436,1
890359,23666,2
890527,236665,1
890382,236736,1
890592,237088,2
890595,237328,1
890600,237753,1
890466,23815,1
890544,23822,1
890545,238322,2
890401,238368,1
890609,238490,1
890547,238502,2
890470,238530,2
890610,238553,1
890472,238672,1
890552,238929,1
948590,239369,1
890618,239382,1
890479,239406,1
890622,239628,1
890561,239694,1
890489,239975,1
949396,239985,1
948591,240091,1
890497,240457,1
890637,24050,1
890640,240678,1
890643,240844,2
890436,240968,1
890587,241310,1
890652,241519,1
890653,241621,1
890656,241894,1
890659,242384,1
890664,242652,1
947360,242721,1
890754,242770,2
890686,24282,2
890838,24330,1
890900,243343,1
948595,243732,1
890904,243793,1
890905,243926,1
890845,244301,2
890768,244819,1
890850,245061,1
890912,245114,1
954910,245273,1
890704,24533,1
890773,245347,1
890915,24538,1
890775,245573,1
890921,245793,1
890923,245883,1
890925,246020,2
890718,246147,1
949893,246151,1
890930,246227,1
959368,246426,1
890872,24647,1
890936,246575,1
890874,246576,1
890798,246862,1
890801,247047,1
890942,24709,1
890881,247128,1
890802,24713,1
890948,247527,1
890808,247536,1
890888,247551,1
890741,247566,2
890950,247569,1
890811,247671,1
890974,247740,1
890819,247990,1
876524,1494446,1
876464,1494703,1
876393,1494757,1
876526,1494759,1
950200,1494768,1
876396,1494985,1
876399,1495632,1
876532,149576,1
876471,1495844,1
959482,1495935,1
876401,149610,1
876613,1496160,1
952620,1496192,1
876535,149629,1
876474,1496400,1
876636,1497240,2
876542,1497282,1
876621,1497284,1
876637,1497345,1
876544,1497394,1
948109,1497971,1
958747,1498022,1
876642,1498153,1
876714,1498519,1
876716,1498702,1
876631,1498778,2
876554,1498898,1
876555,1499099,1
876651,149931,1
959896,1499320,1
876653,1499416,1
958655,1499481,1
876722,1499516,1
876865,1499718,1
876786,1499833,1
876726,1500074,1
876868,1500197,1
945527,1500587,1
876871,1500733,1
876664,1500931,2
876668,1501402,1
876737,150163,1
876738,1501697,1
959931,1501993,1
951356,1502025,1
851290,1502263,1
876742,1502302,1
876675,1502456,1
876805,1502499,1
876887,1502948,1
876810,1503244,1
876889,1503292,1
876749,1503324,1
876891,1503435,1
949608,1503698,1
876686,1503780,1
876816,1503889,1
876817,1503996,1
876688,1504046,1
876757,1504127,1
948111,1504197,1
958998,1504259,1
876820,1504442,1
876899,1504449,1
954389,1504652,1
876762,1504762,1
876694,1504811,3
876824,150482,1
876825,1504881,1
945409,15049,1
876904,1504910,1
876826,1505034,1
876827,1505084,1
876766,1505088,1
876828,1505109,1
950983,1505310,1
959652,1505326,1
876769,1505646,1
876701,1505900,1
958517,1506134,1
876835,1506180,1
876837,1506404,1
876918,1506568,1
876937,1507030,1
876842,1507078,1
876921,1507084,1
877008,1507110,2
876922,1507250,1
876942,1507490,1
877013,1507542,1
876849,1507875,1
876944,1508081,1
877017,1508605,1
954626,1508616,1
876853,1508706,1
946023,1509217,1
876950,1509266,1
876951,1509414,1
959547,1509598,1
945439,1509911,1
877084,1509936,1
877028,1510176,1
877030,1510261,1
877168,1510354,1
877172,1510785,1
876964,1510805,1
876965,1510994,1
946965,1511159,1
876967,1511382,1
877097,1511496,1
877099,1511905,1
955068,1512058,1
877043,1512178,1
876973,1512313,1
877103,1512323,1
877048,1512806,1
876977,1512884,1
877186,1512950,1
877108,1513201,1
876979,1513247,2
952151,1513260,1
876980,1513351,1
877189,1513461,1
877052,1513475,1
876983,1513820,1
877055,1513854,1
953979,1513942,1
876986,1514326,1
954750,1514529,1
876988,1514663,1
877119,151482,1
877060,1514865,1
876990,1514874,1
877121,1515106,1
877200,1515137,1
877063,1515184,1
877205,1515918,1
877206,1516020,1
877070,1516427,1
877209,1516530,1
877133,1516634,1
877211,1516858,1
877136,1517062,1
877006,1517317,1
877078,1517463,1
877232,1517560,1
948124,1517620,1
877307,1518050,1
877220,1518126,1
877144,1518228,1
877221,1518230,1
877238,1518290,1
877147,1518731,1
877224,1518871,1
951631,1519387,1
877229,151949,1
877461,1519995,1
953115,1520246,1
877463,1520291,1
877464,1520622,1
877325,1520653,1
956719,1520704,1
946777,1520741,1
952510,1520761,1
877256,1521012,1
877329,1521665,1
877390,1521687,1
877469,1521758,1
948126,1521781,1
877259,1521907,1
877392,1522084,1
877471,1522089,1
877331,1522096,2
954943,1522127,1
877472,1522199,2
890960,248017,1
959312,248126,1
890964,248176,2
891051,248198,2
890987,248332,1
890967,248333,1
890994,248804,1
891142,248845,1
891062,248886,1
891145,249033,2
891209,249120,1
891000,249140,1
891069,249295,1
891077,249799,3
891012,250107,1
891161,250221,1
948603,25058,1
891168,250686,1
891237,25119,1
891241,251575,1
891243,251682,1
891103,25182,1
891038,251962,1
891107,252074,1
891191,252360,1
891046,252493,1
891117,252812,1
891282,252850,1
891199,252881,1
891121,253066,1
891266,253305,2
891509,253313,1
891288,253332,1
891289,253365,1
891511,253375,2
891359,253420,1
891515,25351,1
891296,253608,1
891297,253688,2
891519,253719,1
891277,253752,1
891521,253809,1
891368,253898,1
891280,253921,1
954305,254162,1
891527,254262,1
891438,25433,1
891307,254347,2
891439,254352,1
959400,254422,1
891440,254423,1
851393,254566,1
891442,254667,2
953601,254910,1
891382,25494,1
953135,254970,1
891384,255063,1
891385,255256,1
891318,255311,2
891450,255389,1
891387,255409,1
948606,255676,1
891544,255679,3
891390,255692,1
891546,255788,1
891455,255826,1
891327,255990,1
958670,256008,1
891458,256099,2
891332,256433,1
851526,256466,2
891402,256659,1
891467,256749,1
891404,256844,1
891469,256939,1
891406,256981,1
891563,257055,1
891348,257519,1
891569,257605,1
891353,257958,1
891576,258097,1
948596,258267,1
891357,258279,1
891486,258290,1
891578,258370,1
891423,25838,1
891358,258426,1
891425,258645,1
891585,25870,1
891586,258859,1
891490,258895,1
891582,258917,2
891427,258928,1
891588,258979,1
891592,25931,2
891745,259689,1
950899,259883,1
891750,260048,1
891752,260212,1
891607,26039,1
851071,260399,1
891613,260753,1
891615,260835,1
891683,260921,1
891686,261094,3
891687,261139,1
891621,26117,1
891627,26142,1
891776,261533,1
891699,261774,1
891842,261812,2
891701,261861,2
891844,26204,2
891703,26205,1
891845,262112,1
891639,262178,1
891706,262202,1
891709,262377,1
891856,26258,1
891797,262642,1
891717,262657,1
891718,262706,1
891721,262835,1
891804,262882,1
891657,262911,1
891867,263042,1
891807,263048,1
891890,263100,1
891809,263197,2
891892,263258,1
892121,26354,1
891899,263590,1
891878,263603,1
891966,263709,1
891969,263920,1
891883,263931,3
891974,26422,1
892041,264267,1
892135,264380,1
891976,264387,1
891977,264413,1
850972,264424,1
891978,264470,1
892137,264517,2
851186,264520,2
891980,264528,1
891982,264697,1
891987,265034,1
892054,265162,1
891924,265185,2
892058,265445,1
891929,265480,1
892061,265582,1
892157,26574,1
892001,265846,1
892002,265889,1
891937,265894,1
892165,266186,1
892011,266525,1
892014,266683,1
892173,266739,1
956671,266996,1
891954,267080,1
947569,267103,1
892023,267441,1
892182,267494,1
892025,26759,1
892027,267715,1
892093,267861,1
892030,267937,1
956758,268196,1
892034,268318,1
892199,268479,2
892101,268531,1
850987,268543,1
892200,268556,1
892206,269032,1
892278,269141,1
892281,2693,1
892352,269302,1
892112,269396,1
892354,269491,1
892285,269613,2
948611,269633,1
892359,269740,2
953234,26982,1
959779,270130,1
892429,270191,1
850840,27040,3
892433,270580,1
892230,270855,2
851606,1522297,1
877398,1522927,1
877476,1522939,1
947682,1522942,1
877477,1523098,1
877269,1523446,1
877479,1523496,1
877480,1523604,1
877481,1523928,3
877405,1524399,1
956627,1525318,1
877283,1526669,1
877353,1526694,1
950105,1526825,1
877417,1527031,1
877356,1527378,1
949712,1527389,1
877288,1527675,1
877358,1527762,1
877421,1527837,1
877360,1527935,1
877501,1527971,1
948134,1528520,1
877294,1528536,1
877427,1528729,1
877428,1529058,1
877429,152920,1
877299,1529539,1
877300,1529719,1
877511,1530084,1
877512,1530266,1
877376,153078,1
877518,153105,1
877378,1531060,1
946476,1531145,1
877380,1531410,2
877539,153146,1
877381,1531519,1
877449,1532132,1
877617,1532171,1
877618,1532393,1
877451,1532460,1
952621,1532591,1
877453,1532923,1
877550,1532946,1
877622,1533020,3
877623,1533204,1
877559,1534087,1
877631,1534140,1
877633,1534338,1
877696,1534376,1
877698,1534694,1
877776,1534850,1
877566,1534956,1
877779,1535294,1
877642,1535684,1
877783,1535920,1
877573,1535936,1
877575,1536122,1
877786,1536408,2
877576,1536527,1
959384,1536679,1
877788,1536824,1
877580,1536985,1
877654,1537337,1
877657,1537712,1
877797,1537818,1
958713,1537887,1
877720,1537888,2
877721,1537950,1
877661,1538040,1
877590,1538064,1
877726,153848,1
877804,1538497,1
947207,1538718,1
877728,1538732,1
877729,1538846,1
877730,1539048,1
877599,15393,1
877671,1539366,1
877733,1539379,1
877673,1539485,1
877813,1539558,1
877603,1539595,1
877737,1539638,1
877815,153964,1
877677,1539779,1
952701,1539909,1
877680,1540095,1
877820,1540158,1
959169,1540387,1
877744,1540418,1
877745,1540578,1
877823,1540632,1
958599,1540679,1
877841,154072,1
877824,1540792,1
877748,1541336,2
877826,154139,1
959314,1541681,1
877918,1542058,1
877919,1542175,1
946573,1542713,1
877923,154272,1
877854,1542774,1
877758,154278,1
877857,1543068,1
877858,1543169,1
877859,1543263,1
877860,1543365,1
877992,1543441,1
877934,1543640,1
877999,1543823,1
877937,1543834,1
878082,1543937,1
877869,154397,1
878083,1544043,1
877873,1544393,1
878008,154475,1
877948,1544931,1
878013,154524,1
877951,1545294,1
877882,1545459,1
878015,1545497,1
878096,1545521,1
877883,1545532,1
878017,1545623,1
878098,1545631,1
958708,1545635,1
878019,1545925,2
878100,1545968,2
877887,1546063,1
878020,1546085,1
952011,1546151,1
878022,1546343,1
946161,1546555,1
878105,15466,1
878107,1546882,1
877965,1547184,1
877967,1547278,2
877968,1547329,1
877899,1547338,1
877969,1547395,1
877900,1547424,1
878033,1547446,1
877902,1547665,1
877903,154787,1
877974,1548330,1
877977,1548697,1
877978,154897,1
878042,1549070,1
877979,1549124,2
877980,154916,1
877912,1549326,1
878045,1549335,1
878127,1549401,1
878146,1549488,1
877985,1549513,1
878049,1549524,1
878130,1549551,1
877986,1549555,1
878149,1549637,1
878132,1549667,1
877989,1549757,1
877991,1549997,1
878136,1550023,2
878222,1550033,1
878139,155052,2
878227,1550895,1
878160,1551009,1
851080,1551019,1
878067,1551517,1
878234,1551666,1
953600,1551852,1
878169,1552249,1
878240,155255,1
892234,271234,1
892441,271238,1
892236,271440,1
892309,271614,1
892310,271696,1
892239,271702,1
892240,271817,1
892242,272070,1
892245,272269,1
892319,272590,1
892250,272863,1
892393,273086,1
892395,273176,1
892328,273278,2
892264,273812,1
892265,273867,1
892476,274402,3
892341,274409,1
892478,274556,1
892343,274623,1
892344,274657,1
892414,274659,1
892728,27478,1
892730,274890,2
892419,274894,1
892485,274944,1
892421,274975,1
892733,275002,3
892498,275006,1
892488,275015,1
892500,275149,1
892588,27515,1
892490,275170,1
892494,275485,1
892742,275638,1
892599,275908,1
892654,275929,1
892746,27596,1
892512,275966,1
892659,276197,1
892607,276331,1
892665,276487,1
892762,27682,1
892616,276840,1
892619,276915,1
892532,276939,1
892622,277035,1
892535,277051,2
892538,277193,3
892681,277210,1
892541,277387,1
953791,277435,1
892630,277445,1
892631,277462,1
892632,277579,1
892546,277689,2
892635,277746,1
892548,277788,2
892691,277878,2
892693,278049,1
892639,278084,1
892640,27814,1
892553,278168,1
892699,278414,1
892790,278485,1
892559,278521,1
892647,278608,1
892703,278609,1
892707,278761,1
892797,27877,2
892565,278772,1
892806,279061,1
892711,279086,1
892807,279173,1
892571,279337,1
892881,27939,1
892573,279496,1
892716,279567,2
892813,27971,1
892718,279734,2
946094,279763,1
953228,279825,1
892814,279871,1
892817,280143,1
892818,280196,1
892964,280438,1
850630,280451,1
892966,280548,2
948597,280741,1
892898,280762,1
892969,280771,1
892970,280881,1
948598,280927,1
892977,281153,1
892839,281349,1
893045,281492,1
893046,281545,1
892984,281598,1
892843,281599,1
893049,281691,2
892848,282046,2
892925,282418,2
892926,282473,1
892996,282543,1
893061,282603,1
892997,282639,1
892858,282883,1
892861,283002,1
850734,283118,2
892865,283219,1
893071,283271,1
892942,28363,2
893014,283776,1
892874,28378,1
893082,28411,1
893185,28474,1
893331,284753,1
893025,284781,1
893186,284788,1
893027,284968,2
893108,285598,1
945404,285882,1
893115,286227,1
893121,286787,1
893353,286807,1
893122,286818,1
893123,286867,1
893210,286984,1
893265,28700,2
893125,287020,2
893213,287216,1
893359,287225,1
893215,287294,2
893271,287362,2
953079,287522,1
952532,287553,1
893364,287586,2
893132,287612,1
893274,287648,1
893365,287666,1
893134,287776,1
893366,28784,1
893277,287879,1
893223,288016,1
893371,288188,1
955212,288403,1
893375,288467,1
893145,288503,2
893146,288540,1
893147,288660,1
893151,288896,1
893239,289067,1
893240,289106,1
893296,289194,1
893301,289379,1
893161,289437,1
850748,289648,1
893168,289876,3
893484,290002,1
893485,290057,1
893486,290129,1
893175,290259,2
948608,290378,1
893563,290433,1
893319,290457,2
893407,290470,1
893565,290490,1
893566,290511,2
893499,290651,1
893572,290740,1
893419,290963,1
893506,290967,1
893639,29101,1
893582,291271,2
893584,291302,1
893587,291456,1
893431,291534,3
851482,291635,1
893591,291643,1
893523,291734,1
893531,292120,1
893532,292173,1
945533,292197,1
893447,292265,1
893449,292371,1
893536,29238,1
893450,292392,2
893539,292477,1
893453,29258,2
893615,292709,1
893616,292721,1
893677,292745,1
893678,292791,1
893619,292845,1
893548,292853,2
893462,29294,1
893468,293193,1
893627,293212,1
893628,293250,1
893792,293523,1
893634,293570,1
893795,293672,1
893798,293778,1
893701,293868,1
893944,293924,1
893713,293926,1
893714,294062,1
893716,294143,1
893808,29439,1
893953,294486,1
893954,294569,1
893728,294800,1
893730,294874,1
893823,295069,1
893740,295261,1
893881,295291,1
893972,295334,1
893885,295461,2
893833,29550,1
893746,29555,2
893889,295699,1
893749,295745,1
893839,295892,1
893843,296086,1
893757,296124,1
947136,296283,1
893760,296299,1
893762,29638,2
893763,296453,1
893997,296711,2
893909,296802,1
893999,296831,2
893910,296847,1
893857,296968,1
894003,297109,1
893916,297226,2
894010,297464,1
893921,29751,1
893923,29763,1
851234,298176,2
894018,298207,1
894107,298253,1
894185,298426,1
894189,298607,1
894253,29873,2
894118,298762,1
894119,298833,2
894255,298852,1
894193,298872,1
894256,298881,2
894194,29889,1
959562,298923,1
894122,299018,1
894125,299111,1
894203,299463,1
950627,299495,1
894266,299573,1
894043,299610,1
894133,29975,1
894135,299841,2
894049,299933,1
947635,299946,1
894138,299963,1
894274,29998,1
948613,300039,1
894282,300350,2
894283,300425,1
894061,30048,1
894285,300494,1
958429,300515,1
894063,300605,1
894152,30069,1
894290,300807,1
894228,30082,2
894067,300825,1
894230,300972,1
894293,301039,1
894071,301144,1
894072,301162,1
894075,301361,1
894166,30156,1
894303,301636,2
894307,301843,1
894327,30187,1
894308,301880,1
894311,302068,2
894089,302120,1
894335,302341,1
894316,302369,1
894319,302557,1
894406,302608,2
894340,302614,1
894407,302658,1
894322,302693,1
894410,302810,1
894412,302950,1
894575,303045,1
894353,303232,1
894489,303275,1
894423,303398,2
894493,303519,1
894359,303551,2
894495,303607,1
894427,303659,1
958557,303686,1
894588,303694,2
894433,303925,1
959642,303954,1
894594,30397,2
894435,304024,2
955366,304029,1
894596,304041,1
894598,30421,1
894599,304266,1
894442,304392,1
894603,304410,1
894377,304438,1
894512,304446,2
894379,304556,1
894447,304587,1
894383,304670,1
894385,304727,1
894520,304730,1
894388,304969,1
894524,305026,2
894456,305041,1
894391,305093,1
894458,305101,1
894463,305484,1
894625,305570,2
894626,305603,2
894467,305696,2
894469,305777,1
959383,305781,1
894538,305791,1
894712,305828,1
894631,305862,1
894472,305932,2
894787,305972,2
894473,305977,1
894542,306000,1
894789,30611,2
894632,306220,2
894633,306258,3
894796,306476,1
894553,306647,2
894863,306801,2
894730,306812,1
959159,306887,1
894868,307018,1
894735,307046,1
894807,307080,1
894736,3071,3
894650,30726,1
894814,307590,1
894877,307660,1
894818,307785,1
894819,307808,1
894660,307816,1
894820,30789,1
894884,308002,1
894887,308118,2
894668,308274,1
894761,308525,1
894762,308572,1
894763,308606,1
894839,308775,1
894682,308889,1
894683,308928,1
894904,30898,1
894905,309012,1
894686,309051,1
894774,309067,1
894775,309099,1
894777,309212,1
894691,30928,1
894852,309332,1
894914,309377,1
946171,309378,1
894860,309815,1
894701,309828,1
956728,309866,1
878241,1552751,1
878243,155304,1
878175,1553042,1
957111,1553320,1
878177,1553338,2
878311,1553580,2
878389,1553589,1
878180,155366,1
950595,1553825,1
878250,155392,1
878251,1554087,2
878185,1554463,1
878395,1554549,2
878255,1554644,1
878318,1554664,3
951108,1554682,1
878398,1554847,1
878257,1554857,1
949958,1555216,1
948119,1555477,1
958972,1555482,1
878323,1555499,1
878193,1555666,2
878325,155588,1
878404,1555942,1
878405,1556017,1
878265,155621,1
878197,1556255,1
958554,1556304,1
878328,1556366,1
878267,1556450,1
952887,1556623,3
878410,1556681,1
878331,1556785,2
878411,1556849,2
948120,1556911,1
878206,155749,1
878416,1557603,1
878207,1557643,2
878337,1557647,1
878277,1557843,1
946014,1558107,1
878340,1558301,1
878214,1558655,1
956798,155868,1
878424,1558745,1
878345,1558816,1
878285,1558832,1
878346,1558901,1
951439,1559089,1
878349,1559114,1
878429,1559117,2
878220,1559148,1
878352,1559293,1
878353,1559342,1
878293,1559432,1
878452,155946,1
946375,1559509,1
878434,1559538,2
878435,1559593,1
878454,1559631,2
878455,155988,1
878437,1559898,1
878456,1559915,1
878438,155996,3
878439,1560202,1
878458,1560216,1
878359,1560218,2
878360,1560303,1
953374,1560309,1
878674,1560321,1
878447,1561227,1
851099,1561565,2
878683,1561691,1
878600,1561752,1
878602,15624,2
878527,1563195,1
878476,1563331,1
878609,156352,1
878479,1563964,1
878613,1564129,1
878614,1564414,1
878698,1564459,1
878616,1564747,1
878701,1565119,1
878486,156528,1
878704,1565402,1
878620,156547,1
878489,156558,1
878706,1565766,1
878490,156578,1
878494,1566432,1
954410,1566676,1
878712,1566806,1
878496,1566876,1
959913,1567266,1
878549,1567315,1
878630,1567320,1
878550,1567353,1
878500,156747,2
878717,1567532,1
878718,1567689,1
878553,1567711,1
878559,1568692,1
878640,1568725,1
878512,1568991,1
878646,1569172,1
958642,156969,1
878569,1569729,1
878519,1569886,1
878521,1570293,1
878653,157032,2
945654,1570603,1
878741,157073,1
878751,1570738,1
878578,157091,1
850652,1570939,1
878581,1571340,1
878660,1571387,1
878825,1571933,1
878586,1572089,1
878665,1572166,1
878666,1572245,1
878667,1572323,1
948143,1572378,1
878829,157241,1
878763,1572520,1
952500,1572677,1
878593,1572932,1
953200,1572976,1
945256,1573392,1
945444,1573440,1
878596,1573504,1
878836,1573565,1
948159,1573750,1
851156,1573785,1
949540,1573843,1
878897,1574039,1
878839,1574160,1
878899,1574222,1
878778,1574502,1
878843,1574830,2
878985,1574886,1
878844,1574928,1
878781,1574936,1
878904,1574946,1
878845,1575029,1
878782,1575052,1
952359,1575477,1
878849,157588,1
878991,1575983,1
947625,1576020,1
878850,1576023,1
878851,1576090,1
878852,1576132,2
878790,1576327,1
956360,1576728,1
878793,1576744,2
947658,1576951,2
878795,1577127,1
952927,1577156,1
948161,1577417,1
878860,1577435,1
946488,1577511,1
879002,1577518,1
878798,1577611,2
878921,1577632,2
878922,1577741,1
879005,1577943,1
955125,1578288,1
879008,1578303,1
878867,1578376,1
878805,1578441,1
878868,1578540,1
879011,1578810,1
878807,1578895,1
895013,309924,1
894942,309947,2
894943,310017,1
894924,310025,1
894927,310138,4
895018,310147,1
895020,310266,1
895091,310343,1
894931,31038,2
894950,310389,2
894932,310391,1
894933,310442,1
894936,310650,1
895097,310688,1
895244,310711,1
894957,310784,2
895253,310811,1
894961,311049,2
895104,311063,1
895034,311080,1
895037,311202,1
895280,311374,1
894969,311407,1
894970,311458,1
894973,311617,1
895295,311635,1
895301,311746,1
895122,311777,2
895050,311910,2
895137,312000,1
952327,312068,1
894985,312116,1
895058,312208,2
895059,312250,1
895170,312671,1
952405,312674,1
895070,312784,1
895192,313195,1
895195,313213,1
895385,31324,1
895078,313271,1
895197,313275,1
895080,313356,1
895081,313405,1
895399,313494,1
895087,313756,1
895413,313835,2
895881,313854,1
895231,313856,1
895234,313895,1
945278,313995,1
895456,314145,1
895468,314380,1
895474,314459,1
895477,314558,1
895728,314574,1
896055,314664,1
895738,314803,1
896061,314830,1
896069,315051,1
896070,315071,1
895759,315155,1
895956,315222,2
895529,315512,1
895781,315829,2
895788,315950,1
896107,316050,1
895993,316051,1
895998,316121,1
895567,316187,1
896003,316207,1
895811,316273,1
895817,316362,1
896120,316373,1
896126,31652,1
896022,316651,2
895594,316659,1
896028,316845,1
895849,316934,2
896039,317088,1
896148,317132,1
895631,317343,1
895637,317501,1
896050,317531,2
895648,317696,1
896626,317758,2
945900,317846,1
896633,317923,1
896637,318001,1
896641,318082,1
896192,318104,2
896493,318357,1
896654,318360,1
896495,318451,1
896217,318455,1
851366,318559,1
896388,318643,1
896222,318675,1
896665,31871,1
896666,318739,1
896230,318926,1
896413,319296,1
896518,319318,1
896684,319324,1
895190,319376,1
945670,319444,1
896529,319562,1
947057,319633,1
896421,319639,1
896533,319719,1
896256,319845,1
896702,319860,1
896427,319915,1
896430,320072,1
896436,320262,1
896445,320483,1
896724,320610,1
954831,320679,1
896565,320837,1
896569,320942,1
896746,321039,1
896574,321101,1
896304,321125,1
896750,321257,1
896588,321409,1
947412,321454,1
896316,321538,2
896489,321548,2
896591,321550,1
896328,321942,1
896611,322119,1
897176,322125,1
897178,322213,1
896613,322265,1
896770,322292,1
896933,322293,1
896614,322306,2
896771,322313,2
897180,322342,1
897181,322401,1
896938,322425,1
896619,322426,1
897186,322463,1
896946,322700,1
896323,322750,1
896790,322899,1
896955,323115,1
896956,323149,1
897055,323156,1
956742,323319,1
896805,323321,2
897062,32339,1
896807,323406,1
897224,323626,1
896972,323809,1
895193,323819,1
896824,323994,1
897091,324208,1
896988,324332,1
897246,324384,1
896993,324624,1
896848,324699,1
897103,324917,1
896854,325014,1
897004,325129,1
897009,325367,1
897114,325372,2
897011,325415,1
896868,325511,1
897128,325726,2
897133,325947,1
897438,326122,1
896892,326170,1
897142,326199,1
897306,326276,1
897145,326389,2
897700,326414,1
896904,326506,1
896908,326578,1
851367,326673,2
956862,326862,1
897721,326980,1
897167,327060,1
897467,327109,1
897724,327142,1
897321,327219,1
897470,327221,1
897323,327248,1
897471,327269,1
948638,327421,1
897331,327498,1
878809,1579112,1
948162,1579265,1
878872,1579346,1
878935,1579802,1
950468,1579813,1
878875,1579827,3
878936,1579846,1
878816,1580277,1
878880,1580685,1
878819,1580765,1
878942,158080,1
878820,158085,1
878882,1580922,1
878821,158101,1
954505,1581184,1
879048,1581579,1
878953,1582439,1
879054,1582507,1
879035,1582532,1
878893,1582544,1
878956,1582775,1
879037,1582784,1
878958,1583038,1
878959,1583078,1
951091,1583419,1
879205,1583503,1
878969,1584249,1
879276,1584269,1
959086,158435,1
878970,1584517,1
879277,1584519,1
879211,1584635,1
879072,1584787,2
879279,1584791,1
879073,1584882,1
879280,15849,1
948171,1585038,1
879125,1585066,1
879075,1585086,1
879284,1585514,1
950435,1585704,1
951570,1585845,1
879287,1586044,1
879080,1586063,1
951605,1586128,1
879289,1586285,1
879084,1586616,1
879085,1586645,2
952543,1586729,1
879292,1586740,1
954499,1586879,1
879295,1587115,1
879141,1587223,1
879090,1587317,1
879231,1587423,1
879232,1587555,1
879148,1587996,1
879237,1588018,2
879149,1588060,1
879098,1588124,1
879239,1588253,1
879307,1588829,1
945868,1588918,1
949971,1588976,1
949653,1589241,1
879154,158925,1
879155,1589299,1
879156,158948,2
879108,1589675,1
879315,1589859,1
879251,1589919,1
879252,1589984,1
946314,1590370,1
879259,1591011,2
879169,1591102,1
948144,1591104,1
879260,1591192,1
879326,1591309,1
946140,1591423,1
879263,1591685,1
879330,1592121,1
950894,1592264,1
879351,1592348,1
879177,1592623,1
879333,1592649,1
879335,1592999,1
879355,159306,1
879356,1593247,1
945648,1593322,1
879272,1593421,1
879425,1593771,1
879359,1593889,1
879360,159406,1
879344,1594728,1
879430,1594730,1
879190,1595097,1
879367,1595415,1
879192,1595425,1
879577,1595512,1
879369,1595635,1
879194,1595645,1
879440,1596308,1
879441,1596381,1
879376,1596580,1
879443,1596632,1
879377,1596646,1
879586,1596725,1
952295,1597188,1
879511,1597445,1
879451,1597492,1
950624,1597679,1
879387,1597985,1
879454,1598078,1
879388,1598091,3
879515,159810,1
879597,1598268,2
879598,1598634,1
879457,1598643,1
879391,1598658,1
879459,1598954,1
879520,1599044,1
879460,1599189,1
879603,1599426,1
879462,1599563,1
879466,1600111,1
879529,1600741,1
879611,1600768,1
879530,1600869,1
879612,1600870,1
851247,1601089,1
879408,1601240,1
879535,1601402,1
879617,1601425,1
879410,1601592,2
879619,1601776,1
879477,1601828,2
879412,1601846,1
879621,1602118,1
879416,1602541,1
879543,16027,1
879419,1602869,1
948150,1602901,1
879631,1603673,1
879490,1603948,1
879491,1604180,1
879652,1604190,1
879653,1604298,1
879655,1604775,2
879555,160484,1
879636,1604897,1
879557,160518,1
879658,1605293,1
879498,1605373,1
851408,1605377,1
879641,1605554,1
949947,1605602,1
879726,1605737,1
951581,1605862,1
879563,1605921,1
879648,1606345,1
879667,1606422,1
879649,1606513,1
879668,1606562,1
879672,1607211,2
879738,1607238,1
879877,1607340,1
879674,1607387,1
879576,1607612,1
879797,160782,1
953583,1607877,1
879881,1607968,1
879799,1608005,1
879883,160822,1
879746,1608433,1
879682,1608440,1
897582,327528,1
897337,327720,2
897742,327772,1
897592,327829,1
897744,327895,1
897491,328113,1
895120,328227,1
897494,328283,1
897609,328284,1
897498,328431,1
897360,328609,1
897768,328709,1
897504,32884,1
897366,329127,2
897511,329166,1
897629,329167,1
850822,329234,2
897374,329360,1
897788,329456,1
897522,329503,1
897789,329511,1
897642,329589,2
897528,329667,1
897793,329693,2
897390,329892,1
897537,32990,1
897652,329986,4
897656,330114,1
897660,330183,1
947747,330266,1
897406,33031,1
897554,330312,2
897408,330367,1
897411,330409,1
897563,330521,1
897672,330619,1
897674,330675,1
897424,330736,2
897426,330819,2
897679,330843,1
897430,330923,1
897987,331554,1
898253,331566,1
898255,331605,1
898262,331896,1
959246,331902,1
897999,331912,1
897846,331946,2
898001,331963,1
895132,332119,1
898008,332208,1
897856,332362,1
898014,332366,2
898283,332369,1
898128,332587,1
898130,332642,1
946409,332690,1
898132,3328,1
898133,332856,1
898298,332871,1
898302,332979,1
897874,332995,2
898032,33300,2
897877,333088,1
898035,333114,1
898042,333330,1
898156,333331,1
898043,333360,1
946265,333465,1
898049,333540,1
898166,333607,1
898054,333682,1
898170,333724,1
897904,333731,1
898061,333973,1
898348,334045,2
898065,334116,1
898350,334126,1
898352,334144,1
896945,33429,1
897922,334313,1
898357,334369,1
897926,334407,1
898090,334691,1
897942,334863,3
898204,334915,1
897945,335027,1
897947,335114,1
898211,335135,1
898379,335142,1
898537,335182,1
898540,335214,1
898382,335229,2
959120,335285,1
898542,335305,1
949738,335430,1
898815,335459,1
950878,335472,1
898817,335547,4
898226,335586,1
949255,335656,1
898562,33568,2
898569,335827,3
898447,336063,1
898576,336129,1
898408,336151,1
898840,336208,2
898580,336228,1
898413,336265,1
898417,336332,1
898588,336354,1
898717,336433,1
946113,336594,1
898602,336648,3
898431,336738,1
898605,336792,1
898606,336830,1
898868,336935,1
898611,336990,1
898869,337025,1
950419,337208,1
898625,337303,1
898881,337392,1
898883,337405,1
898461,337407,1
898640,337600,1
898643,337644,1
898900,337855,2
898481,337943,1
898903,337998,2
898907,338065,1
945383,33829,1
898775,338507,1
945586,338508,1
898670,338539,1
898780,338719,1
897126,338854,1
898942,339069,1
898561,339117,1
898794,339297,2
898965,339455,1
899238,340050,2
898982,340060,1
898983,340139,1
899243,340220,1
898984,340231,1
851153,340275,1
899250,340409,1
899360,340431,1
898994,340445,1
898996,340553,1
899258,340588,1
899266,340859,1
899010,341070,1
899271,341102,1
899015,341285,1
899277,341312,1
899018,341407,1
899281,341494,1
899023,341619,1
899166,341645,1
899168,341737,1
899391,34176,1
899288,341789,1
899174,341844,2
899033,341860,2
899182,342178,1
899042,342198,1
899187,342279,1
899048,342423,1
899054,342613,1
899307,342632,2
899419,342655,3
899059,342694,1
899063,342804,1
899426,342818,1
899319,342880,1
899322,342969,1
899433,342987,1
899324,343043,1
899331,343299,1
899216,343367,1
899335,343431,1
899448,343501,1
899343,343697,1
899602,343715,1
950019,343756,1
899458,343889,1
899610,343907,1
899459,343944,1
899872,344115,1
899476,344122,1
899615,344124,1
899480,344338,1
899469,344387,1
899882,344391,1
899624,344423,1
899485,344446,1
899888,344585,1
899633,344644,1
899636,344700,1
899493,344778,1
899495,344850,2
899896,344927,1
899496,344944,1
899648,345249,2
899502,345312,1
899507,345534,1
899508,345595,1
899920,345741,1
899779,345886,1
899522,345929,1
899524,346012,1
899933,346062,2
899678,346220,2
899938,346285,1
899940,346380,1
899796,346499,1
899945,346520,1
899541,346811,1
899693,346872,2
899954,346899,1
899548,347014,1
899958,347097,1
899550,347104,1
899817,347515,1
899560,347586,1
898050,347679,1
899564,34772,1
956836,347742,1
899974,347766,1
949929,347824,1
899978,347850,1
899573,347854,2
899723,347857,1
899574,347878,1
899577,347915,1
899830,347956,1
899584,348367,1
899993,348386,1
900122,348517,2
900125,348608,1
900374,348752,1
900376,348790,1
900130,348845,1
899852,348855,1
900377,348863,2
900003,348889,1
899855,348989,1
900009,349077,1
900246,349204,1
900142,349287,1
900249,349296,1
900252,349374,1
900020,349446,1
948632,349506,1
900024,349594,1
900025,349664,1
899726,34969,2
900263,349720,2
900158,349741,1
900406,349749,1
950480,350100,1
900168,350174,1
900039,350217,1
897539,350226,1
898299,350356,1
900042,350371,1
900043,350426,1
900044,350450,1
900048,350602,1
851297,350626,1
900049,350669,1
900300,35071,1
900305,350812,1
900197,350872,1
900307,350877,1
900063,350881,1
900065,350909,1
900308,35092,2
951754,350970,1
900204,351013,1
900209,351078,1
900315,351133,1
900324,351307,1
900458,351311,1
900222,351318,1
900463,351394,1
900105,35172,2
955236,351742,1
900476,351797,1
900345,351866,1
900109,351887,1
900866,351898,1
900118,352050,2
900627,352062,1
900871,35208,1
898552,352092,1
900481,35212,1
900876,352145,1
958403,352169,1
900358,352177,1
900487,35226,1
900881,35236,1
900489,352369,1
896042,352379,1
900640,352449,1
900644,352577,1
900496,352625,1
900888,352647,1
900759,352865,1
900655,353030,1
900769,353108,2
946736,353123,1
951897,35315,1
900906,35316,1
900663,353192,1
950875,35321,1
900518,353334,1
900665,353349,1
900920,353626,1
900676,353714,1
900792,353838,1
900687,353958,2
900540,354066,1
900541,354121,1
900939,354210,1
900804,354233,1
900940,354235,1
900805,354285,1
900701,354318,2
895145,35442,1
900557,354626,1
900566,354858,1
900959,354930,1
900725,355021,1
900573,355141,1
900727,355146,1
900969,355408,1
900583,355423,1
900735,355548,1
900737,355599,2
900835,355610,1
900739,355668,2
900837,355673,1
850627,355703,1
900838,355719,1
948637,355761,1
900839,355770,1
900593,355791,1
900842,35590,1
900597,35596,3
901116,356007,1
900987,356038,1
900988,3561,1
900603,356123,1
901119,356130,1
901128,356323,1
900614,356455,1
900990,356512,2
901136,356594,2
900858,356600,1
900860,356806,1
956792,357075,1
956958,357106,1
901295,357337,1
901020,357480,2
901171,357503,1
900447,357703,1
901427,357746,1
947059,357755,1
901229,35778,1
900529,357791,2
901035,357947,1
901438,358037,1
901046,358357,1
901203,358430,1
901455,358614,1
901053,358631,1
901337,35870,1
901216,358825,1
901464,358869,1
879747,1608495,1
879887,1608630,1
879751,160915,1
879809,1609436,1
946887,1609466,1
879892,1609496,1
879754,1609633,1
879755,1609833,2
879813,1609995,1
879693,1610068,1
879815,1610111,1
879899,1610336,1
959455,1610506,1
879901,161093,1
959325,1611034,1
879821,161188,1
955526,1611950,1
879702,1612308,1
879704,161304,1
879825,1613146,1
879909,1613259,1
954016,1613394,1
879771,1613425,1
953138,1613883,1
879710,1613941,1
879914,1614128,1
879832,1614260,1
879775,1614309,1
879713,1614318,1
879714,1614581,1
958865,1615109,1
879839,1615655,1
879721,1615889,1
879923,1615905,1
879783,1615909,2
953164,1615956,1
879784,16160,1
957084,161607,1
879844,1616149,1
851124,1616269,1
850592,16163,1
879949,1616506,1
879929,161655,1
879950,1616557,1
879793,161676,1
946311,1616772,1
945526,1616959,1
879853,1616967,1
946771,1616971,1
879934,1617057,1
879955,1617125,1
879935,1617163,1
879856,1617418,1
879939,1617537,1
958763,1617565,1
880101,1617615,1
879860,1617634,1
879942,161773,1
880103,1617734,1
879962,1617751,1
950323,1617784,1
879944,1617815,1
950239,1617867,1
879864,1617874,1
879865,1618093,2
946855,1618193,1
879947,1618230,1
879870,1618630,1
953474,1618681,1
880112,1618736,1
879970,1618760,1
880025,1618806,1
880113,1618812,1
879973,1619116,1
951930,1619358,1
959824,1619506,1
880030,1619638,1
880118,1619640,1
880178,1619910,1
880032,1619961,1
879979,162015,1
954661,1620232,1
880035,162046,1
880037,1620626,1
880126,1620888,1
959030,1620994,1
880041,162127,1
880189,1621512,1
879991,1621762,1
880046,1621817,1
880133,1621848,1
879992,1621853,1
879994,162203,1
880194,1622031,1
880049,1622049,1
880195,162209,1
880052,1622355,1
951291,1622454,1
880140,162251,1
880199,162258,1
880141,1622674,1
880200,162275,1
880202,1623135,1
880007,1623664,1
880209,1623947,1
880010,162404,2
880210,162406,1
880012,162417,1
880014,162434,1
880069,162445,1
880216,162461,1
880072,1624745,1
880161,162499,1
880020,1625204,1
880222,162544,1
880224,1625612,1
880253,162574,1
880082,16262,1
880170,162633,1
880084,1626535,1
958280,1626541,1
880258,1626557,1
880085,1626672,1
880172,1626723,1
880087,1626982,1
880261,1627216,1
880233,1627241,1
880089,1627473,1
955297,1627502,1
880235,1627644,1
880328,1627757,1
880092,1628044,1
880266,1628062,1
880268,1628214,1
880270,162839,1
880244,1628729,1
949333,1629251,1
880482,1629538,1
953858,1630000,1
880348,1630423,1
880284,163060,2
880350,163065,1
880285,16307,1
880492,1630835,1
880287,1630907,1
952242,1631263,1
880415,1631372,2
880292,1631725,1
880293,1631828,1
880359,1632049,1
880360,1632172,1
880422,1632570,1
951001,1632950,1
880367,1633272,1
880427,163332,1
880368,1633383,1
948201,1634094,1
880305,1634140,1
880431,1634439,1
880308,1634712,1
880309,163487,1
880376,1634990,1
880312,163518,1
947478,1635712,1
880521,1636004,1
880522,1636104,1
880382,1636135,1
880384,1636516,2
880319,1636526,1
880533,163798,1
880559,1638542,1
880455,1638584,1
880537,1638937,1
880561,1639107,1
880456,1639188,1
880399,163925,1
947831,1639298,1
901467,358916,1
901468,358953,1
901066,359021,1
901068,359098,1
901071,359233,1
901234,359413,1
901487,359439,1
901246,359608,1
901495,359618,1
951104,359689,1
901376,359732,1
901504,359830,1
901095,359839,1
901505,359854,1
901509,359922,1
901388,359932,1
901103,360086,1
901107,360345,2
901518,360351,1
901683,360445,1
901684,360530,1
901520,360538,1
901524,360633,2
901527,360709,1
901542,360723,3
901534,360880,2
901555,36112,1
901709,361151,1
901841,361271,1
901721,361489,1
901854,361563,3
901970,361755,1
901858,361774,2
901971,361820,1
901737,361924,1
901740,362002,2
901586,362081,1
901982,362115,1
901871,362139,1
901991,362408,2
901882,362410,2
901596,362424,1
901883,362442,1
951312,362453,1
901997,362487,1
901756,362525,1
901998,362532,1
901599,362547,1
896236,362567,1
901601,362591,1
901999,362626,1
901766,362801,1
902004,362808,1
901768,362851,1
901769,362881,1
901772,363012,1
901907,363207,1
901781,363327,1
902027,363494,2
901918,363727,1
901919,363765,1
902040,363935,1
902042,364060,1
901931,364140,1
901933,364241,1
901811,364317,2
901655,364320,1
946737,364374,1
896517,364574,1
901664,364719,1
902057,364788,1
902218,364828,1
902223,365085,1
902470,365094,1
901676,365148,1
902225,365169,2
902069,365237,1
902083,365571,1
902076,365723,1
948645,365841,1
902481,365952,1
902316,365966,1
896961,366131,1
902486,366184,1
902251,366197,1
902487,366243,1
902488,366363,1
902338,366499,1
902343,366692,3
902264,366760,1
902113,366794,1
902265,366799,1
902348,366800,1
902349,366865,1
902116,366889,2
951433,366911,1
902120,366985,1
947456,367003,1
902508,367093,1
902509,367133,1
902126,367137,2
902362,367287,1
902512,367291,1
850616,367365,1
902280,367594,1
902281,36771,1
902140,368010,1
902391,368400,2
902538,368494,4
900694,368682,1
902161,368700,1
902544,36871,1
902166,368769,1
902406,368990,2
902550,369020,1
902172,369024,1
902408,369077,1
902305,369193,2
948647,369282,1
902307,3693,1
959695,369348,1
902565,369389,2
902311,369390,1
895207,369488,1
949505,369493,1
902574,369584,1
902709,369626,1
950004,369642,1
902204,369719,2
902712,369744,2
902716,369808,1
902848,370021,1
902599,370027,1
902728,370100,1
902458,370127,1
902729,370128,1
902605,370152,1
902611,370285,1
902871,370712,1
851383,370758,1
902985,370816,1
902883,37106,1
902889,371147,1
902776,371296,1
903022,371621,1
902787,371625,1
946870,371692,1
902667,371784,1
901714,371840,1
954545,371893,1
902671,371908,1
903052,372161,2
902924,372295,1
902241,372313,1
902927,372337,1
903060,372355,1
902692,372562,1
903063,372565,1
902935,372587,1
952420,372664,1
902830,372699,1
902700,372700,1
903072,372714,1
902357,372775,1
902841,372964,1
902951,372966,2
903081,373003,1
903368,373116,1
903089,373216,1
903502,373265,1
903091,373288,1
898948,373318,1
903103,373340,1
903108,373545,1
903099,373557,1
903100,373623,2
903392,373855,1
903521,373879,1
851154,37389,3
903526,374009,2
898922,374058,1
903242,374065,2
903125,37408,2
900832,374088,1
903400,374113,1
903531,374143,2
903532,374172,1
903135,374328,1
903137,374373,1
903413,374524,1
903142,374575,1
954652,1639493,1
880400,163952,1
880401,163966,2
880460,1639703,1
880566,1639918,1
880461,1640034,1
880710,1640057,1
880712,1640283,1
880713,1640530,1
880547,1640576,1
945829,1640656,1
948207,1640664,1
880551,1640930,1
880470,16410,1
880471,1641059,1
880790,1641518,1
880631,164164,2
880588,1642182,1
880637,1642213,1
880591,1642600,1
948215,1642801,1
959301,164307,1
880804,1643400,1
959943,1643633,1
880599,1643815,1
880648,1643850,1
949379,1643891,1
880601,1644021,1
880602,1644129,1
880603,1644289,1
880652,1644298,1
880653,1644394,1
880812,164440,1
880605,1644430,1
880606,1644549,1
880655,1644584,1
954314,1644753,1
880752,1644797,1
880658,1644924,1
947447,1645222,1
880757,1645472,1
880664,1645800,1
880823,1645808,1
880760,1645871,1
880620,1646074,1
880830,1646295,1
952821,1646381,1
880673,1646847,1
880625,1646920,1
880674,1646923,1
880771,1647167,1
880678,1647328,1
880837,1647347,1
880775,1647709,1
880681,1647734,1
880864,1647894,1
880777,16480,1
880778,1648311,1
950029,1648346,1
880866,1648376,1
949698,1648522,1
954882,1648542,1
880780,1648746,1
880686,1648769,1
880846,1649061,1
951146,1649250,1
880939,164961,1
958504,1649690,1
880876,1649716,1
949285,1649846,1
880696,1650016,1
880944,1650146,1
955423,1650208,1
880945,1650371,1
851499,1650716,1
880883,1650780,1
880701,1650822,1
951181,1650853,1
880953,1651379,1
880954,1651493,1
881096,1651572,1
958799,1651586,1
948223,1651685,1
881097,1651708,2
881098,1651882,1
880958,1651972,1
880895,1651979,1
881100,1652036,1
880897,1652185,1
880961,1652242,1
880963,1652390,1
881105,1652406,1
949463,1652413,1
880965,165289,1
951559,1652974,1
881108,1653379,2
880905,1653550,1
880969,1653572,2
881032,1653973,1
881114,1654033,1
881036,1654443,1
881037,1654537,1
880979,1654622,1
954366,1654634,1
949942,1654847,1
880981,1654863,1
881042,1655074,1
955054,1655182,1
880921,1655324,1
881045,1655388,1
880986,1655432,1
880923,165549,2
880926,1655880,1
881051,1656004,1
881133,1656014,1
947260,1656051,1
880993,1656131,2
880929,165617,2
949668,1656330,1
954266,1656518,1
952231,1656533,1
953136,1656801,1
881059,1657020,2
880936,1657094,1
850603,165711,1
881167,165730,1
881003,1657389,1
881168,1657398,1
881172,1657813,1
881068,1657885,1
881149,1657887,1
881174,1657936,1
881175,1658001,1
949866,1658102,1
948177,1658153,1
881072,1658216,1
881153,1658231,2
881395,1658368,1
881075,1658595,1
948178,1658670,1
881157,1658786,2
881183,1658892,2
881078,1658923,1
953328,1659013,1
881079,1659086,1
881404,1659465,1
881188,1659522,1
881083,1659541,1
881164,1659552,1
954423,1659846,1
881407,1659964,2
881087,1660192,1
881409,1660316,1
952335,1660506,1
881320,1660508,1
881089,1660711,1
951813,1660872,1
881195,1660911,2
881090,1660913,2
881322,1660976,1
881412,1660982,1
881413,1661124,1
881245,1661135,1
881418,1661461,1
881329,1661484,1
881419,1661491,1
881204,1661821,1
881331,1661931,1
881333,1662232,1
881335,1662440,1
881428,1662793,1
881339,1662884,1
881431,1663229,1
881214,1663240,1
881432,1663296,1
903145,374798,1
903550,374935,2
903425,375042,1
903428,375086,1
903553,375167,1
903157,375311,1
903291,375663,1
903567,375797,1
903299,375903,2
900275,375933,1
953414,376220,1
903581,376305,2
903190,376515,1
903476,376687,1
903598,376748,1
903601,376861,1
903201,376928,1
903482,377002,1
903606,377092,1
903327,377096,1
903330,377218,1
851485,377264,1
903332,377391,1
903213,377462,1
902502,377468,1
903218,377684,2
900985,377752,1
956984,377918,1
903224,377956,2
903615,378063,1
903352,378245,1
903895,378257,1
903354,378288,2
903360,378730,2
903776,378801,1
903638,379063,1
903642,379146,1
903647,379373,2
959750,379381,1
904016,379394,1
903651,37947,1
954405,379485,1
904023,379625,1
903917,379638,1
903662,379843,1
903805,379913,1
903807,379939,1
903667,380003,1
903925,380092,1
904043,380221,1
904048,380416,1
903684,380467,2
904049,380481,1
903690,380592,1
953653,380679,1
949565,380930,1
904074,381274,2
903956,381275,1
904083,381499,1
903962,381500,2
903851,38163,1
903968,381794,1
903724,381844,2
904102,382061,1
903979,382077,1
903865,382084,1
904105,382116,1
903745,38257,1
904000,38265,1
904126,382679,1
902353,382720,1
904286,382745,1
904129,382820,1
904290,38289,1
904150,383016,1
904302,383329,1
904544,383356,1
904307,383456,1
958765,383581,1
952968,38378,1
904320,383845,1
904323,384005,1
904567,384034,1
904173,384043,1
904424,38417,1
904571,384246,1
956896,384306,1
904427,384315,1
904348,384733,2
904199,384825,1
904446,384858,1
904354,384900,1
904594,384951,1
902640,385007,1
904451,385035,2
953514,385037,1
904601,38522,1
904361,385230,1
904363,385267,3
903614,385298,2
904459,385315,2
904463,385573,1
951458,385722,1
904232,385732,1
951828,385743,1
904626,385810,1
904630,385846,1
904389,385892,1
904391,385947,1
904478,386056,1
904401,38623,1
904650,386265,1
904652,386353,1
904492,386427,1
904408,386468,2
904497,386481,1
904269,386500,1
904271,386589,1
904275,386729,1
901347,386798,1
905071,386811,1
905072,386822,1
904674,387032,1
904520,387123,1
904334,387343,1
905092,387422,1
903768,387496,1
904951,387655,1
850832,387693,1
904829,387706,1
896091,387777,2
904699,387921,1
905113,387970,1
904854,388288,1
905124,388308,3
904856,388345,1
905125,388404,1
904715,388420,2
904972,388497,1
904974,388553,1
904977,388570,1
900373,388571,1
904864,388578,1
901142,388619,1
950446,388680,2
904985,389061,1
905143,389073,1
904737,389206,1
950698,389229,1
905157,389345,1
905162,389542,2
904900,389797,1
904902,389816,1
895311,389821,2
905179,390016,2
903064,390018,1
905185,390259,2
905019,390403,2
899856,390489,2
904782,390788,1
905028,390894,2
954188,390934,1
905201,391041,2
903214,391239,1
905341,391286,1
905203,391428,1
896469,391556,1
905047,391650,1
905053,391925,1
905212,392145,2
905359,392187,1
905607,392205,2
905360,392256,1
905608,392263,1
905362,392309,1
905476,392311,1
905609,392317,2
905365,392321,2
903627,392349,1
905366,392362,1
905226,392573,1
905230,392659,1
905623,392735,1
905380,392758,1
949264,392774,1
905626,392917,1
905628,392960,2
905390,39309,1
905394,393216,2
905399,393341,2
904421,393436,1
949740,393570,1
905518,393597,1
905409,393731,1
905656,393771,2
904017,393782,2
905269,393864,1
905415,393940,1
905529,394023,1
905663,394037,1
905666,394186,2
895173,39419,2
905671,394390,2
905426,394436,1
905674,394453,2
947819,394504,1
905291,394588,1
905297,394769,1
905687,394785,1
905299,39480,1
905440,39485,2
905300,394906,1
905697,394982,2
905449,395106,1
905312,395226,1
905712,395456,1
905461,395484,1
905717,395527,1
905721,395612,1
905832,395707,1
904826,395798,1
905834,395829,1
899761,395882,1
906076,395891,1
905336,395918,2
905837,39592,1
954218,39595,1
905840,39615,1
905583,396222,1
905584,396251,1
906099,396525,1
905745,396528,2
899355,396741,1
949246,396754,1
905861,396760,1
905971,396761,2
905750,396807,1
903948,396883,1
949347,396915,1
905868,396945,1
851197,396948,1
897232,397067,1
948653,397136,1
906118,397236,2
905764,397249,1
906119,397252,1
905980,397377,1
906121,397378,2
905768,397439,1
905769,397474,1
905772,397611,1
905894,397613,1
905985,397707,1
906124,397709,1
905779,397802,2
905989,397818,2
906139,397864,1
896802,397996,2
906145,398027,1
905994,398094,1
905790,398266,1
905792,398342,1
906003,398443,1
906004,398597,1
905800,398730,1
906156,398834,1
905574,398881,1
902735,399109,1
905939,399161,1
906028,399556,1
906172,399807,1
905822,399820,1
899776,399842,1
900577,399885,1
906043,399941,1
905827,400066,1
952314,400286,1
906058,400495,1
950712,400634,1
906065,400881,1
906070,400913,1
906198,400918,1
906199,401022,1
906321,401297,1
906572,40136,2
906457,401365,1
906330,401608,1
906471,401997,1
906342,402081,1
898704,402163,1
906345,402180,1
906230,402182,2
905881,402237,1
904792,402366,1
906244,402546,1
946669,402646,1
906360,402661,2
949982,402672,1
906249,402686,1
906496,402697,2
906254,402780,1
906264,402992,1
906509,403012,1
906269,403087,1
906375,403128,1
906275,403227,1
906518,403250,1
906382,403261,1
903176,403269,1
906278,403306,1
906638,403316,1
895449,403336,2
906280,403376,1
906641,403380,1
906283,403489,1
906286,403600,1
906538,403609,1
850770,403659,1
951350,403665,1
906655,403697,1
906548,403761,1
906298,403873,1
906556,403880,1
905231,403907,1
906672,403943,1
906423,403994,1
906700,404005,1
906702,404027,1
906384,404162,1
906848,404165,1
906690,404171,1
955298,404175,1
906714,404205,3
906694,404247,1
907118,404258,1
906856,40427,1
901688,404301,2
906857,404302,1
906727,404456,1
906728,404489,1
906975,404490,1
906976,404510,2
906979,404626,1
953440,404684,1
906982,404706,1
906738,404799,1
951776,404870,1
906742,404910,1
950263,404930,1
906992,404999,1
907144,40501,3
906745,405028,2
906994,405052,1
906891,405127,1
907146,405175,1
906998,405234,2
906894,405247,1
900824,405270,2
906902,405463,1
907158,405500,1
907011,405521,1
907159,405527,1
906764,405575,1
907019,405665,1
906911,405741,1
906772,405773,1
907025,405833,1
907028,405955,1
907175,405979,1
907178,406031,1
907035,406138,1
947605,406276,1
907039,406292,1
906927,406334,1
954083,406349,1
901869,406406,2
906929,406408,1
907189,406475,1
851240,406545,1
907191,406579,1
906932,406603,1
951017,406609,1
881264,1663673,1
881265,1663944,1
881266,1664044,1
954009,1664154,1
954676,1664175,1
881222,1664189,1
881224,1664458,1
881270,1664679,1
945613,1664818,1
881272,1664976,1
881274,1665136,1
881357,1665179,1
881232,1665385,1
881280,1665857,1
881236,1665980,1
881453,1666071,1
950274,1666272,1
881365,1666302,1
881238,1666328,1
881285,1666606,1
947482,1666616,1
881241,16667,1
881458,1666769,1
881242,16668,1
881243,1666981,1
948183,1667071,1
881289,1667125,1
881375,166764,1
881293,1667741,1
881294,166785,1
881297,1668076,1
881481,1668138,1
881550,1668316,1
881488,1668756,1
881305,1668761,2
881555,1668831,1
881388,1668885,2
881556,1668956,1
881307,1669059,1
881308,1669180,1
881492,1669230,1
881310,1669442,2
881311,1669557,1
881393,1669560,1
881495,1669618,1
881313,1669720,1
881705,1669721,1
881706,1669797,1
881707,1669876,1
881565,1670000,1
881708,1670103,1
881566,1670134,1
881709,1670234,1
881567,1670241,1
881628,1670296,1
881502,1670326,1
881630,1670491,1
881712,1670492,1
881713,1670604,1
881571,1670608,1
881507,1670956,1
881635,1671203,1
881717,1671213,1
881575,1671223,2
881576,167145,2
956626,1671461,1
956828,1671759,1
881513,1671896,1
881580,1672073,1
881514,1672080,1
952915,1672516,1
881584,1672609,1
881647,1672755,1
950594,1673263,1
881522,1673317,1
950625,1673472,2
948190,1673475,1
881650,1673548,1
881590,1673657,1
881734,1673779,1
881528,1674069,1
881737,1674118,1
881596,1674345,1
881599,1674649,2
881600,167485,1
952511,1674850,1
881661,1674870,1
881666,1675485,1
881753,1676310,1
881612,1676322,1
881546,1676477,1
881614,1676564,1
881547,1676566,1
881675,1676577,1
881617,167683,1
881758,1676943,1
881679,1677024,1
953762,1677167,1
881763,1677484,1
881684,1677571,1
948208,1677624,1
881688,1677890,1
881689,1677951,1
881769,1677960,1
881792,1678023,1
881692,1678147,1
881772,1678508,1
881861,1678517,1
951031,1678703,1
881863,1678816,1
950319,1678838,1
881864,167889,1
881798,167893,2
946182,1679201,1
881933,1679448,1
881804,1679722,2
881702,1679740,1
881938,167993,1
881939,1680013,1
881874,1680029,1
882013,1680234,1
881945,1680679,1
882018,1680736,1
881815,1680782,1
882020,1680867,1
881883,168089,1
882022,1681062,1
881950,168110,1
881885,168115,2
881819,1681171,1
881951,1681202,1
882026,1681475,1
881823,1681495,1
881955,1681507,1
881824,168151,1
946508,1681646,1
881826,1681682,1
881958,1681726,1
882031,168178,1
881959,16818,1
949851,1681878,1
946847,1681926,1
882033,1682076,1
881961,1682091,1
881832,1682241,1
950084,1682249,1
881835,1682529,1
881967,1682557,1
881836,1682605,1
881837,168268,1
881973,1683115,1
881909,1683182,1
882047,1683224,1
882048,1683262,1
958923,1683346,1
881850,1683825,1
881919,1684086,1
882055,1684138,1
881987,1684473,1
881925,1684816,1
882090,1684848,1
882060,1684853,1
881991,1684877,1
948198,1685532,1
881998,1685597,1
881999,1685841,1
954930,1686017,1
882100,1686063,1
958364,1686288,1
882071,1686315,1
882073,168670,1
882005,1686868,1
882250,1686875,1
882105,1686879,1
882006,1686931,1
950473,1687133,1
906937,406678,1
906800,406742,1
906805,406787,1
906942,406874,1
906944,406919,1
906928,406947,2
907211,407147,1
906818,407221,1
907078,407222,1
906820,407305,1
950156,407343,1
949681,407353,1
900651,407382,2
907081,407439,1
956717,407823,1
951172,407893,1
904510,408046,1
907100,408164,1
907103,408386,2
907240,408404,1
907246,40863,1
907392,408663,1
907254,408757,1
907257,408814,1
905752,408949,1
907603,408982,1
907274,409265,1
907409,409325,1
907413,409594,1
907285,409720,2
951349,409774,1
907628,409839,2
907630,409894,1
850887,409912,1
907514,410006,1
907424,410186,1
907640,410322,1
907643,410507,1
907644,410599,1
896923,410653,1
907650,410871,1
907531,410903,2
896624,411054,1
907660,411209,1
907661,411298,1
907662,411334,1
907449,41134,2
907549,411434,1
907552,411500,1
907333,411514,3
907338,411693,1
903423,411907,2
897538,411916,1
952950,411990,1
907564,412029,1
899831,412073,1
896985,412196,1
896293,412217,1
947651,412336,1
907824,412552,2
908083,412669,2
907829,412685,1
907264,412786,1
904020,412835,2
908090,412941,1
907695,412947,2
907699,413067,1
951601,413120,1
953462,413180,1
901410,413226,2
907689,413299,1
898093,413550,1
907846,413647,1
908109,41377,1
907966,413808,1
908113,413930,1
907611,413955,1
945389,414190,1
908130,414427,1
907986,414462,1
908131,414482,1
907871,414587,1
908143,414857,1
907883,414935,1
907752,415045,1
908152,415190,1
907756,415288,1
908009,415388,2
899956,415419,3
898172,415563,1
948658,415674,1
908165,415770,1
908020,416130,2
908028,416468,1
908182,416637,1
907921,416683,1
908187,416751,1
907784,416754,1
907926,416756,2
907932,416911,1
908200,417011,1
899644,417043,1
907796,417087,1
908212,417410,2
908058,417449,1
908059,417483,1
907954,417556,1
908217,417607,1
956764,417615,1
907816,417752,1
908619,417787,1
908067,417809,1
949607,417847,1
908620,417890,1
908219,417902,1
901083,417988,1
908621,418051,1
908369,418080,1
908224,418168,1
908628,418229,3
908077,418265,1
908377,418282,1
908632,418308,3
908228,418316,1
897149,418368,2
908232,418482,1
908494,418578,2
908236,418589,1
908495,418607,1
952764,418712,1
908645,418772,2
908401,418802,1
908511,418901,2
905688,419009,1
908417,419290,1
908665,419592,1
908424,419643,1
908671,419852,1
900363,419865,1
908673,419925,1
897398,420045,1
908683,420238,2
908442,420389,1
908687,420430,1
908295,420482,1
908297,420506,1
908298,420565,3
908301,420652,1
901390,420667,1
908559,420706,1
908310,420864,1
908312,420903,1
908706,421046,1
907668,421153,1
908574,421286,1
908718,421476,1
908581,421625,1
908333,421659,2
908725,421684,2
908334,421714,1
908588,421975,1
908733,422116,1
908343,422137,1
908598,422309,1
908349,422336,1
908862,422371,1
901242,422428,2
949306,422454,1
909126,422680,1
909128,422728,1
908749,422734,1
909134,422934,1
904701,423034,1
909141,423073,1
908767,423261,2
909145,423316,1
905780,423339,1
900991,423497,1
908778,423524,1
908998,423591,1
908779,423617,2
908896,423633,1
909157,423786,1
909010,424045,1
908918,424308,1
909172,424591,1
909173,424655,1
949742,424743,1
909176,424764,2
909027,424809,1
909041,425166,1
958875,1687254,1
882079,1687305,1
882010,1687350,1
950122,1687620,1
882113,168778,2
882083,1687786,1
882084,1687944,1
882325,1687961,1
882115,1687972,1
882085,1687988,1
882328,1688262,1
882262,1688289,1
882168,1688394,1
882331,1688549,2
946240,1688878,1
882334,1688914,1
882268,168897,1
882173,1688985,1
882269,1688997,1
882125,1689006,1
882270,168908,2
945999,168912,1
957023,1689170,1
882176,1689363,1
882272,168938,1
882177,1689399,1
882275,1689601,1
882345,1689920,1
882349,1690646,1
882283,1690648,1
882286,16909,2
882192,1690944,1
882288,1690965,1
882290,1691119,1
882291,1691162,1
882359,1691437,1
882198,169146,3
882294,1691503,1
882150,1691545,1
882296,169175,1
882156,1692153,1
882367,1692216,1
882157,1692263,2
882158,1692344,2
882369,1692354,1
882161,1692592,1
882162,1692692,1
882373,1692751,1
882212,1692783,1
882374,169280,1
882308,1692912,2
882213,1692979,1
882309,1693,1
882214,1693070,1
882401,1693379,1
882219,1693470,1
882220,1693568,2
882385,1693819,1
882224,1693977,1
882386,1694011,1
882225,1694047,1
948213,1694061,1
882226,1694134,2
851361,169416,1
882389,1694179,1
954921,1694280,1
882411,1694320,1
882230,1694438,1
882231,1694747,1
882481,1694843,1
882482,1694930,1
882236,1695467,1
882630,1695891,1
882240,1695926,1
882491,1696082,1
882242,1696122,1
951922,1696759,1
882551,1696775,1
882495,1696788,1
882553,1696971,1
882637,1696985,1
882497,1697016,1
882556,1697250,1
882643,1697685,1
882503,1697687,1
882436,1697690,1
882644,1697706,1
882505,1697877,1
882439,1697964,1
882647,1698007,1
882507,1698018,1
882568,169843,1
850324,1698492,1
882570,1698676,1
882447,1698756,1
882571,1698762,1
882655,1698781,2
882656,1698808,1
882515,1698854,1
955209,1699052,1
882658,1699117,1
882659,1699217,1
946241,1699277,1
882453,1699462,1
882454,1699755,1
882662,1699837,1
882664,1700284,1
882458,1700381,1
882583,1700573,1
882460,170072,1
882673,170125,1
882532,1701363,1
882537,1702145,1
882538,1702183,1
951275,1702201,1
882539,170234,1
882597,17024,1
882540,1702461,1
882683,1702533,2
882599,1702581,1
882705,1702673,1
882543,1702764,1
851263,1702783,1
949762,1702811,1
882545,1702863,1
882707,1702871,1
882689,1703085,2
882547,1703107,1
882607,1703409,1
882692,1703469,1
882609,1703617,1
882694,1703626,1
882610,1703800,1
882695,1703958,1
882782,1703969,1
882783,1704001,1
882697,1704022,1
882718,1704279,1
882700,1704498,1
882788,1704567,1
882702,1704653,1
882619,1704832,1
882790,1705112,1
882726,170533,1
882624,1705826,1
952167,1705878,1
953410,1705916,1
882797,170608,1
955208,1706080,1
882854,1706094,1
882855,1706167,1
882938,1706354,1
882939,1706493,1
882735,170654,1
882736,1706604,1
882942,1706994,1
882860,1707087,1
882944,1707265,1
882864,1707449,1
882809,170765,1
882951,1707927,1
882868,1708005,1
882870,1708257,1
955146,1708285,1
882874,1708809,1
882875,1708891,1
882821,1708913,1
882756,1709026,1
882878,1709186,1
882758,1709225,1
882825,1709329,2
882965,1709434,1
882882,1709459,1
882828,1709471,1
882765,1709833,1
882769,1710116,1
909047,425418,1
909050,425460,1
908951,425502,1
909058,425707,1
909200,425793,1
906620,425932,3
905346,426090,1
951879,426231,1
908971,426378,2
909215,426406,1
899435,426424,1
909080,426612,1
909222,426618,2
908847,426735,1
951285,426910,1
908850,426914,2
900196,426919,1
909628,426933,1
909229,426983,1
909632,427049,1
909371,427279,1
901562,427339,2
909245,427355,1
909249,427587,1
909383,427591,2
909495,427596,1
904692,427632,2
909503,427750,1
909393,42776,2
909398,427845,1
909510,427869,1
909261,427907,2
948661,427909,1
947384,428056,1
909512,428058,1
909414,428398,1
909675,428408,1
909677,428461,1
904103,428570,1
904879,428606,1
909424,428676,1
909684,428688,1
909427,42884,1
909690,428940,1
909292,428970,1
907557,428989,1
851500,429009,1
909434,429029,1
899466,42910,1
909440,429243,1
909302,429270,2
906220,429278,1
909444,429407,2
909315,429770,1
909456,429836,1
909318,429883,1
909458,429892,1
909569,430029,1
909720,430046,1
909576,430220,1
909726,430262,1
909727,430367,1
909582,430393,2
909586,430417,1
946547,430477,1
909338,430555,1
909480,430702,1
958648,430786,1
909349,430875,1
956612,430976,1
909755,431104,2
909610,431366,1
909614,431454,1
909883,431462,1
907193,431506,2
909885,431528,1
909886,4316,1
910135,431893,1
958911,431989,1
909893,432000,1
907590,432060,1
909996,432122,2
909787,432437,1
910153,432454,1
909792,432724,1
910016,432833,2
909913,433096,1
910023,43311,2
900561,433126,1
909921,43338,1
909922,433513,1
909819,433664,1
910189,433689,2
909837,434078,2
910054,434084,1
910207,434149,1
910214,434293,1
909958,434440,1
909860,434516,1
909961,434548,1
900277,434550,1
910230,434584,1
908693,434610,1
910238,434697,1
948679,434802,1
909976,434866,1
897745,434868,2
901332,434891,1
910392,435077,2
910263,435278,1
910106,435323,1
910108,435348,1
910270,435437,1
910648,435456,1
910271,435457,1
910417,435540,1
910654,435559,1
910423,435621,1
910283,435738,1
910434,435830,2
950440,435855,1
896428,435976,2
910299,436007,1
910451,436121,1
901012,436123,1
910683,436129,1
910453,436171,1
910454,436233,3
904543,436277,2
910460,436344,1
910559,436349,1
910690,436378,1
910691,436414,2
910321,436423,1
910465,436435,1
910562,436441,1
910693,436458,1
910331,436630,1
910478,436654,1
908717,436665,1
898012,436707,1
910583,436793,1
910590,436879,1
949506,436921,1
910352,436943,1
910597,436953,1
910713,437060,1
910714,43708,1
910360,437184,2
910608,437272,2
910365,437311,1
910516,437364,1
910524,437405,1
905042,437430,1
910726,437494,2
910527,437560,1
910533,437689,1
910733,437762,1
910390,437764,1
910833,437768,1
910631,437780,1
900327,437936,1
899188,437940,2
910842,438019,1
910741,438059,1
950934,438071,1
901876,43815,1
910743,438177,1
954375,438192,1
910969,438236,1
956773,438485,1
910867,438611,1
910989,438727,1
910873,43873,1
906075,438744,3
903246,43877,1
904160,438980,1
911091,438983,1
949684,439131,1
910895,439221,1
910779,439265,1
910780,439325,1
910782,439368,1
911112,43949,1
911124,439733,1
911126,439759,1
910922,43978,1
910923,439802,2
905866,439803,1
895457,439818,2
952415,439853,1
882770,171025,1
952805,1710671,1
882894,171076,1
882978,1710767,1
953532,1710885,1
882979,1710896,1
882980,1711080,1
851589,1711281,1
953373,1711384,1
850731,1711442,1
851538,1711481,1
851380,1711482,1
882986,1711728,1
951230,1711747,1
882848,1711770,1
882987,1711834,1
882988,1711958,1
882850,171199,1
882905,1712005,1
882989,1712020,1
882906,1712084,1
882990,1712157,1
882853,1712211,1
883009,1712219,1
882908,1712222,1
883010,1712290,1
883077,1712369,1
883012,1712494,1
883013,171255,1
882912,1712556,1
950461,1712689,1
883014,1712708,1
882998,1712727,1
883082,1712739,1
851436,1712813,1
883083,1712844,1
883016,1712874,1
883017,1712996,1
883088,1713301,1
882921,1713371,1
883024,1713596,1
882925,1713658,2
883027,1713969,2
883155,1714275,1
883098,1714368,1
883156,1714389,1
952793,1714530,1
883158,1714531,1
883101,1714578,1
883034,1714613,1
883035,1714679,1
883247,1714718,1
883162,1714930,1
951152,1714954,1
883165,1715244,1
883110,1715482,1
883255,17156,4
883112,1715773,1
945905,1716072,1
956674,1716089,1
883260,1716256,1
883117,171642,1
883175,1716464,1
883262,1716495,1
883054,1716918,1
883179,1716941,1
883057,1717187,1
883182,1717230,1
883126,1717334,1
883059,1717411,1
883128,1717704,1
883187,1717856,1
883130,1717890,1
947228,1717894,1
883188,1717947,1
883131,1717976,1
949682,1718291,1
883135,1718527,1
950343,1718530,1
883283,1718863,1
883138,1718919,1
883074,1719209,1
883199,1719240,2
883200,1719302,1
883289,1719542,1
883310,1719598,1
883290,1719630,1
946097,1719695,1
883145,1719706,1
883311,1719718,1
883207,1720075,1
883150,1720260,1
954897,1720284,1
883209,1720307,2
883296,1720320,1
883210,1720385,1
883211,1720490,1
883299,1720581,1
883213,1720688,1
958824,1720691,1
947201,1720777,1
883214,1720832,1
883301,172085,1
883322,172094,1
883323,172106,1
883392,1721281,1
883394,1721497,1
883219,1721563,1
883395,1721587,1
883220,1721598,1
883307,172160,2
883328,172179,2
883463,1721993,1
883400,1722143,1
883332,1722144,1
883402,1722335,1
883469,1722686,1
883471,1722816,1
883338,1722828,1
883339,1722920,1
883341,1723056,1
883343,1723425,1
883412,1723457,1
883547,1723500,1
956949,1723521,1
883345,1723543,1
883554,1724028,1
883352,1724062,1
883422,1724224,1
883354,1724276,1
883425,1724526,1
883561,172477,1
883430,1725283,1
883565,1725371,1
883431,1725467,1
883567,1725765,1
883365,1725830,1
883366,1726062,1
883435,1726161,1
959785,1726273,1
883501,1726341,1
883573,172658,1
883504,1726612,1
883506,172692,1
883377,1727393,1
883446,1727466,1
883582,1727613,1
883381,1727705,1
883450,1727939,1
883517,172831,1
948237,1728695,1
883616,1728877,1
883456,1728969,1
958746,1729163,1
947408,1729413,1
883621,1729445,1
956629,1729452,1
883527,1729471,1
883461,172962,1
883622,1729628,1
883529,1729702,1
883691,1729731,1
945745,1729810,1
883597,1729816,1
949764,1730010,1
951036,1730046,1
883626,1730127,1
949319,1730141,1
883628,1730238,1
883537,173049,2
883700,173061,2
883539,1730733,2
883701,1730744,1
883849,1731421,1
883850,1731541,1
953357,1731679,1
883710,173183,1
956760,1732298,1
952390,1732411,1
959055,1732647,1
883774,173265,1
883716,1732674,1
883717,1732794,2
883650,1732840,1
883718,1732958,1
953875,1733166,1
949548,1733219,1
951037,1733812,1
883654,173393,1
883780,1733970,1
956744,1734205,1
883656,1734355,1
883782,1734407,1
883724,1734437,1
883783,17345,1
883727,1734773,1
883662,1735013,1
883871,1735095,1
883731,1735316,1
883664,1735376,1
883874,1735640,1
883876,1736008,1
883735,1736034,1
883737,1736417,1
883800,1736929,1
883883,1737033,1
883743,1737444,1
946242,1737948,1
883805,1738106,1
883680,1738355,1
883889,1738450,1
883748,1738481,1
883807,1738535,1
883890,1738611,1
883891,173874,1
955042,1738744,1
948246,1738993,1
883684,1739009,2
883810,1739021,1
883756,1739920,1
883758,1740071,1
883921,1740522,1
883761,1740621,1
883922,1740633,1
883923,1740822,1
883763,1740915,2
883925,1741094,1
883906,174123,2
883765,1741291,1
883825,1741414,1
883826,1741443,1
883929,1741535,1
883909,1741562,1
883930,1741674,1
948254,1741710,1
883931,1741874,1
883998,174205,2
958894,1742260,1
957107,174311,1
884069,1743435,1
884070,174348,1
884005,1743540,1
883940,1743619,1
883838,1743620,1
884071,1743635,1
883941,1743651,1
884008,1743987,1
884010,1744188,1
883843,1744224,1
884144,1744440,1
884076,1744446,1
947443,1744712,2
883949,1744763,1
884148,174483,1
884080,1744833,1
884082,1745112,1
883953,1745153,1
884083,1745271,1
952746,1745540,1
884154,1745816,1
883960,1746064,1
884026,1746098,1
884158,1746160,2
884092,1746360,1
884162,1746909,1
884163,1747040,1
883967,1747141,1
884164,174722,1
959125,1747277,1
883968,1747438,1
884098,1747454,1
883969,1747465,1
851442,174760,1
884037,1747660,2
884102,174771,1
884038,1747738,1
884040,174802,1
953662,1748186,1
884173,174820,1
884108,1748507,1
883978,1748554,1
883979,174874,1
884046,1748777,1
883980,1748825,1
884047,1748881,1
883982,1749027,1
884050,1749278,1
851555,1749665,1
883989,1749777,1
884121,1749878,1
851495,1749881,1
883992,1750207,1
884196,1750706,1
884065,1750808,2
884197,1750857,1
950267,1750914,1
884198,1750969,1
884303,1751216,1
884133,175127,1
948238,1751365,1
950693,1751411,1
884134,1751443,1
884202,1751751,1
884204,1752064,1
884225,1752140,1
948239,1752154,1
884139,1752169,1
884141,175252,1
949883,1752834,1
884210,175292,1
884211,1752953,1
884315,1753066,1
884452,1753088,2
949198,1753228,1
884213,1753258,1
959419,1753636,1
884236,175365,1
884457,175381,1
884237,1753812,1
884458,175386,1
884459,1753936,1
884460,17540,1
951547,1754457,1
884248,1754978,1
884469,1755189,1
884252,17557,1
884336,175571,2
884473,175577,1
884390,175594,2
884256,1756166,1
884393,175658,1
884396,1756997,1
884347,1757213,1
949392,1757343,1
884264,1757403,1
884399,1757530,1
953595,1757576,1
884401,1757910,1
884352,1758092,1
884403,175811,3
884269,175815,1
884270,1758319,1
884354,1758328,1
884355,17584,1
884491,1758438,1
884492,1758503,1
884358,1758700,1
884495,175887,1
884411,175894,1
884414,1759594,1
884500,1759710,1
884502,1759993,1
884367,1760043,1
910796,439897,3
910929,439985,1
910931,440011,1
911135,440082,1
910934,440163,1
910935,4402,2
950405,440282,1
910949,440505,1
911148,440524,1
910951,440542,3
905857,440697,1
911055,440760,1
911290,441056,1
946612,441159,1
897661,441169,1
904075,441227,1
911526,441274,2
911214,441288,1
899104,441314,2
957273,441392,1
911398,44144,1
911185,441565,1
911403,441599,1
908403,441609,2
911311,441648,1
911191,44171,1
911543,441770,1
911319,44180,3
896189,441851,1
911553,442007,1
911331,442048,1
911206,442230,1
911558,442247,1
911211,442331,1
911213,442399,2
911427,442402,1
911563,442464,1
911429,442482,2
905272,442713,2
911572,44276,1
951388,442876,1
911444,442912,1
911361,443053,1
911241,443153,1
952382,443228,1
911368,443308,1
911246,443369,1
911249,443552,1
959635,443565,1
952934,443597,1
911458,443609,2
947312,443725,1
911460,443738,1
911377,443772,3
911378,443834,1
911466,443956,3
907655,444021,1
911384,444052,1
911269,444300,1
911604,444320,3
911272,444413,1
911485,444622,2
911613,444907,1
911281,444991,1
911720,444999,2
911726,445185,2
911948,445266,1
911620,445267,1
954026,445291,1
900330,445425,2
911506,445454,1
904106,445469,2
911738,445495,1
905757,445593,1
911741,445606,1
907310,445813,1
895327,445845,1
911751,445893,1
911847,446143,1
911969,446144,1
911638,446373,1
911850,446437,1
911852,446471,1
911976,446632,1
903900,446679,1
911770,446868,1
911854,446881,1
911777,447053,1
911653,447071,1
911987,447132,1
911782,447144,1
951213,447200,1
907875,447213,1
911878,447892,1
911806,44804,1
956716,448080,1
911807,448125,1
911812,448177,1
911819,448440,1
911890,448508,1
911696,448968,1
912024,449010,1
911834,449072,1
912029,449182,1
911909,44920,1
911915,449438,1
912130,449456,1
912312,449839,1
907093,449883,1
910003,449957,1
912141,450083,1
912143,450206,3
911932,450207,1
896585,450365,1
912051,450367,1
912057,450595,1
912059,450636,1
945560,450638,1
912153,450644,2
912226,450666,1
912154,450711,1
912229,45076,1
912329,450817,1
912158,450853,1
912333,451143,1
912073,451296,2
912172,451439,1
912341,451469,1
912076,451476,1
911190,451482,1
912174,451537,2
912345,451599,1
912249,451706,1
909002,451718,1
912350,451793,1
912253,451965,1
946716,451997,1
912098,452275,1
947358,452487,1
912264,452549,1
912370,452556,1
912201,452716,1
912107,452753,1
912380,452979,1
912111,453023,2
908467,453046,1
912210,453177,1
912386,453182,1
912279,453246,1
912212,45329,2
908483,453300,1
948712,453320,1
912119,453444,1
908484,453603,1
912123,453644,1
911300,453854,1
912656,454090,1
912404,454170,1
954565,454171,1
912407,454223,1
912298,454254,2
912492,454287,1
912361,454300,1
912412,454406,2
850828,454420,1
912305,454495,1
906677,454512,1
903958,454519,1
912495,454584,1
912501,454767,1
912502,454858,1
958571,454911,1
955270,454914,1
959374,455066,1
947122,455248,1
912512,455269,1
912433,455285,1
912435,455306,1
912580,45531,1
912582,455464,1
912519,455523,1
912694,455638,1
912587,455676,1
912591,455757,1
912443,455841,1
912596,45595,1
912597,456035,1
908512,456062,1
912449,456102,1
912705,456129,2
912453,456257,1
912539,456372,2
912455,456395,1
912540,456432,1
895330,456453,1
908869,45646,1
902563,456481,1
912460,456618,2
912714,456707,1
912462,456710,1
912547,456745,1
912615,456832,1
912465,456935,1
912550,456947,1
912729,457184,2
909000,457239,1
912627,457264,1
953870,457348,1
905535,457408,2
912477,457625,1
851093,45775,1
908641,457795,1
912824,457852,1
912640,457982,1
904293,458037,1
951082,458127,1
912645,458189,1
913007,458190,1
913009,458288,1
912833,458295,1
913015,458733,1
946287,458766,1
912762,458837,1
912922,458848,1
912842,458978,1
913018,459109,1
954710,459183,1
913027,459416,1
913028,459449,1
953837,459510,1
899744,459556,1
906918,459588,1
912775,459791,1
913035,459962,1
958443,460091,1
912858,460116,2
912941,460125,1
912860,460145,1
909189,460183,1
908542,460440,1
913042,46052,1
912864,460526,1
912950,460805,1
912952,460924,1
912786,461006,1
913057,461307,1
912963,461648,1
952812,462067,1
905601,462438,1
912970,462542,1
912808,462631,1
912971,462656,1
913071,462930,1
912812,463006,2
913076,463273,1
850602,463298,1
912983,463474,2
908774,463534,1
912984,463607,1
912920,463628,1
954235,463766,1
913171,463785,1
912986,463792,1
913174,463919,1
913332,463930,1
899449,463951,1
913089,463958,2
913334,464026,2
912992,464132,1
912993,46420,2
913181,464238,1
913340,464315,1
959149,464478,1
908244,464569,1
913343,464575,1
911966,464629,1
913002,46463,1
913102,464669,1
948684,464874,1
951274,464964,1
906368,464971,3
913109,465014,1
913197,465373,1
850866,465377,1
907015,465484,1
913122,465548,1
913357,465648,1
913206,465817,1
913361,465915,1
913207,465988,1
910781,466076,4
913209,466126,1
913281,466322,1
907493,466416,1
913217,466673,1
913220,466768,1
899891,467159,1
913295,467181,1
913380,467200,1
947056,467409,2
913143,467411,1
850712,467488,1
913234,467558,1
913148,467586,1
913303,467665,1
913305,4678,2
913247,468067,1
910823,468204,1
913318,468329,1
951352,468330,1
913400,468332,1
955553,468490,1
913165,468515,1
913167,468587,2
913408,468679,2
851157,468706,1
913499,468845,1
913590,468894,1
900180,469032,2
913599,469207,1
913420,469320,1
913507,469353,1
913602,46939,2
904899,469445,2
913510,469523,1
913512,469649,1
913514,469704,2
910850,469716,1
909686,469898,2
913436,470043,1
913525,470344,1
913699,470389,1
913444,470464,2
913700,4705,1
913531,470545,1
900883,470700,1
913539,470922,1
913708,470942,1
913637,470957,1
913454,471096,1
913543,471124,1
913456,471174,1
913713,471185,3
913458,471212,1
850606,471273,2
913461,471366,2
913653,471524,1
913465,471531,1
913654,471586,1
902789,471689,2
910902,471910,2
913559,471920,1
900151,471986,1
909344,472054,2
910829,472111,1
913740,472141,1
913667,472223,1
913670,472247,1
913484,472307,1
913487,472389,1
913750,472446,1
913575,47247,1
913754,472535,1
945833,472593,2
913580,472660,1
913757,472686,1
913871,472916,3
914043,472993,3
913768,473052,2
897452,473074,1
913769,473157,1
948698,473213,1
898216,473279,1
900089,473295,1
958389,473304,1
901864,473343,1
913879,473385,2
913883,473497,2
908932,473620,1
913794,473660,1
952179,473726,1
913890,473730,2
913892,473743,1
884284,176014,1
884368,1760153,1
884505,176033,1
884506,1760549,1
884286,176055,1
884371,1760551,1
884422,1760562,1
884373,1760830,1
884510,1761058,1
884290,176111,1
884681,1761139,1
884292,1761366,1
884683,1761374,1
950822,1761490,1
884293,1761514,1
884684,1761516,1
884686,1761812,1
884432,1761939,1
884688,1762021,1
884519,1762167,1
884521,1762434,1
954386,1762471,1
951803,1762510,1
884522,1762605,1
884523,1762828,1
884439,1762890,1
884443,1763296,1
953217,1763321,1
884700,1763504,1
884761,1763526,1
884543,1763893,1
884704,1763986,1
884449,1764002,1
884548,1764759,1
957075,1764996,1
884770,1765016,1
884771,176534,1
948255,1765648,1
884712,1765767,1
884775,1766121,1
884555,176616,1
884556,1766376,1
884719,176669,1
884561,1766883,1
884724,176733,1
884623,1767462,1
884624,1767552,2
884570,1768126,1
884791,176817,1
884731,176821,1
884629,1768226,1
948256,1768233,1
957050,1768308,1
884732,1768326,1
958543,1768675,1
884734,1768757,1
884633,1768935,1
884796,1769023,1
884797,176920,1
884737,1769214,1
884635,1769217,1
953803,1769399,1
884801,176962,1
884582,1769818,1
884583,1769995,1
884750,177094,2
884648,1770947,1
947414,1771025,1
884756,1771900,1
884598,177211,1
884601,1772472,2
884917,1772949,1
947744,1773242,1
884826,1773393,1
884839,1773656,1
884667,1773724,1
884924,1773978,1
884669,1774065,1
884843,177408,1
885064,177428,1
884928,1774324,1
884846,1774490,1
884848,177465,1
884678,1774914,1
948259,1774924,1
884851,177496,1
884853,17755,1
884855,1775785,1
884992,1776203,1
884858,1776233,1
884993,1776287,2
884859,1776388,1
884860,1776473,1
951580,1776607,1
885081,1776706,1
957009,1777009,1
885000,1777308,1
885001,1777423,1
885088,1777841,1
884870,1778334,1
885005,1778395,1
884954,1778781,1
885007,1778805,1
951207,1778937,1
885008,1779039,1
884874,1779116,1
884958,1779792,1
884959,1780247,1
885097,1780322,1
884878,1780401,1
948271,1780456,1
953788,1780549,1
884960,1780702,1
949755,1781171,1
885014,1781465,1
954099,1781578,1
959093,1781963,1
885105,1782224,1
946130,1782437,1
885021,1782541,1
885024,1782986,1
952591,1783173,1
885025,1783438,1
954301,1783479,1
885111,1783582,1
953743,1783618,1
884892,1783626,1
884974,1783645,1
945675,1783835,1
945867,1784177,1
885030,178430,1
885116,1784334,1
954070,1785040,1
884905,1785824,1
885041,1786030,2
884908,1786142,1
885219,1786806,1
885046,1786864,1
885048,1787162,1
885052,1787777,1
885054,1788045,1
885055,1788318,1
946731,1788426,1
885158,1788522,1
885159,1788635,1
885057,1788668,1
885231,178886,1
885059,1788953,1
885233,178901,2
885237,1789548,1
885167,1789624,2
951114,1789673,1
954854,1789866,1
885241,1790055,1
948248,1790174,1
885243,179028,2
885387,1790340,1
885389,1790524,1
959793,1790962,1
959226,1791243,1
885178,1791459,1
885308,1791491,1
885250,1791525,1
885179,1791546,1
951876,1791753,1
885253,179181,3
946057,1792047,1
885399,1792201,1
885185,1792269,1
885186,1792327,1
956997,1792722,1
885407,17932,1
885264,179329,1
885193,1793510,1
885194,1793621,1
885327,1794135,1
951301,473950,1
949111,474058,1
913806,474068,1
914068,474094,2
950833,474108,1
913899,474137,1
913961,474143,1
914071,474189,1
913901,474209,1
950378,474217,1
910658,474223,1
914077,474250,1
957047,474253,1
913903,474299,1
913814,474329,1
913904,474333,1
913973,474540,1
913979,474764,1
913825,474808,2
913913,474935,1
913985,475009,1
914095,475098,2
913922,475105,3
913923,475145,1
913992,475165,1
913994,475199,1
913996,475277,1
913842,475310,1
913930,475313,1
913844,475368,1
950991,475500,1
913848,475538,2
913939,475635,1
907330,475672,2
914118,475721,2
959496,475751,1
913946,475919,1
914125,475952,1
914019,475965,1
914212,476088,1
947361,47610,1
914024,476124,1
914132,476224,1
914135,476428,1
914219,476479,1
913675,476525,1
914038,476685,1
914041,476809,1
950379,476816,1
914291,476993,2
914232,477058,1
914293,47709,1
914384,477099,1
910838,477186,2
914151,477193,1
914299,477276,1
914158,47741,1
914302,477435,1
911093,477451,2
911426,47753,1
914161,477589,1
914309,477648,1
957279,477683,1
901321,477694,1
907599,477725,1
956858,477811,1
914313,477845,1
953124,477873,1
914255,477881,1
911270,477990,1
950704,478005,1
903124,478007,2
900564,478069,1
914174,478085,1
914409,478169,2
914176,478186,1
914321,478196,2
914178,478259,1
914263,478277,1
914265,478315,2
914414,478397,1
955133,478492,1
899892,478521,1
914271,478562,3
914329,478576,1
914189,478703,1
914332,478877,1
914419,478929,1
914420,479000,1
896772,479172,2
914196,479219,1
914341,47935,1
914343,479552,1
914288,479645,1
899062,47967,1
949403,479754,1
914500,47984,1
914352,480120,1
914504,480171,1
914435,480208,1
914506,480296,1
914437,480352,1
914360,480548,1
895547,480654,3
914680,480664,1
914514,480781,1
914682,480897,1
914366,480923,1
900146,481519,2
914448,481566,2
914525,481574,2
914449,481637,1
953678,481938,1
914598,482180,1
911465,482244,2
914457,482327,1
910986,482513,2
952711,482631,1
914538,482660,1
911716,482852,2
914544,483058,1
952830,483060,1
914605,48307,1
914465,483108,2
914547,483370,1
914612,483371,1
914614,483428,1
914619,483679,1
897461,483836,1
914626,484179,1
914714,484197,1
953418,484251,1
914477,484323,1
914561,484547,1
914722,484607,1
914634,484699,1
914728,484831,1
914730,485001,2
914576,485228,2
947481,485342,1
914645,485384,1
914648,48548,1
914738,485483,2
914499,485486,1
914744,485586,1
914655,485870,1
914750,486022,1
904367,48603,1
914752,486070,1
914662,486238,2
914987,486243,1
914832,486286,2
911614,486289,1
895553,486360,1
898688,486374,1
955079,486577,1
909572,486830,1
914911,486995,1
911595,487014,1
901485,487094,1
914765,487160,1
945944,487299,1
914520,487399,1
914919,487450,1
915004,487464,1
895344,487576,1
914853,487695,1
947152,487822,2
914854,487856,2
914776,487860,1
914855,487965,1
914928,488250,1
915015,48851,1
959019,488558,1
914567,488646,1
914861,488688,1
914863,488920,1
951899,489013,1
914937,48922,1
914789,489299,2
914791,489352,1
914867,489374,1
915030,489419,1
915032,489478,1
914947,489567,1
914801,489695,1
914886,490035,1
915047,49011,1
914964,49042,1
953276,490420,1
915058,490472,1
885329,179456,1
885330,1794687,1
885201,1794757,1
885203,1795117,1
948253,1795498,1
885338,179603,1
949559,179627,1
885424,1796348,1
885210,1796372,1
952747,1796430,1
885212,1796620,1
885343,1796865,1
885429,179691,1
885215,179693,1
885431,1797003,1
885288,179706,2
885432,179716,1
885289,1797166,1
851547,1797520,1
885291,1797916,1
885452,1798003,1
885453,1798208,1
885456,1798644,1
885356,1798992,1
885441,1799012,1
885442,1799048,1
885358,1799171,1
885444,1799385,1
958368,1799492,1
885445,1799498,1
885464,1799687,1
885465,1799792,1
885538,180046,1
885685,1800573,1
885686,1800706,1
885370,1800867,1
958289,1801064,1
885543,1801089,1
885690,1801167,1
885474,1801276,1
885692,1801579,2
885606,1801655,1
885696,1802347,1
885550,1802405,1
885484,1803075,1
950540,1803350,1
851636,1803379,3
885556,1803386,1
885617,1803652,1
885703,1803663,1
885704,1803825,1
885623,180447,1
946254,1804554,1
885565,180472,1
885496,180487,1
885569,1805158,1
885716,180523,2
955217,180528,1
885574,180564,1
885635,1805646,1
885723,1805876,1
885508,1805924,1
885724,1805968,1
885640,1806060,1
885726,1806063,1
885641,1806247,1
885512,1806448,1
951640,1806692,1
885729,180679,1
885645,180690,1
885731,180694,1
885586,180722,1
885735,180762,2
885520,1807787,2
959670,1807851,1
885736,180788,2
885521,180798,1
885737,1808017,1
885523,180822,2
948266,1808246,1
885655,1808439,1
885656,1808527,1
885742,18086,2
952063,1808614,1
885744,1808711,1
885659,1808718,1
885660,180873,1
951585,180876,1
885600,1808766,1
885664,1809270,1
885751,1809486,1
885762,1809851,1
885670,180988,3
946707,1810230,1
885675,1810545,1
885916,1810781,1
885917,1810962,1
885855,1811094,1
950824,1811175,1
885919,1811305,1
885920,1811355,1
885993,1812336,1
885779,181250,1
885995,1812578,1
885927,1812600,1
946430,1812750,1
946105,1812796,1
885782,18130,1
954985,1813366,1
886002,181371,1
885934,1813765,1
885935,1813913,1
885938,181446,1
885791,181450,1
885876,1814597,1
885877,181487,1
945971,18153,1
885943,181565,1
885944,1815892,1
954085,1816044,1
885946,181618,1
886015,1816384,1
885947,181640,1
885885,1816561,1
886016,1816613,1
953768,1816777,1
885887,1816878,1
886018,18169,3
886020,1817195,1
945538,1817475,1
886025,1818467,1
885957,1818564,1
885896,1818800,1
886027,1818815,1
885813,1819040,1
885898,1819068,1
885961,181909,1
885899,1819125,1
885900,181933,1
885901,1819713,1
947380,1820042,1
886037,182068,2
955189,1820741,1
886042,1821676,1
954303,1821852,1
886043,1822056,1
886067,182233,1
954858,182383,1
956616,1824040,1
885979,1824169,1
886072,182522,1
886049,18253,2
886074,182724,1
885983,182733,1
886146,182735,1
886076,182771,1
885985,182784,1
954316,1828106,1
886078,1828135,1
947130,1828881,1
951372,1829492,1
886300,183043,1
886155,1830433,1
886085,183062,1
886157,1830703,1
951755,1830807,1
886304,183099,2
950059,1831195,1
886162,183165,2
952308,1832468,1
948311,1832475,1
886166,1832484,1
886096,1832629,1
886228,1832958,1
886169,183301,1
886098,1833073,1
886316,1833306,1
886100,1833368,1
886317,1833384,1
914966,490635,1
902953,490658,1
914967,490672,1
915056,490694,1
915061,490759,1
908294,490798,1
898496,490819,2
915299,49090,1
902974,490991,1
914754,491017,1
915301,491021,2
914973,491168,2
915306,491171,1
915071,491182,1
915307,49121,1
915310,491322,2
915232,491327,1
915142,491341,1
900569,491541,1
915147,491623,1
915318,491631,2
915241,491643,1
959272,491764,1
915083,49180,1
914824,491822,1
915246,491891,1
915151,49191,2
915090,492028,1
915154,492030,1
915092,49208,1
958895,492113,1
915156,49221,3
915096,492253,1
915329,492265,1
915252,492354,1
915255,492534,2
915335,492630,1
915171,492912,1
915343,493033,1
915109,493046,1
895347,493088,1
915112,493150,2
915346,493182,1
915267,493230,1
915268,493282,1
915119,493374,2
915180,493402,1
915121,493451,1
915277,49363,1
915184,493692,1
915355,493731,2
915187,493844,1
915357,493869,1
915358,493931,2
915128,493942,1
915189,493953,1
915361,494047,1
915190,494080,1
910467,494103,2
903653,494213,1
956707,494283,1
915134,494320,1
915369,494371,1
906676,494407,1
906693,494527,2
915199,494567,1
915295,494662,2
909732,494676,1
915372,494733,1
915463,49489,1
952972,494932,1
915465,495017,1
915467,495097,1
915207,495115,1
915378,495143,1
915386,495547,2
915473,495570,1
897889,49571,2
900310,4959,1
915532,495922,1
915480,495964,1
908493,496028,1
915399,496121,1
915535,496156,1
895466,496192,2
902476,49649,2
915408,496645,1
915409,496709,2
898436,497055,1
915495,497160,1
915551,497168,1
915417,497199,1
915552,497208,1
915498,497306,1
915555,497327,2
915500,497455,1
915425,497509,1
915559,497524,1
905310,497570,2
906072,49759,2
850714,497708,1
915505,497710,1
915429,497779,1
907795,498100,1
915514,498129,1
915570,498242,1
915516,498424,1
915663,498428,2
895348,498546,1
915572,498616,1
914055,499255,1
915581,499394,1
915584,499485,1
915588,499548,2
915839,499617,1
915594,499799,1
915595,499817,1
915596,499899,1
915768,500084,1
904552,500141,1
915853,500208,2
915691,50022,1
950165,500259,1
915774,500349,1
907255,500477,2
915857,500497,2
950592,500753,1
915937,501160,1
915872,501463,1
897834,50153,2
915948,501640,2
915878,501647,1
904433,50172,2
915794,50173,1
915881,50185,1
915798,501896,1
902733,501945,1
955243,502027,1
915960,502304,1
956916,502399,1
947329,502417,1
915964,50249,1
915893,502630,1
915968,502650,1
915894,502663,1
915736,502701,2
915737,502768,1
915738,502799,2
915741,503000,1
915973,503012,1
915974,503100,1
915904,503114,1
915976,50328,1
915747,503354,1
915910,503660,1
915752,503770,2
915983,503878,1
915832,503927,1
915755,504002,2
915986,504003,1
915835,504047,1
915757,504075,1
915836,504102,1
915628,504174,1
915989,504177,1
905239,504195,1
915991,504215,1
915922,504237,1
850803,504294,1
950330,504369,1
915837,504371,1
916012,504404,1
953988,504411,1
915996,504419,1
916243,504496,1
916090,504513,1
916107,504541,1
916092,504595,1
896835,504658,2
905651,505070,1
916027,505197,2
957103,50520,1
916103,505367,2
916032,505546,1
916108,505782,1
916038,505930,1
916040,506051,1
916045,506246,1
916269,506256,1
905218,506353,1
916119,506359,1
916053,506781,1
916125,506813,2
916056,506923,1
916280,506974,1
916198,507036,1
914117,507075,1
916284,507078,1
915618,507142,2
916061,507163,1
916062,50723,2
916134,507244,1
916207,507310,2
916208,507568,2
916294,507640,1
916070,507749,1
916142,507785,1
916212,50780,1
916299,507814,2
916300,507884,1
915644,507885,1
946823,508074,1
916306,508170,1
913048,508191,1
910568,508224,1
916078,508283,1
912610,508471,1
916083,508574,1
916222,508583,2
916315,508724,1
916226,508849,1
916583,509044,1
916409,509148,2
916230,509309,1
916333,509417,1
916232,509421,1
851391,509519,1
916236,50972,1
916419,509786,1
954390,509807,1
916490,50992,1
916425,509991,1
952452,510045,1
950423,510093,1
916427,510158,1
916428,510199,1
902939,51020,1
916431,510278,1
919140,510334,1
916433,510358,1
916436,510714,1
916607,51085,1
903761,510860,1
916354,510891,1
898859,510934,1
916440,511069,1
916358,511145,1
916513,511257,1
916514,511401,2
916362,511463,1
902479,511465,1
916516,51152,1
916615,511557,1
916448,511804,1
958873,511993,1
913333,512124,1
946609,512192,1
916622,512197,1
916528,512207,1
957137,512219,1
916535,512505,1
916536,512591,1
916630,512595,1
916539,512892,1
916385,513112,2
916544,513189,1
952480,513237,1
916545,513254,1
916465,513255,1
916388,513333,1
916546,513337,1
916642,513378,1
916392,513485,1
916393,513609,1
902129,514003,1
916556,514006,1
916476,514025,1
916558,514065,1
916477,514068,1
916656,514089,2
897455,514093,1
916559,514118,1
916659,514194,2
916562,51424,1
916481,514250,2
951739,514281,1
916663,514702,1
916750,514917,1
916359,514947,1
916578,515238,1
916921,515357,1
916580,515413,1
916581,515586,1
916923,515597,1
916765,515678,1
916680,515935,1
900062,516039,1
916682,516118,1
916847,516479,1
916849,516559,1
916938,516665,1
916855,516940,1
916943,516948,1
850713,517034,1
913105,517120,1
916797,517445,1
916963,517671,2
916875,517883,1
916714,517901,1
916967,517928,1
916883,518279,1
916722,518392,1
916885,518408,1
916723,518410,1
916724,518498,1
916728,518758,2
916730,518866,1
916828,518900,1
916990,518980,1
903595,519071,1
916898,519120,1
948703,519231,1
953800,519264,1
917160,519327,1
917002,519486,1
916905,519525,1
916999,519539,1
917165,519554,1
917170,519721,1
917173,519845,1
917010,519915,1
917016,520128,1
908798,520205,1
945896,520267,1
917250,520333,1
917023,520352,1
917189,520386,2
917190,520419,1
917095,520451,1
917031,520510,1
917099,52069,1
952773,520757,1
912415,520825,1
917103,520854,1
917037,520857,1
917199,520868,1
917039,520931,1
917267,521011,1
850845,521070,2
917044,521140,2
917206,521195,1
906541,521213,1
917047,521344,1
914985,521454,1
917212,521466,1
917050,521484,2
955097,521498,1
917278,521575,1
901238,521800,2
895470,521828,2
917128,521874,2
907157,521967,1
911223,521988,2
917225,522093,1
917227,522228,1
917061,522248,2
917065,522333,1
917299,522352,1
917300,522374,3
917302,522419,1
896628,522457,1
951546,522516,1
917304,522529,2
917239,522685,1
910563,522792,1
917074,522830,2
902567,522985,1
917155,523095,2
917080,523100,1
917324,523118,1
951320,523223,1
917422,523261,2
886101,183342,3
886318,1833588,1
945979,1833918,1
886319,1834200,1
886174,1834233,1
886103,1834281,1
886235,183476,1
886107,1835263,1
886108,1835694,1
947717,1835703,1
886239,1835706,1
886325,183571,1
886326,1835766,1
886241,1835895,1
886182,1836042,1
886246,183745,1
946073,1837662,1
886187,1837743,1
886188,1837851,1
955503,1838200,1
947699,1838213,1
886337,1838313,1
886338,1838566,1
886122,1838636,1
886253,1838678,1
886254,1838768,1
886340,1838782,1
886125,1839023,1
886257,1839113,1
955181,1839119,1
886343,183914,1
886345,1839444,1
886200,1839477,1
886260,1839490,1
886201,1839623,2
886348,183990,1
886132,1840,1
886133,1840212,1
886265,184060,1
886351,1840615,1
886135,184071,1
886137,184098,1
886209,1841022,1
886269,1841258,1
949237,1841349,1
886355,1841360,1
886270,184141,2
886359,184182,1
886274,184185,1
886216,184194,1
886278,1842300,1
886376,1842416,1
886366,1842662,1
886447,1842679,1
886281,1842705,1
951068,1842776,1
886381,1843076,1
886284,1843104,1
949447,1843259,1
886452,1843269,1
959758,1843439,1
886602,1843501,1
886454,1843502,1
956813,1843717,1
886457,1843869,1
886291,1843878,1
886458,1844004,1
886292,1844075,1
886607,1844103,1
886459,1844155,1
886460,1844333,1
886296,1844744,1
886524,1844821,1
886525,1844911,1
955111,1845113,2
886527,1845141,1
886617,184584,1
886400,184602,1
886470,184632,1
886619,184719,1
886471,184723,2
886620,184738,1
886473,184774,1
886623,184822,1
947525,1848914,1
886542,1849162,1
886414,1849627,1
886488,1850496,1
886489,1850578,1
886421,185067,1
886491,1850717,1
886422,1850718,1
886493,185090,1
954264,1851024,1
886425,1851092,1
886645,185131,1
886560,1851452,1
886499,185150,1
886649,1851560,1
886566,185189,1
886437,1852140,1
886441,1852474,1
952994,1852631,1
886575,1852646,1
886577,1852973,1
886757,1853107,1
959572,185328,1
886519,1853306,1
886581,1853321,1
886669,1853324,1
886521,1853597,1
886583,1853653,1
886522,1853747,1
946008,1853965,1
886681,1854428,1
886766,1854438,1
886589,1854645,1
886590,1854758,1
886771,1855021,1
886772,1855134,1
947199,1855168,1
886596,185541,2
886599,1855911,1
886786,1857033,1
886702,1857154,1
886703,1857340,1
952103,1857457,1
886931,1857555,1
886789,1857630,1
886844,1857634,1
886790,1857707,1
886707,1857780,1
886792,1857839,1
886847,1857857,1
886935,1857878,1
886710,1857966,1
886937,1858045,1
886711,1858047,1
886712,1858225,1
886713,185835,2
886797,1858376,1
886852,185851,1
886854,1858673,1
886942,1858691,1
886944,1859045,1
886945,1859095,1
886803,1859127,1
952636,1859270,1
886804,1859323,1
886721,1859456,1
886805,1859460,1
886806,1859533,1
958745,1859913,1
954126,186011,1
886733,1860822,1
886817,1860883,1
886872,1860924,1
946812,1861262,1
886742,1861799,1
886881,1861818,1
886832,1862507,1
886750,1862747,1
886889,1862767,1
886752,186286,2
886988,1863231,1
886989,1863286,1
886897,1863324,1
954463,1863350,2
955322,1863386,1
886986,186340,1
886987,1863460,1
887223,1863597,1
887080,1863681,1
887084,1864110,1
886910,1864396,1
887003,1864424,1
955312,1864503,1
882771,171038,1
882893,171060,1
882977,1710619,1
959639,1710719,1
882895,171086,1
947827,1710963,1
882775,171098,1
950585,1711085,1
882984,1711358,1
882845,1711453,1
957018,1712038,1
882851,1712051,1
882852,1712176,1
882992,171226,2
883076,1712261,2
883011,1712374,1
882910,1712410,1
947435,1712425,1
851173,1712615,1
883230,1713029,1
883085,1713030,2
946145,1713056,1
883022,1713418,1
883235,1713473,1
883091,1713577,1
883026,1713771,1
850325,1713845,1
883152,1713993,1
883031,1714375,1
883157,1714447,1
883033,1714482,1
951624,1714646,1
883160,171468,1
883037,1714910,1
883250,1715026,1
883164,1715077,1
883107,1715122,1
951057,1715787,1
883045,1715792,1
883170,1715793,1
954704,1715858,1
883171,1715923,1
947677,1715972,1
883259,1716141,1
883115,1716143,1
883048,1716148,1
883173,1716174,1
883049,1716358,2
883261,1716396,1
883050,1716422,1
883118,1716497,1
883263,1716511,1
883053,1716694,1
883267,1717071,1
883123,1717076,1
883268,1717155,1
883124,1717183,1
883060,1717641,1
883186,1717736,2
883274,1717870,1
883063,1717922,1
883190,1718282,1
883066,1718346,1
959707,1718390,1
883134,1718411,1
883279,1718523,1
883068,171853,1
883193,1718539,1
851490,1718578,1
883195,1718745,1
883137,1718782,1
883071,1718828,1
883142,171934,2
883201,1719399,1
883143,1719510,1
883203,1719624,1
883293,1719981,1
883149,1720177,1
883208,1720195,1
883151,1720341,1
883302,17210,1
883397,1721905,1
883466,1722183,2
883401,172222,2
883227,172242,2
883335,1722580,1
883336,1722706,2
950815,1722739,1
883407,1722919,1
883542,1722921,1
883474,1723040,1
883342,1723110,2
883476,1723384,1
883344,1723481,1
883479,1723571,1
883348,1723823,1
883551,1723845,2
883417,1723851,1
945455,1723964,1
883351,1724024,1
883555,172412,2
949853,1724320,1
883559,1724515,1
883491,172464,2
947750,1724683,1
883359,1724929,1
883360,1725049,1
883564,1725163,1
950829,1725311,1
946188,1725349,1
883496,1725463,1
883432,1725559,1
883364,1725646,1
954024,1725885,1
952417,1725945,1
883434,1726018,1
883569,1726115,1
883500,1726131,1
883570,1726266,1
883437,1726521,1
883371,1726705,2
948235,1726884,1
883574,172690,1
883575,1727025,2
883507,1727044,1
883374,1727067,1
883444,1727224,1
883445,1727363,1
883379,1727551,1
948236,1727826,1
883382,1727940,1
851478,1728203,1
883451,1728325,1
883384,1728365,1
883586,1728368,1
851505,1728484,1
883589,1728886,1
883617,1729000,1
883590,1729057,1
883593,172936,1
883526,1729366,2
883595,172963,2
883624,1729785,1
883532,1730131,1
883694,1730169,1
883627,1730177,1
883629,173029,1
883698,1730438,1
883632,1730526,1
883605,1730589,1
883633,1730683,2
883634,1730757,1
883635,1730857,1
883845,1730917,1
883703,1730921,1
883636,1730936,1
883609,1730937,1
951642,1731012,1
883847,1731058,2
883611,17313,1
883706,1731344,1
883767,1731636,1
883643,1731867,1
883769,1731888,1
883853,1731921,1
883770,1732094,1
883854,1732129,1
947814,1732134,1
883855,1732162,1
883713,1732177,1
883856,1732363,1
883714,1732414,1
883860,1732955,1
883719,1733442,1
883778,1733621,1
883862,1733626,1
883655,1734131,1
883725,173456,1
883869,1734728,1
883660,1734804,1
883728,1734849,1
953499,1734870,1
883872,1735291,1
883732,1735499,1
883878,173641,1
883797,1736620,1
883674,173688,1
883675,1737238,2
955290,1737320,1
883678,1737884,1
883804,1737942,1
883806,1738361,1
956756,1738418,1
883808,1738725,1
883683,1738788,1
883751,1738998,1
883688,1739879,1
883897,1739897,1
883819,1740615,1
949642,1740743,1
883821,1740833,1
949761,1740934,1
883764,1741046,1
946445,1741269,1
883824,1741329,1
883996,1741765,1
883911,1741929,1
883830,174204,1
883934,1742338,1
884000,1742593,1
946712,1742631,1
883935,1742647,1
883915,17428,1
883916,1742997,1
883835,1743142,1
883917,1743249,1
883942,1743764,1
950574,1743830,1
883943,1744051,1
883841,1744053,1
884014,1744758,1
883951,1744973,1
884081,1745032,1
884017,1745038,1
883952,1745077,1
884018,1745143,1
884150,1745212,1
884019,1745301,1
884151,1745328,1
884084,1745339,1
884152,1745642,1
884021,1745761,1
884087,1745824,1
883958,1745945,1
884088,1745974,1
884091,1746255,1
883963,1746430,1
884030,1746826,1
956689,1747237,1
884167,1747567,1
951644,1747792,1
884170,1747813,1
884103,1747864,2
884171,1747999,1
884041,1748097,1
883975,174818,1
884107,174841,1
953470,1748465,1
884109,174864,1
884181,174919,2
958977,1749322,1
955139,1749342,1
884184,1749513,1
884187,1749716,1
884056,1749752,1
884189,1749888,1
884060,175014,1
884296,175033,1
884126,1750409,1
884063,1750491,1
884064,1750628,1
884200,1751251,1
884135,1751777,1
884203,1751861,1
884207,1752301,1
884312,1752584,1
884142,175265,1
884313,1752794,1
953899,175285,1
884143,1752921,2
884212,1753073,1
884232,1753204,2
945953,1753504,1
884320,175373,1
884376,1754138,1
884326,1754211,1
884377,1754246,1
884378,1754414,1
884328,1754497,1
884379,1754507,1
884245,175459,1
884331,1754931,1
884468,1754972,2
953224,1755027,1
884384,175532,1
884385,175550,1
954580,1755524,1
884471,1755568,1
884388,17558,1
954169,1756089,1
884257,1756336,1
884477,1756416,1
884394,1756713,1
884260,1756739,2
884345,1756884,1
884346,1757084,1
884482,1757210,1
884349,1757629,1
945359,1757912,1
884267,1757998,1
884402,175800,3
884272,1758454,1
884356,1758493,1
884407,1758496,1
884359,1758821,1
884277,1759167,1
884279,1759507,1
884280,1759644,1
884415,1759708,1
884283,1760014,1
884504,1760288,1
884424,1760888,1
884289,1760962,1
949824,1761209,1
884511,176126,1
884512,1761318,1
884513,1761491,1
884514,1761562,1
884685,1761591,1
884517,1761947,1
884433,1762027,1
884530,1762218,1
884435,1762255,1
884691,1762323,1
884525,176309,1
884697,1763229,2
884765,176402,1
950472,1764071,1
884766,1764129,1
884604,1764335,1
884767,1764344,1
884547,1764393,1
949843,1764953,1
884607,1764974,1
884773,176582,1
884553,1765836,1
884611,1765889,1
884613,1766275,1
884558,1766580,1
884616,1766641,1
884617,1766721,1
884721,1766902,1
884782,1766942,1
884564,176729,2
956769,1767630,1
884625,1767792,1
884729,1768068,2
884627,1768118,1
884571,1768170,1
956824,1768292,1
884630,176833,1
884573,1768471,1
884574,1768756,1
958813,1768862,1
884575,1768909,1
884735,1768917,1
884576,1769035,1
884634,1769156,1
884636,1769418,1
884579,1769488,1
884637,1769503,1
884581,1769692,1
884802,1769781,1
884640,1769866,1
884584,1770086,1
884746,1770322,2
884747,1770411,1
884748,1770725,1
949701,1770783,1
946907,1770972,1
884649,1771177,1
884754,177159,1
952257,1771901,1
884757,177206,1
884655,1772093,1
884659,177255,1
851333,1772577,1
884602,1772639,1
884822,1772682,1
959049,1772776,1
884662,1772982,1
884824,1773022,1
884835,1773169,1
884922,1773668,1
884841,1773953,1
884831,1774059,1
884842,1774062,1
945281,1774684,1
884932,1774753,1
884677,177476,2
885069,1774844,1
884934,177499,1
884852,1775174,1
949094,177565,1
885074,177575,1
884990,1776034,1
884940,177617,2
884941,177626,1
884994,1776460,1
885079,1776469,2
884943,1776652,1
884997,1776799,1
884947,1777269,1
885085,1777318,1
884868,1777781,1
885003,1777836,1
885004,1778052,1
884952,1778385,1
884873,1779027,1
885093,1779055,1
954123,1779734,1
884876,1779783,1
885011,1779965,1
949563,1780627,1
957135,1780900,1
885098,178094,1
885099,1781255,1
884964,1781834,1
884885,1782192,1
885020,178239,1
884887,1782418,1
885107,1782548,1
884971,1782742,1
885023,1782833,1
885026,1783679,1
884893,1783737,1
884975,1783752,1
885028,1783983,1
885029,178418,2
885117,1784452,2
955084,1784543,1
884980,1784604,1
884981,1784710,1
884984,1785163,1
885123,178552,1
885127,1786089,1
885128,178625,1
884909,1786261,1
885145,1786265,1
885129,1786451,1
884910,1786455,1
947225,1786487,1
885147,1786685,1
959068,1786827,1
885132,1786878,1
954628,1787024,1
885047,1787060,1
885222,1787215,1
885153,1787551,1
885225,1787679,1
885140,1788143,1
885157,1788174,1
885229,178843,1
949913,1788513,1
885056,1788582,1
885230,1788602,1
885162,1789042,1
885378,1789109,1
850690,1789249,2
885164,178935,2
885236,1789442,1
885165,1789509,1
885381,1789597,1
885297,1789655,1
885382,1789702,1
885240,1789874,1
885169,1789885,1
885384,179002,1
947671,179026,1
948249,1790320,1
958982,1790383,1
947743,1790410,1
885304,1790505,1
885246,1790533,1
885175,1790539,1
885391,179122,1
885177,179126,1
952896,1791523,1
885183,1792111,1
885184,179217,1
885318,1792555,1
885190,1792876,1
885406,1792951,1
951173,1793431,1
885323,179360,1
885266,1793901,1
885412,1794137,1
946971,1794221,1
952732,1794267,1
885414,179458,1
885415,1794701,1
885273,1794899,1
885332,1794943,1
885417,1795022,1
958316,1795116,1
885204,1795307,1
953097,1795465,1
885206,179559,1
885336,1795616,1
885278,179580,1
885207,1795801,1
885337,179582,3
955411,1795932,1
885279,1796009,1
955030,1796143,1
950768,1796156,1
885427,1796719,1
885284,1796727,1
885217,1797082,1
885352,179822,1
885437,1798243,1
885293,1798289,1
885438,179840,1
948261,1798460,1
885527,179860,1
885357,1799042,2
959148,1799106,1
949829,1799353,1
885361,179954,1
851440,1799557,1
885463,1799588,1
885448,1799765,1
885535,1799788,1
885682,1800041,1
885466,1800089,1
885365,1800093,1
951756,1800119,1
885683,1800320,1
885368,1800661,1
885477,1801753,1
885478,1801926,1
885609,1802345,1
885480,1802415,1
885611,1802668,1
885699,1802764,1
885615,1803172,1
885486,1803390,1
885702,1803459,1
885621,1804283,1
948262,1804295,1
885707,1804332,1
885562,1804333,1
885563,180444,1
885625,1804741,2
885711,1804797,1
885566,180483,1
885712,1804909,1
885497,180506,1
953611,1805105,1
885568,1805123,1
885715,180519,1
885631,1805336,1
952468,1805489,1
885504,1805578,1
885721,1805690,1
885575,1805697,1
885576,1805804,1
885507,1805806,1
885577,1805882,1
885725,1806039,1
948263,1806078,1
885513,180672,1
885583,180681,1
885514,1806817,1
885515,1806893,2
885733,18073,1
948265,1807432,1
959786,1807525,1
885589,180773,1
885650,180782,1
885590,1807934,2
953116,1808047,1
885738,180810,1
885739,1808256,1
885654,1808272,1
952866,1808274,1
885743,180867,1
885597,1808692,1
885835,1808704,1
948276,1808789,1
885603,180922,2
885758,1809432,1
885843,1809445,1
885753,1809809,1
885669,1809826,1
885754,1809845,1
885847,1809869,1
885755,1810016,1
885763,1810031,1
959526,1810039,1
885756,1810092,1
885672,1810131,1
946362,1810502,1
885915,1810560,1
885769,1810964,1
885857,1811342,1
885772,1811443,1
851596,1811676,1
885774,1811805,1
850926,1811939,1
885923,1812095,1
885778,1812380,1
885863,1812420,1
885994,1812460,1
885865,181277,1
885996,1812805,1
885866,1812845,1
885867,181300,1
885930,1813076,1
885788,1813933,2
885873,181395,1
886004,1813977,1
885789,1814066,1
886007,181465,1
950920,1815273,1
885879,181539,1
885881,1815755,1
886012,1815829,1
955224,1815891,1
885797,1815994,1
885945,1816013,1
885884,1816210,1
885886,18167,1
885949,1816788,1
885803,1816976,1
885890,1817332,1
885953,1817643,1
885806,1817672,1
952239,1818433,1
954182,1818695,1
885959,181892,1
886029,1819080,1
885903,1820221,1
885966,1820224,1
886036,1820612,1
885971,1821197,1
885910,1821408,1
886041,1821427,1
885974,182174,1
958868,1821949,1
885827,1821956,1
885828,1822252,1
886068,182349,1
885830,182376,1
886144,1826,1
886073,182651,1
885982,182695,1
886145,1827077,1
886079,1828709,1
885988,1828803,1
886057,1828912,2
958646,1829382,1
951607,1829620,1
886301,183055,3
952219,1831639,1
886091,1831669,1
886222,1831697,1
886308,1831698,1
886093,1831982,1
956603,1832079,1
959627,1832129,1
886225,1832331,1
886311,183248,1
948312,183287,1
886314,1832989,1
886099,1833273,1
886320,1834506,1
886175,1834711,1
886236,1834900,1
886177,1835172,1
886237,1835211,1
886238,183539,1
886327,1835917,1
951994,1836615,1
886183,1836625,1
886243,183673,2
886330,1837054,1
886185,1837070,1
948269,1837280,1
886115,1837410,1
886248,1837927,1
886189,1837955,1
886118,1837995,1
886249,1838002,1
886250,1838222,1
951937,1838654,1
886123,1838716,1
886195,1838879,1
886342,1839033,1
886197,1839040,1
886126,1839103,1
886258,1839234,1
948270,1839250,1
886199,1839280,1
954648,1839501,1
886131,1839866,1
886350,1840278,1
886205,1840467,1
886352,1840866,1
953690,1840908,1
955021,1840970,1
886138,1841026,1
959023,1841178,1
886356,1841418,1
886140,1841454,1
886357,1841598,1
886213,1841729,1
886273,184181,1
886280,1842661,1
886378,1842698,1
851651,1842738,1
886379,1842845,2
886367,184289,1
886451,1843166,1
886383,1843321,1
886453,1843401,1
886604,1843787,1
886290,1843818,1
952304,1844220,1
886391,1844335,1
886461,1844623,1
886295,1844671,1
886611,1844746,1
886612,1844840,1
886464,1844873,1
952499,1844962,1
886616,184569,1
886468,184571,1
886529,184577,1
886533,1847616,2
886535,184821,1
949464,1848569,1
886478,1848744,1
886541,1848938,1
886413,1849468,1
886545,1849687,1
886485,184986,1
886547,1849994,1
886486,1850129,1
886417,1850189,1
886636,1850254,1
886487,185036,1
886420,18506,1
886490,1850659,1
851159,1850836,1
886554,1850864,1
886423,1850901,1
949429,1850910,1
886643,1850962,1
886557,1851131,1
886558,1851351,1
886646,1851362,1
886648,1851475,1
886429,185151,1
886650,1851594,1
886431,1851638,1
950403,1851655,1
886653,1851825,1
886435,1851980,1
886507,1852139,1
952485,1852381,1
886573,1852481,1
886661,1852548,1
886513,185260,1
886443,185262,1
886514,185270,1
886664,1852817,1
886517,1853076,1
886668,1853265,1
886759,1853318,1
886582,1853441,1
952898,185375,1
956870,1853847,1
886763,185413,2
886585,185414,1
886679,185417,1
886765,185430,1
886675,185436,2
958781,1854490,1
951177,1854569,1
886677,1854722,1
886911,1854921,1
886770,1854954,1
886912,1855003,1
886686,1855012,1
886594,1855173,1
886689,1855330,1
886690,1855482,1
886692,1855894,2
886694,1856055,1
886601,1856069,1
947297,1856678,1
886783,1856684,1
886838,1856796,1
886927,1856996,1
886701,1857025,1
886928,185714,1
886704,185745,1
886932,1857666,1
886846,18578,1
886934,1857801,1
886793,1857886,1
886848,1857923,1
886796,1858227,1
886941,1858606,1
886715,1858625,1
886716,1858719,1
886800,1858766,1
957061,1858819,1
886860,1859486,1
886948,1859526,1
886722,1859527,1
886949,1859613,1
886863,1859766,1
950507,1859829,1
886809,1859939,1
886952,1860064,1
886810,1860094,1
886728,1860230,1
886813,1860430,1
886814,1860520,1
886870,1860651,1
886734,186104,1
886961,1861190,1
886819,1861212,1
886962,1861223,1
886963,1861356,1
886822,1861424,1
948305,1861472,1
952562,1861534,1
886966,1861562,1
886740,1861599,1
886967,1861660,2
886825,1861763,1
886968,1861798,1
886827,1861889,1
886744,1862045,1
886971,1862266,1
886831,1862434,1
948306,1862440,1
886974,1862485,1
886833,186267,1
887067,1862794,1
886891,1862892,1
886979,1862900,1
953104,1862909,1
886753,1862945,1
886982,1863159,1
886756,1863162,1
886896,1863253,1
886990,1863368,1
887222,1863547,1
887225,1863764,1
886996,1863785,1
887227,1863945,1
886906,1864057,1
887228,1864076,1
887090,1864593,1
887093,1865044,1
952093,1865166,1
887240,1865277,1
887241,1865380,1
887012,1865383,1
887153,1865423,1
887098,1865484,1
887154,1865490,1
887099,1865527,1
887244,1865558,1
887016,1865755,1
887018,1865939,1
887019,1866038,1
887249,1866064,1
887020,1866068,1
887161,1866116,1
887250,1866131,1
887165,1866488,1
887110,1866532,1
887167,186668,1
887112,1866843,1
887028,1866873,1
887169,1866908,1
887170,1867094,1
887030,1867111,1
948359,1867141,1
887032,18673,1
887119,1867571,1
959920,1867618,1
887121,1867788,1
955325,1867810,1
887122,1867903,1
887178,1867909,1
887123,1867922,1
950218,1867966,1
887269,1868011,1
887125,186805,1
959106,1868197,1
887271,1868526,1
887042,1868532,1
887043,1868600,1
947776,1868658,1
953338,1868687,1
887045,1868767,1
887131,1868885,1
887187,1868889,1
887132,1868957,1
887190,1869101,1
887135,186914,2
887191,1869143,1
887281,1869205,1
887194,1869324,1
887139,1869366,1
887284,186944,1
887058,1869758,1
948274,1869789,1
887199,1869816,1
887059,1869827,1
887200,1869864,1
947061,1869943,1
959060,1869956,1
887290,1870103,1
887061,1870124,1
887382,1870314,1
887203,1870343,1
887292,1870382,1
887293,1870435,1
887294,1870556,1
887386,1870833,1
887298,187101,3
887299,1871128,1
948279,1871172,1
887305,1871238,1
887537,1871437,1
887395,1871662,1
887217,1871808,1
887311,1871839,1
887218,1871971,1
953711,1872020,1
887399,1872064,1
946885,1872181,1
945955,1872205,1
953692,1872258,1
887316,1872350,1
887547,1872438,1
887317,1872513,1
887548,1872580,1
887459,1872667,1
887550,1872751,1
887406,1872808,1
952142,1873023,1
887323,1873179,1
887409,1873232,1
887410,1873308,1
887555,1873313,1
887557,1873498,1
954208,1873533,1
887471,1873877,1
947648,1873951,1
887563,1874054,1
887475,187420,1
887566,1874337,1
850753,187441,1
887423,1874555,1
887569,1874677,1
887480,1874716,1
887570,1874745,1
887572,1874972,1
887573,1875045,1
952716,1875108,1
958775,1875112,1
946866,1875188,1
887344,1875274,1
887429,1875280,1
887431,187551,1
887487,1875546,1
887488,1875665,1
958890,1875715,1
887489,1875751,1
951079,1876085,1
887437,1876275,1
887438,1876334,1
887496,187661,1
887499,1876833,1
887589,1876857,1
887362,1877241,1
887504,187738,1
955341,1877446,1
887449,1877526,1
887506,1877598,1
887595,1877697,1
887366,1877708,1
887451,1877744,1
887507,1877751,1
887509,1878068,1
887370,1878188,1
887455,1878191,1
887511,1878195,1
887690,187823,1
953529,1878249,1
959441,1878256,1
887602,1878428,1
954967,1878464,1
887514,1878473,1
887603,1878499,1
887695,1878608,1
887377,1878696,1
887697,1878796,1
887698,187887,1
887520,1878894,1
887613,1878905,1
887610,1878941,1
887614,1878973,1
887700,1878995,1
887611,1879075,1
887701,1879135,1
887616,187919,1
887524,1879245,1
951387,1879506,1
887621,1879763,1
887623,1879905,1
959649,1879930,1
948297,1880014,1
950733,1880024,1
887854,1880053,1
948298,1880137,1
887627,1880223,1
887629,1880361,1
887715,1880362,1
887770,1880400,1
887630,188044,1
957102,1880501,1
887717,1880535,1
953402,1880895,1
956528,1880903,1
887865,1880989,1
887780,1881345,1
887726,1881396,1
887641,1881502,1
953850,1881558,1
887728,1881591,1
887783,1881620,1
887643,1881640,1
887873,1881685,1
955531,1882045,1
949178,1882092,1
948345,1882154,1
887877,1882241,1
946326,1882348,1
887790,1882402,1
887880,1882522,1
887653,1882734,1
887654,1882786,1
887884,1882911,1
955226,1883067,1
951658,1883169,1
959205,1883275,1
887746,1883301,1
887890,1883353,1
887747,188345,2
887891,188351,1
954488,1883545,1
887662,1883550,1
887804,1883630,1
949939,1883780,1
953107,1883790,1
954289,1883804,1
946431,1883812,1
887805,1883834,1
887894,1883843,1
947317,1883966,1
887809,1884141,1
887758,1884586,1
887760,1884736,1
887815,1884739,1
887905,1884889,1
949219,1885057,1
947240,1885081,1
887818,1885112,1
948478,1885115,1
887678,1885120,1
940514,1885457,1
887765,1885463,1
887680,1885598,1
887681,1885734,1
948482,1885766,1
959329,1885773,1
887822,1885776,1
954651,1885833,1
954782,1885933,1
887912,188596,1
887913,188606,1
949383,1886240,1
946024,1886243,1
954220,1886253,2
887914,1886284,1
887926,188640,1
948486,1886591,1
952597,1886645,1
887827,18867,1
887928,1886792,1
950460,1886813,1
945821,1886890,1
945341,1886899,1
887829,18870,1
952745,1887077,1
948494,1887100,1
952548,1887192,1
887931,1887323,1
948498,1887445,1
948500,1887532,1
948502,1887625,1
946867,1887639,1
946327,1888115,1
940515,1888157,1
945457,1888172,1
887833,188834,2
945462,1888416,1
946276,1888444,1
945452,1888720,1
947271,1888763,1
951561,1888768,1
946600,1888851,1
959410,1888923,1
947311,1889124,1
945453,1889156,1
945866,1889250,1
948520,1889283,1
945473,1889324,1
952459,1889471,1
945464,1889477,1
948523,1889479,1
948524,1889480,1
887935,188952,1
957028,1889567,1
948529,1889802,1
952236,1889822,1
946900,1890051,1
951550,1890104,1
946095,1890357,1
955381,1890525,1
946758,1890575,1
951268,1890806,1
953160,1890869,1
950153,1890963,1
948546,1891001,1
946976,1891162,1
946039,1891172,1
952635,1891181,1
948554,1891226,1
948556,1891424,1
953477,1891446,1
947632,1891459,1
953780,1891502,1
954168,1891562,1
888002,189159,3
954213,1891637,1
949159,1891686,1
954011,1891853,1
946044,1891939,1
957093,1892135,1
946245,1892362,1
946262,1892452,1
947210,1892487,1
954062,1892496,1
947424,1892561,1
946259,1892595,1
949751,1892631,1
953998,1892895,1
948320,1892966,1
946619,1893006,1
948322,1893018,1
946813,1893020,1
946475,1893180,1
955013,1893236,1
953729,1893267,1
953491,1893337,1
946484,1893452,1
949706,1893565,1
948334,1893782,1
952954,1893823,1
951118,1893825,1
948336,1893866,1
950681,1893867,1
948338,1893893,1
946570,1893965,1
948362,1894001,1
950606,1894067,1
947602,1894095,1
949919,1894100,1
948365,1894189,1
946785,1894195,1
946822,1894310,1
948373,1894394,1
948377,1894606,1
946732,1894650,1
948382,1894765,1
954924,1894791,1
953789,1894844,1
954474,1894863,1
949521,1894927,1
948386,1895004,1
954361,1895109,1
950561,1895133,1
947726,1895213,1
959163,1895239,1
888083,189524,1
949414,1895402,1
948396,1895574,1
948397,1895578,1
949143,1895648,1
948400,1895812,1
953674,1895821,1
948404,1895905,1
947145,1896051,1
952357,1896146,1
947189,1896154,1
948407,1896187,1
947529,1896235,1
948413,1896372,1
948414,1896396,1
953539,1896431,1
947340,1896438,1
888006,189644,2
953764,1896477,1
954663,1896479,1
952361,1896548,1
947442,1896579,1
948417,1896626,1
953578,1896732,1
947295,1896743,1
954470,1896747,1
951535,1896901,1
950051,1896926,1
950636,1896982,1
953670,1896991,1
952949,1897061,1
948431,1897308,1
950925,1897432,2
948442,1897582,1
949408,1897660,1
949641,1897730,1
954192,1897794,1
954647,1897955,1
955035,1897982,1
888151,189807,1
948451,1898215,1
948452,1898244,1
948455,1898393,1
948458,1898552,1
953388,1898766,1
949787,1898786,1
949104,1898865,1
888153,189900,1
952836,1899007,1
948465,1899043,1
949117,1899047,1
953362,1899241,1
953087,1899277,1
953622,1899618,1
954320,1899802,1
949165,1899904,1
953952,1899934,1
948490,1899980,1
953663,1899982,1
953282,1899999,1
952811,1900013,1
953946,1900062,1
953191,1900081,1
954653,1900211,1
952425,1900315,1
953628,1900329,1
949806,1900411,1
956561,1900420,1
952774,1900465,1
950478,1900466,2
950108,1900496,1
954077,1900520,1
888094,190069,2
954903,1900757,1
887951,190082,1
953294,1900927,1
951150,1900991,1
951151,1900995,1
954735,1901083,1
949667,1901233,1
954678,1901261,1
954592,1901281,1
953612,1901352,1
954540,1901491,1
952712,1901542,1
952840,1901544,1
954285,1901708,1
955043,1901739,1
954779,1901765,1
888096,190188,1
958640,190191,1
950397,1901933,1
953430,1902011,1
954145,1902126,1
952740,1902172,1
954211,1902190,1
952865,1902209,1
954037,1902250,1
951397,1902280,1
953550,1902297,1
950208,1902353,1
949346,1902421,1
953101,1902581,1
954493,1902657,1
954226,1902665,1
953500,1902832,1
954632,1902986,1
950097,1903022,1
953145,1903166,1
952666,1903220,1
952848,1903253,1
950483,1903256,1
954889,1903296,1
951009,1903959,1
949796,1903967,1
888100,190399,1
950106,1904143,1
950503,1904166,1
952336,1904246,1
953064,1904253,1
953215,1904266,1
953108,1904282,1
954357,1904432,1
952938,1904435,1
953968,1904448,1
954097,1904467,1
953023,1904481,1
953976,1904609,1
952976,1904613,1
954757,1904636,1
953464,1904665,1
952024,1904685,1
954437,1904820,1
955033,1905122,1
953971,1905286,1
953166,1905299,1
951167,1905302,1
954005,1905319,1
951234,1905324,1
887959,190540,1
954052,1905410,1
953986,1905463,1
959103,1905582,1
959465,1905587,1
953594,1905716,1
954764,1905825,1
950582,1905938,1
950247,1905978,1
950075,1906160,1
952590,1906200,1
950857,1906213,1
952050,1906370,1
953716,1906374,1
953673,1906392,1
955191,1906615,1
951228,1906629,1
950413,1906746,1
951348,1906821,1
950914,1906839,1
952879,1906891,1
950523,1907006,1
952825,1907108,1
950832,1907125,1
951130,1907246,1
951844,1907251,1
951999,1907332,1
954439,1907333,1
950773,1907349,1
953832,1907366,1
952700,1907384,1
953345,1907444,1
888026,190755,1
959837,1907672,1
953292,1907675,1
953661,1907815,1
955057,1907840,1
950587,1907922,1
954201,1907939,1
954514,1907940,1
950237,1907952,1
954680,1908030,1
954667,1908066,1
954158,1908317,1
953951,1908348,1
953295,1908353,1
954896,1908390,1
951247,1908405,1
951164,1908406,1
952189,1908469,1
952835,1908521,1
888107,190864,1
954518,1908652,1
953428,1908653,1
888169,19088,1
953475,1908832,1
950715,1908840,1
953694,1908845,1
888028,190885,1
955241,1908851,1
954110,1908890,1
955032,1909060,1
951195,1909092,1
954199,1909117,1
954455,1909130,1
953038,1909132,1
951117,1909162,1
951862,1909354,1
953942,1909390,1
951793,1909399,1
953580,1909432,1
888030,190944,1
952922,1909463,1
951929,1909525,1
951541,1909599,1
953192,1909733,1
953043,1909779,1
951573,1909820,1
952108,1909897,1
958874,1909904,1
953935,1909908,1
950767,1909913,1
951858,1910035,1
953078,1910075,1
953508,1910131,1
951160,1910192,1
953350,1910204,1
951951,1910263,1
954252,1910281,1
952948,1910307,1
959517,1910336,1
958726,1910419,1
951472,1910454,1
954330,1910470,1
952846,1910478,1
951310,1910492,1
951831,1910494,1
952763,1910496,1
952799,1910536,1
954435,1910608,1
953978,1910620,1
952185,1910624,1
954449,1910700,1
954636,1910791,1
953171,1910924,1
951715,1910945,1
953486,1910964,1
951508,1911242,1
954572,1911296,1
953365,1911299,1
954585,1911313,1
888113,191159,1
952637,1911804,1
953719,1911845,1
953395,1911893,1
958445,1911900,1
954546,1911929,1
888034,191196,1
954605,1912071,1
954202,1912115,1
953180,1912142,1
954614,1912176,1
953003,1912587,1
888115,191260,1
953991,1912687,1
955247,1912783,1
952450,1912824,1
951399,1913283,1
951400,1913374,1
954886,1913496,1
952982,1913582,1
951395,1913717,1
951431,1913727,1
951639,1913979,1
951975,1913992,1
955009,1914177,1
951429,1914194,1
953972,1914206,1
956630,1914332,1
951834,1914345,1
951960,1914346,1
955364,1914421,1
954098,1914476,1
954759,1914503,1
954415,1914510,1
959266,1914777,1
954865,1914855,1
954254,1914879,1
952638,1914917,1
959849,1915047,1
954150,1915072,1
958441,1915239,1
954091,1915283,1
951973,1915291,1
954571,1915322,1
952316,1915336,1
954951,1915376,1
953723,1915377,1
953936,1915381,1
952370,1915417,1
954015,1915517,1
952715,1915519,1
953279,1915533,1
953643,1915537,1
955039,1915540,1
952272,1915744,1
953710,1915764,1
952730,1915781,1
953818,1915782,1
952138,1915847,1
952837,1915928,1
953278,1915960,1
954574,1915967,1
953785,1916040,1
953004,1916111,1
953634,1916134,1
954263,1916200,1
953953,1916256,1
953965,1916273,1
953425,1916303,1
954204,1916304,1
954658,1916664,1
888181,191668,1
958417,1916964,1
952558,1917070,1
952588,1917114,1
958449,1917171,1
959672,1917200,1
958750,1917362,1
959556,1917478,1
956761,1917505,1
954603,1917517,1
887977,191756,1
954525,1917584,1
958531,1917679,1
952427,1917866,1
954270,1917995,1
955062,1918072,1
957005,1918443,1
952482,1918497,1
958553,1918824,1
957280,1918872,1
953620,1918909,1
952809,1919044,1
955091,1919055,1
958741,1919097,1
955284,1919131,1
959095,1919151,1
958499,1919346,1
959334,1919395,1
957101,1919430,1
955127,1919503,1
959669,1919511,1
958742,1919537,1
958985,1919619,1
956712,1919643,1
955525,1919887,1
959406,1919902,1
959288,1920061,1
955185,1920099,1
887981,192010,1
956622,1920143,1
888046,192022,1
959453,1920282,1
959847,1920414,1
959046,1920521,1
955256,1920654,1
956904,1920801,1
956653,1920857,1
959685,1920910,1
956684,1920939,1
958579,1920948,1
959167,1921017,1
958540,1921019,1
958933,1921115,1
958337,1921345,1
958676,1921483,1
958468,1921497,1
888129,19215,1
887985,192150,1
955421,1921821,1
958925,1921941,1
959680,1921989,1
956708,1921995,1
955429,1922000,1
957116,1922053,1
958989,1922074,1
958947,192210,1
959550,1922104,1
955355,1922220,1
888192,192234,1
958725,1922346,1
957053,1922557,1
955460,1922664,1
959206,1922787,1
958752,1922805,1
958525,1922817,1
958400,1922856,1
958903,1922890,1
959776,1923011,1
959618,1923104,1
958715,1923331,1
959245,1923481,1
959199,1923603,1
959792,1923800,1
959130,1923831,1
959903,1923890,1
958587,1923902,1
959207,1924123,1
959372,1924145,1
888132,192415,1
958953,1924157,1
957030,1924185,1
958702,1924556,1
888054,192464,1
959472,1924694,1
959559,1924777,1
959202,1925015,1
888133,192502,1
958829,1925190,1
958471,1925277,1
959333,1925340,1
887990,192546,1
956961,1925670,1
958475,1925685,1
959645,1925751,1
959529,1925867,1
957278,1925895,1
958541,1925976,1
958900,1926426,1
959911,1926514,1
958419,1926579,1
888134,192675,1
959247,1926876,1
888056,1927,1
959885,1927258,1
959143,1927410,1
888135,192758,2
887992,192772,1
888198,192805,1
888136,192820,1
887993,192827,3
888199,192861,1
887994,192875,2
959679,193259,1
888207,193600,1
888211,193864,1
888070,193868,1
888226,193873,2
888455,194114,1
888216,194193,1
888456,194227,1
888224,194920,1
888244,195371,2
888470,19541,2
888473,195605,2
950912,195609,1
888388,195813,1
888390,195946,1
888337,196030,1
888480,196275,1
888393,196288,1
888341,196433,1
888495,197535,1
888270,197557,2
888354,197576,1
888271,197644,1
888355,197662,1
888410,197829,1
888358,198063,1
888278,198346,1
888362,198352,3
888416,198359,1
888364,198427,1
888285,198802,1
888512,198925,1
888513,199057,1
888289,199153,1
888427,199177,1
888515,199178,1
888291,199228,1
888375,199258,1
888517,199278,1
888522,199807,1
888524,200004,1
888299,200039,1
888437,200081,1
888302,200389,1
888607,200470,1
888442,200595,2
888543,200765,1
888610,200807,1
888544,200819,2
888762,200850,2
888611,200852,2
888545,200853,1
888446,20086,1
888765,200949,2
888767,201099,1
953167,201162,1
888452,201173,1
888771,201286,1
888555,201353,2
888558,201461,1
888627,201552,1
888630,201713,1
888783,201803,1
888568,201946,1
888787,202068,1
888699,202097,1
888788,20212,1
888573,202296,1
888793,20243,1
888707,202616,1
888645,202656,1
888578,202674,1
888708,202692,1
888797,202697,1
888581,20280,1
888800,202881,1
888650,203025,1
888584,203152,1
959471,203267,1
888656,203507,1
888810,203735,1
888812,203904,1
888724,203983,1
888815,204166,1
888599,204393,1
888730,204422,1
953316,204574,1
888669,204627,1
888734,204759,1
888824,20484,1
888826,204931,1
888828,205028,1
888679,205147,1
888742,20516,1
888832,205247,1
888681,205258,1
888682,205327,1
888838,205554,1
888752,205901,1
888756,206161,1
888848,206188,1
888849,206306,1
888934,206308,1
889078,206348,1
888936,206456,1
888938,206636,1
889082,206667,1
888995,206822,2
888858,20702,1
889087,207051,1
888859,207054,1
888944,207056,1
888945,207083,2
888948,207253,1
889003,20727,2
888865,207363,1
889007,207501,1
889096,20753,1
888954,207645,1
954582,207764,1
889100,207814,1
888872,20783,1
888957,207845,2
889012,207940,1
888959,208069,1
889108,208461,1
889020,208518,2
888967,208675,1
889022,208684,1
889024,208936,1
888972,209142,2
889028,209218,1
888890,209459,1
947159,209467,1
889034,209837,2
888897,210060,2
889039,210192,1
888986,210292,1
889130,210319,2
889042,210457,1
889145,210773,1
889047,210779,1
889049,210916,1
889138,210979,2
888908,211005,1
889139,211085,1
888909,211098,1
889149,211141,1
889221,211530,1
889055,211631,1
889056,211708,1
889225,211925,2
889156,211927,1
951255,212026,1
889227,212082,2
950637,212211,1
889384,212273,1
889230,212289,1
889066,212561,1
889388,212583,1
889389,212789,1
889300,212852,1
889167,212866,1
889392,212949,1
889303,212982,1
889395,213250,1
889308,213566,1
889244,213696,1
889407,214175,2
945686,214209,1
889318,214272,1
889408,214324,1
889193,214679,1
889417,214689,1
889328,214814,1
889264,214858,1
889273,215606,1
889276,215822,1
889211,216154,1
889345,216225,2
889347,216340,1
889215,216416,1
889286,216586,1
889352,216749,1
889451,216902,1
889354,216932,1
889444,216964,1
889445,217003,1
889358,217326,1
889604,217651,2
889364,217803,1
889606,21782,1
889608,217964,1
889465,218042,1
889611,2181,1
889468,218225,1
889615,218379,1
889537,21841,2
889538,21847,1
889620,218668,1
889621,218745,1
889543,218769,1
889622,218907,1
889477,218921,2
959075,219230,1
889551,219542,1
889484,219543,1
889632,2199,2
889555,219900,1
958320,219956,1
889633,219978,1
889695,220022,2
889634,220031,1
889557,220070,1
889696,220084,1
889491,220157,1
889636,220165,1
889641,220443,1
889564,220467,2
889498,220553,1
851176,220664,1
889567,220731,2
889707,220758,2
889569,220889,1
889709,220922,1
889648,220923,1
889650,221045,1
889572,221064,1
889578,221354,2
889717,221371,2
889515,221526,2
889583,221717,1
945740,221724,1
889518,221794,1
889585,221842,1
889724,221918,1
889666,222059,2
889589,222175,1
889728,222195,1
889729,222317,1
889671,222428,1
889673,222521,1
889760,222707,1
889737,222784,1
889600,222924,1
889762,222970,1
889763,223078,2
889742,223283,1
959638,223536,1
889745,22364,1
889769,223667,1
889837,223924,2
889992,224033,2
889751,224338,1
949098,224500,1
889907,224797,2
889999,224893,1
889909,224969,2
889783,225477,1
889912,225480,2
889913,225551,1
889851,225651,2
889785,225687,1
890006,225920,2
889915,225966,1
890007,226014,2
889854,226049,1
889916,226059,2
889790,226125,2
959260,226251,1
890013,226423,1
889863,226579,1
889798,226629,1
890017,226647,1
889802,227023,1
889805,22713,1
890024,227197,2
889874,227440,1
889940,227719,1
889815,227938,2
889943,22795,1
890034,227953,2
889881,228017,1
889818,228147,1
889946,228152,1
889819,228228,1
889822,228423,1
889888,228521,2
890044,228769,1
889890,228798,1
889955,228916,1
889828,22897,1
890049,229103,1
890050,229141,2
889960,229158,1
890051,229175,1
890052,229264,1
890063,229500,1
889901,229573,1
889965,229592,1
890057,229676,1
889903,229712,1
890135,229745,1
890067,229782,1
889905,229874,2
890137,229988,1
889971,230207,2
890071,230265,1
890140,230271,2
890142,230338,1
890143,230391,1
890076,230463,1
890077,230526,1
890223,230753,1
890226,230836,1
890290,23091,1
890228,230975,2
890085,230980,1
890294,231138,1
890232,231336,1
890161,231618,2
890093,231636,1
890094,231654,1
890304,231913,1
890241,231940,1
890098,23196,1
890243,23227,1
890101,232270,1
890170,23232,1
890103,232457,1
890105,232562,1
890249,232757,1
890252,232931,1
890110,232932,1
890320,233264,1
890258,23333,1
890185,233378,1
958703,233492,1
890188,233511,1
890189,233648,1
890263,233687,1
890192,233896,1
890271,234367,1
890272,234426,2
890336,234556,1
890274,234597,1
890337,234636,2
890202,23469,1
950583,234695,1
890133,234770,1
890339,234789,1
890277,234831,1
890340,234852,1
890341,234953,1
890342,235189,2
890286,235913,1
890521,236268,2
890376,236317,1
890356,236503,1
890526,236634,2
890528,236792,1
890450,236851,2
890384,236957,1
890530,237031,1
890452,237074,1
890385,237086,1
890596,237381,1
890535,237395,1
890462,237826,1
890603,237959,1
890543,238001,2
954625,238338,1
890546,238426,1
890471,238567,1
890406,238826,1
890551,238914,1
890475,238970,1
890408,238996,1
890409,239098,1
890555,239297,1
948589,239307,1
890414,239531,1
890482,23959,1
890560,239630,2
890416,239637,1
890486,239841,1
890626,239866,1
890564,239871,1
890421,239928,1
890422,239979,1
890423,240013,1
890631,240044,1
890492,240115,4
890493,24019,1
890572,240324,1
890574,240441,1
890430,240490,1
890579,240788,2
890646,241174,1
890508,241246,2
890511,241345,1
890651,241382,1
951799,241845,1
954949,24193,1
890657,242126,1
890828,242387,1
890662,242501,2
890683,242539,1
890752,242607,1
890665,242756,1
890899,243275,1
890758,243301,1
890694,24375,1
890844,244046,1
890846,244504,1
890699,244783,4
890849,244879,1
890770,245106,1
890771,245186,1
890852,24525,1
890853,245340,1
890705,245373,1
890706,245475,1
890857,245676,1
952109,245760,1
890779,245777,1
890711,24578,1
890861,245864,1
890862,245894,1
890924,24594,1
890715,24597,1
890717,24613,1
890786,246139,1
890929,246197,1
890788,246216,1
851316,246378,2
890793,246527,1
890728,246679,1
890797,246744,2
890939,246884,1
890878,246889,1
890884,247364,1
890946,24740,1
890885,247429,1
890886,247506,1
890807,24751,1
890889,247578,1
890890,24767,1
890743,247695,1
890954,247743,2
890955,247779,1
890818,247968,3
890959,247986,1
890820,248033,1
890821,248066,2
890966,248305,1
947290,248598,1
891140,248671,1
891060,248709,1
891141,2488,1
891204,248840,2
890998,249084,1
891146,249093,1
891067,249132,1
951562,249139,1
891149,249294,1
891155,249667,1
891218,249714,1
891220,249934,1
891222,250114,2
891017,25048,1
891165,250535,2
891019,25063,1
891230,250677,1
891232,250783,1
891092,250969,1
891093,251099,1
891236,251109,1
891095,251205,1
891176,251255,1
891029,251295,1
891098,251527,1
891100,251660,1
891244,251722,1
891245,251756,2
891036,251862,2
891104,251889,1
891042,252264,1
891196,252704,1
891198,252843,1
891120,253003,2
891263,253018,1
891287,253301,1
891267,253334,1
891290,253380,1
891270,253418,1
891292,253444,2
891514,253447,2
891363,253607,1
891275,253634,1
891518,253646,1
891522,253869,1
891302,25397,1
891435,254110,1
891305,254257,1
891373,254263,1
891375,254375,1
891377,254510,2
891532,254575,2
891313,254810,1
891314,254900,1
891315,254941,1
891540,255345,1
891321,255555,1
891452,255567,1
959209,255790,1
891326,255898,2
891456,255922,1
891328,256079,1
891329,256159,1
891330,256239,1
891552,256246,1
891462,256443,1
891463,256490,3
891464,256549,1
891403,256705,2
891564,257115,2
891566,257233,1
891347,257436,1
891476,257483,2
850970,257495,2
891415,257614,2
891416,257735,1
891417,257789,1
891351,257818,1
891480,257826,1
891483,258052,1
891575,258076,2
891355,258088,1
959688,258297,1
891424,258503,1
891488,258559,1
891426,25884,1
891587,25893,1
891430,259059,2
891590,259068,1
891431,259106,1
891433,259338,1
891742,259387,3
891746,259729,1
891505,260046,1
891602,260108,1
891670,260241,2
891812,260292,1
891672,260341,1
891673,26037,1
891762,260822,1
891763,260843,1
891682,260888,1
891764,260919,1
891765,260971,1
891826,261033,1
891685,261038,1
891619,261049,1
891767,261062,1
891829,261177,1
891692,261359,1
891834,261364,1
891774,26141,1
891835,26146,1
891694,261480,1
891697,261661,2
891780,26176,1
891635,261890,1
891843,261909,2
891637,262061,1
891704,262158,1
891710,262437,1
891644,262440,1
891852,262446,2
891645,262464,1
891651,26269,1
891799,262695,2
891654,262801,1
891863,262838,1
891870,263237,1
891893,263279,1
891894,263298,1
891875,263459,1
892120,263473,1
891897,263512,1
891967,263769,1
892127,263887,1
892129,263972,1
891908,264142,1
892134,264274,1
891975,264308,1
891981,264616,1
948610,264679,1
892140,264690,1
958567,264820,1
892145,265028,1
892053,265047,1
891991,265287,1
891928,265427,1
892152,265446,1
892059,265493,1
892065,265808,2
892159,265826,1
892070,266127,1
892166,26625,1
892167,266300,1
947185,266485,2
892078,266638,1
891952,266947,4
891953,266984,1
892178,267146,1
892179,267271,1
892180,267369,1
891957,267397,1
892087,267422,1
891960,267601,2
892185,267697,1
892029,267875,1
892194,268037,1
892035,268378,3
892198,268424,1
892036,268471,1
892039,268680,2
892203,268774,2
892346,268809,1
892204,268823,1
892277,268998,2
951516,269066,1
892208,269198,1
892351,269230,1
892283,269477,1
892355,269562,1
892422,269716,1
892216,269734,3
892221,270105,2
892431,270377,1
892301,270836,1
892371,270840,1
956811,270936,1
892303,271081,1
892373,271083,2
892440,271182,2
892376,271267,2
892442,271296,1
892238,271655,1
892381,271809,1
892315,272151,1
948616,272435,1
892388,272458,1
892320,272672,1
892324,273141,1
892460,273158,1
892465,273411,1
892330,27342,1
892259,273465,2
892260,27350,1
892333,273670,1
892263,273755,1
892470,273760,2
892406,273865,1
892266,274002,1
892473,274005,1
953849,274461,1
892577,274635,1
892415,274728,1
892499,275065,1
946167,275329,1
948618,275548,1
892505,275580,1
892593,275592,1
892595,275680,1
949292,275732,1
892509,27577,1
892655,275989,1
892660,276290,1
892518,276296,1
892754,276353,1
892520,276354,1
892758,276603,1
892614,276724,1
892669,276728,1
892527,276763,1
892772,277248,1
949257,277478,1
892777,27750,2
892636,277843,1
892692,277921,1
892552,278118,1
892696,278229,1
892641,27827,3
892697,278276,1
892789,278418,2
892700,278473,1
892646,278522,1
892560,278601,2
892793,278611,1
892561,278617,1
892649,278658,1
892705,278662,2
892708,278804,1
892805,278922,1
892710,278930,1
892883,279587,1
892957,279996,1
892958,280052,1
892888,280079,1
892959,280110,1
892722,280162,2
892889,280176,2
892963,280342,1
959554,280598,1
892896,2806,3
947607,280694,1
893032,280746,1
893033,280788,1
893034,280899,1
892901,280967,1
892830,280985,1
892902,28103,1
893038,281084,3
892904,281089,1
892833,281101,3
892978,281207,1
892837,281224,1
892910,281329,2
892911,281372,1
892912,281503,1
957144,281513,1
892913,281546,1
893047,281588,1
892985,281642,1
892845,281754,1
893051,281830,1
893053,282072,1
892850,282130,1
892992,282332,1
892852,282349,3
893065,282976,1
893066,283008,2
893069,283198,1
893008,283348,1
945930,283403,1
892870,283575,1
893011,283592,1
892871,283596,1
893017,284019,2
893081,284045,1
893180,28417,1
893083,284170,2
893020,284283,1
892951,284352,1
893183,284475,1
893089,28484,1
893333,28495,1
893091,285016,1
893193,28557,3
893341,285657,1
893112,285818,1
959767,285974,1
893114,286097,1
948600,28630,1
893204,286562,1
893119,286726,1
893263,286851,1
893124,286971,1
893211,287021,1
893357,287101,1
893268,287219,1
893214,287249,1
893128,287292,1
893216,287323,1
893130,287388,1
893272,287431,1
893218,287540,1
893273,287564,1
893139,288148,1
893373,288350,1
953421,288397,1
893376,288499,1
893234,288687,2
893237,288872,1
893238,288965,1
893242,28922,1
893243,289261,1
893157,289292,1
893249,289537,1
893251,289647,1
893307,289848,1
893400,289910,1
893310,290012,1
893314,290247,1
893176,290289,1
893490,290310,1
893318,290419,1
893568,290537,1
893411,290544,2
893497,290572,1
851256,290638,1
893571,290709,1
893413,290714,1
953868,290720,1
893500,290724,2
893328,290781,1
893573,290806,1
893575,290908,3
893507,291065,1
893579,291098,1
893512,291296,1
893585,291384,1
893429,291459,1
893517,291490,1
893589,291533,1
893432,291600,1
893435,291693,1
893594,291712,1
893595,291761,1
893437,291764,1
893596,291878,1
893597,291911,1
893439,291923,1
893658,29194,1
893527,291970,1
893442,29204,2
893602,29210,1
893603,292158,1
893610,292458,2
893452,29246,2
893540,292590,1
949840,292644,1
893545,292734,1
893459,292773,1
893618,292793,1
893679,292829,1
893461,292847,1
893680,292888,1
948614,292993,1
893683,293036,1
893685,293121,1
893555,293198,1
893629,293306,2
893559,293374,1
893790,293411,2
952416,293492,1
893693,29350,1
950904,293706,1
893482,29383,1
893703,29404,1
893945,294042,3
893705,294112,1
893806,294246,1
893719,294300,1
893720,294353,2
893809,294431,1
893722,294488,1
893865,294663,1
949693,294717,1
893957,294723,1
893726,294731,1
893960,294828,2
893818,294875,1
893731,294898,1
893820,294923,1
851218,295003,1
893824,295090,2
893744,295439,1
893745,295472,1
893980,295760,1
893982,295871,1
893983,295944,1
893846,296258,1
951058,296352,1
893764,296520,1
893853,296726,1
893769,296834,1
893770,296919,1
893863,29733,2
893919,297396,1
950296,297629,1
893924,297715,1
894097,297725,1
893925,29777,1
893785,297789,1
894171,29780,1
894099,297837,1
893789,298042,1
894102,298043,1
893930,298098,1
894015,298117,1
894104,298127,1
894178,298161,1
893934,298230,1
893935,29826,1
894021,29834,1
894114,298537,1
894250,298554,1
894251,298606,2
894192,298773,1
894257,298940,1
894037,299107,1
894261,299149,1
894262,299228,1
894202,299384,1
894041,299391,1
894204,299584,1
894206,299714,2
894269,299762,1
894134,299794,1
894048,299872,1
894137,299944,1
894273,299945,1
894053,300151,1
894141,300153,1
894142,300179,1
894055,300234,1
894221,300428,1
894224,300590,1
894066,300790,1
894292,30093,1
894231,301056,1
894158,301122,1
894232,301139,1
894234,301179,2
894235,301236,1
894164,301441,1
894078,301553,1
894324,301695,1
894305,301706,1
894306,301789,1
894083,301830,1
894326,301842,1
894084,30186,1
894091,302267,2
894334,302290,1
894339,302572,1
894344,302812,1
894479,302840,2
894345,302879,1
894480,302920,1
956731,302949,1
894346,302969,1
894413,302999,2
949638,303001,1
894483,303042,1
894487,303203,1
894580,303260,1
894490,303304,1
894356,303357,2
894357,303410,1
894360,30360,1
894591,303803,1
894592,303855,1
894367,303948,1
894597,304076,1
894439,304283,1
894601,30433,1
894378,304465,1
894513,30447,1
894605,304486,2
894514,304569,1
894446,304572,1
894517,304637,1
894449,304646,1
894519,304695,1
894611,304711,1
894612,30475,2
894522,304924,1
894455,305015,1
894616,305032,1
894461,305368,2
894530,305418,1
894397,305501,1
894533,305562,1
894400,305628,2
894470,305815,1
894471,30587,1
894715,305993,1
894791,306186,1
894547,306229,1
894721,306259,1
894723,306422,1
894551,306436,1
894638,306609,1
894799,306730,2
894640,306743,1
894802,306842,1
894734,307008,1
894806,307021,1
894870,307151,2
894652,30745,1
894740,307460,2
894813,30753,1
894880,307772,1
894821,307975,1
959914,308075,1
894665,30809,1
894825,308130,1
894755,308242,1
894890,308297,1
946999,308413,1
894830,308421,1
894831,308465,1
894894,308510,1
894833,308537,1
894674,308569,1
894676,308639,1
894764,308663,1
894898,308681,1
894767,308763,1
894901,308835,1
894769,308856,1
894685,309015,1
894845,309050,1
894846,309089,1
894687,30909,1
894908,30911,2
894909,309164,1
894779,309301,1
894692,309312,2
894782,309409,1
894784,309523,2
894785,30960,1
894699,309720,4
894700,30978,1
894702,309906,1
894944,310057,1
894706,310088,1
945474,310328,1
895021,310380,1
895092,310383,1
895022,310416,1
894953,310528,1
895096,310568,2
895028,310754,2
895099,310756,1
894959,310835,1
895102,310914,1
894962,31107,1
895266,311107,1
952030,311305,1
948630,311332,1
895124,311337,1
895113,311481,1
895045,311647,1
894975,31174,2
895047,311774,2
895123,311856,1
895128,311877,1
894979,311924,1
894980,311943,2
895060,312276,1
945878,31228,2
850946,312362,1
894992,312498,1
895359,312599,1
895370,312922,1
895072,312955,1
895003,313178,1
895380,313180,2
895199,313335,1
895208,31346,1
895010,313465,1
950427,313480,1
895011,313519,2
895400,313526,1
895213,313557,1
895012,3136,1
895671,313668,1
895222,313760,1
895679,313799,1
895411,313800,1
851287,313810,2
895415,31389,1
895883,313892,1
895689,313896,3
895693,313932,2
895419,313948,1
895889,313968,1
895891,313988,2
895698,314004,1
895425,314072,1
959876,314202,1
895434,314263,1
851362,314426,1
895733,314649,1
895742,314828,1
954857,314896,1
895946,31510,1
895505,315103,1
895508,315152,1
895511,315184,2
895959,315280,1
895967,315382,2
895526,315386,2
896087,315461,1
895974,315617,1
895537,315624,1
895775,315642,2
895980,315847,2
895554,315981,1
895791,315995,1
958436,316057,1
895565,316153,1
896110,316164,1
896008,316305,2
895580,316361,1
895588,316495,1
895603,31686,1
896030,316895,1
895845,316918,1
896037,317053,1
895616,317057,1
895619,317097,1
895859,317108,1
895864,317155,1
948627,317194,1
851466,317424,1
895877,317433,2
895645,317643,1
896348,317745,3
895658,317833,1
896352,317841,1
895665,317888,1
896205,31804,1
896373,318231,1
896648,318243,1
896499,318537,1
896391,318695,1
896668,318781,1
896228,318812,1
896229,318841,1
896511,319017,1
896234,319057,1
896512,319104,1
896237,319205,1
946635,319252,1
896682,319262,1
896688,319449,1
896245,31945,1
896524,319461,1
896538,320003,1
896707,320096,1
896263,320097,1
896709,320126,1
896433,320181,1
896714,320362,2
896549,320422,1
896715,320425,1
896443,320436,1
896451,320619,1
896729,320647,1
896284,320653,1
896457,320766,2
896736,320807,1
896738,320840,1
896567,32088,2
896739,320901,1
850978,320954,2
948633,321075,1
896480,321308,1
896757,321432,1
895191,321562,1
896318,321564,1
896914,321590,1
896326,321891,1
896921,321949,2
896331,322061,1
897175,322083,1
896334,322091,1
896338,322167,1
896768,322238,1
897179,322285,1
896778,322466,1
896942,322478,1
896780,322522,2
851446,322565,2
897043,322758,2
896949,322813,1
896811,323542,1
897221,323588,1
897071,323608,1
897073,323695,1
897229,323794,1
897078,323810,1
897233,323887,1
897085,324010,2
897236,324015,1
897087,324054,1
897237,32406,1
896828,324132,2
897242,324286,2
897093,324312,1
896846,324671,1
897256,324697,2
896851,324879,1
897108,325133,1
897270,325387,1
896877,325676,1
897021,325678,1
896879,325721,1
897023,325723,1
897032,325997,1
897297,326072,1
897138,326096,1
896891,326115,2
850708,326192,2
897441,326194,1
897303,326200,1
896900,326416,1
850698,326636,2
897708,326642,1
896832,326666,1
897459,326858,1
897716,326885,1
897314,326935,2
897315,327004,1
897468,327176,1
897575,327274,1
897475,327436,3
897586,327657,1
897338,327806,2
897743,327841,1
897341,327861,1
897486,327942,2
897596,327950,1
897346,327995,2
897600,328049,1
897605,328199,1
897751,328206,1
950886,328242,1
897497,328370,2
897760,328410,1
897357,328464,2
897509,329016,1
897625,329070,1
897510,329128,1
897630,329191,1
897779,329195,4
897514,329217,2
897520,329403,1
897380,32953,1
897384,329575,1
897525,329586,1
897645,329685,1
897386,329714,1
956675,329774,1
897534,329867,1
897802,329990,1
897393,330006,1
897395,330108,1
897545,330109,1
851204,330155,2
897559,330438,1
897669,330517,1
897817,330539,1
897425,330754,1
897826,330818,3
897680,330891,1
898242,331109,1
897435,331125,1
851235,331218,1
898247,331334,1
897833,331462,1
897989,331595,1
897837,331611,2
898100,331690,1
898101,331767,1
954520,331911,1
898115,332209,2
898279,332302,1
898284,332463,1
898019,332533,1
897861,332570,1
898022,332630,1
897865,332696,1
895134,33271,2
898294,332712,1
898135,332920,1
898142,333055,1
898036,333190,3
898037,333220,1
898314,333246,1
897883,333251,1
898041,333297,1
895194,333392,1
897893,333452,1
898161,33347,1
898333,333557,2
897899,333639,1
898173,333794,1
897908,333873,1
897912,334012,1
898063,334013,1
898068,334128,1
898075,334340,1
898077,334390,1
897929,334467,1
898084,334540,1
898364,33457,1
898196,334611,1
898365,334625,1
897934,334648,1
898198,334676,1
898374,334849,1
898209,335071,1
898213,335197,1
898541,335270,1
898546,335358,1
898222,335449,1
898224,335484,1
898229,335626,1
898390,335631,1
898827,335706,2
898233,335735,1
898394,335758,1
898832,335927,1
897197,336114,1
898410,336222,1
898845,336280,1
898415,336294,2
898719,336490,1
898860,336638,4
898863,336826,1
898867,336887,2
896380,336913,1
850801,337202,2
898737,337248,1
951618,337360,1
898458,337379,1
898745,337383,1
898633,337415,1
898750,337493,1
898647,337720,2
898897,337749,1
898898,337800,1
898762,337841,1
898902,337940,1
898766,338062,1
898659,338123,1
898768,338223,1
898664,338382,1
898913,338398,1
898918,338513,2
898920,338544,1
898674,338657,1
898509,338704,1
949639,338750,1
898781,338785,2
898512,338807,1
898936,338976,1
898194,339014,1
898790,339015,1
898949,339044,1
898523,339192,1
898963,339394,1
898802,339626,1
898804,339727,1
899105,339736,1
946177,339777,1
899106,339812,2
958317,340059,1
899354,340161,1
899357,340292,2
899120,340297,2
898990,340373,1
899362,340529,1
899365,340579,1
899368,340694,1
899369,340735,1
899372,340848,2
899373,340885,1
899268,340910,2
899008,340991,2
899011,341108,1
899013,341228,1
899379,341253,1
899275,341271,1
899382,341423,1
899157,341430,1
899019,341468,2
899161,341544,1
899164,34161,1
899389,341682,1
850760,341924,1
899303,342481,1
899414,342518,1
899195,342523,1
945638,342594,1
899421,342698,2
899422,342758,2
899314,342773,1
899067,342890,1
953317,342985,1
899323,342992,2
954645,342994,1
899209,343038,1
899075,343088,1
899213,343203,2
899341,343642,1
899599,343643,2
899861,343749,2
899470,343904,1
899472,343961,1
899460,343978,2
899871,343983,1
899620,344347,1
899484,344406,2
899893,344658,1
899746,344723,1
899639,344897,2
899497,345023,1
899634,345124,1
946395,345146,1
899757,345200,1
899650,345416,1
899766,345436,2
899914,345568,2
950171,345594,1
899656,345606,1
899916,345615,1
899660,345749,1
899774,345768,1
899925,345823,1
899927,345891,1
899781,345923,1
899784,346029,1
899528,346161,1
899937,346235,1
899942,346435,1
899688,346651,1
899799,346726,2
899539,346752,1
899697,346953,1
899805,346968,1
899700,347073,1
899811,347154,1
899962,347257,1
899556,34745,1
899969,347521,1
895141,347602,2
899563,347619,1
899713,347643,1
899972,347717,1
899719,347803,2
899976,347811,1
899823,347835,1
899725,347884,1
899982,347888,1
899578,347947,1
899729,347955,1
899832,348041,1
899583,34823,1
899588,348542,1
900127,348747,1
900001,348759,1
900129,348761,3
900380,348994,1
899858,349054,1
895196,349179,1
900247,349266,1
900145,349366,1
900396,349376,1
900019,349397,1
900254,349420,2
900149,349449,1
900399,349580,1
945767,349625,1
900155,349667,2
900403,349712,1
900026,349717,1
900030,349850,1
900160,349854,3
900163,349974,1
900413,350117,1
900170,350255,1
947695,350422,1
900419,350424,1
959811,35044,1
900045,350495,1
900288,350506,1
900426,350570,1
900181,350577,1
900427,350598,1
851193,350671,1
900301,350737,2
900193,350753,1
900303,350802,1
900195,350820,1
900306,350835,1
900061,350853,1
900443,350904,1
900200,350913,2
900321,35124,1
900083,351259,1
900084,35128,1
900329,351374,1
900335,351503,1
900097,351508,1
900104,351667,1
900340,35171,1
900343,351806,1
850858,351919,2
900356,352133,5
900878,352178,1
900638,352393,1
953682,352558,1
900495,35257,1
900753,352641,2
900756,35277,1
900501,352814,1
900502,352851,1
900760,352912,1
900765,353031,1
900656,35305,2
900657,353106,1
900771,353210,1
900515,353259,2
900779,353419,3
900524,353533,1
900525,353560,1
953407,353694,1
851498,353710,1
900531,353781,1
900682,353871,2
895144,353889,1
900537,353940,1
899222,354034,1
900801,354161,2
900544,354225,1
900941,354313,2
900807,354322,1
900707,354518,1
900710,354697,1
900714,354810,2
900719,354866,1
900821,354872,1
956973,354873,1
850954,355032,1
900726,355070,1
900828,355281,1
900581,355324,1
900734,355451,1
900977,355683,1
900979,355732,2
900591,355749,1
900981,355773,1
900601,356051,1
900847,356099,1
900605,356218,1
901124,356220,1
951932,356277,1
901268,356331,1
901132,356469,1
900996,356633,1
901146,356840,1
901283,356870,1
900863,356941,1
901402,357076,1
901157,35716,1
901404,357191,1
901159,357210,1
901016,357353,2
901411,357424,2
901017,357435,1
901299,357500,1
901302,357530,2
901023,357531,1
901172,357536,2
901423,357569,1
901188,35794,2
901040,358090,1
901320,358121,1
901441,358137,1
901202,358326,1
901204,358481,1
896584,358533,1
901454,35854,1
901207,358613,1
901054,358677,1
901059,358857,1
901217,358864,2
896937,358952,1
899857,359009,2
901470,359049,1
901471,359115,1
946290,359122,1
901355,359232,1
901078,359369,1
901481,359373,2
946881,359376,1
901371,359507,1
901492,359564,1
901092,359760,1
901378,359794,1
901511,359964,1
901104,360280,1
895433,360284,2
901680,360347,1
901818,360422,2
901820,360458,1
901690,360601,2
901692,360627,1
900221,360720,1
901544,360793,1
901699,360824,1
901549,360899,1
901831,360991,1
901551,360998,1
901703,361011,1
897994,361072,1
901836,361141,1
901952,361270,1
901561,361298,1
901563,361309,1
901716,361313,1
901564,361354,1
901569,361487,1
851241,361522,1
901964,361549,1
901573,361565,1
901966,361601,1
901575,361608,1
901728,361628,2
901731,361741,1
901582,361902,1
901585,361991,1
901877,362298,2
901987,362320,1
901878,362332,1
901750,362357,1
901888,362576,1
901761,362608,1
901891,362696,1
901900,363018,1
901618,363027,1
902014,363087,1
901620,363134,1
901906,363178,1
901621,363183,2
902023,363346,1
948644,363496,1
901916,363666,1
901923,363957,1
901647,364097,1
901649,364169,1
901651,364263,1
902049,364292,1
901934,364294,1
901566,364318,1
901661,364537,1
901662,364664,1
902216,364726,2
902055,364731,1
952772,364838,1
901673,365059,1
902065,365087,1
902230,365295,1
902071,365299,1
902235,365481,1
902077,365844,2
902315,365929,2
902482,365968,1
902485,36609,1
902330,366328,1
902105,366511,2
902259,366513,1
902339,366533,1
902108,366649,1
902111,366751,1
902266,366850,2
902267,36689,1
902511,367245,1
902369,367518,1
902518,367654,1
902137,367931,1
902386,368290,2
850986,368353,2
902537,368416,1
902151,368450,1
902154,368515,1
902539,368528,2
902301,368982,1
902552,369081,1
902409,3691,1
902306,369243,1
902561,36927,1
902416,369312,1
902562,369323,1
902425,369439,1
902427,369485,1
902194,369541,1
902434,36961,1
902202,369630,1
895209,369822,2
897109,369858,1
902722,369903,1
902454,370017,1
948650,370201,1
902734,370305,1
902857,370308,1
902969,370446,2
902739,370448,1
902629,370753,1
902983,370789,2
902634,370813,1
952136,370949,1
902641,370955,1
902882,371,2
902643,371004,1
903002,371124,1
902651,371178,1
902652,371218,1
903012,371345,1
895305,371388,1
903015,371473,1
903017,371545,1
903019,37159,1
901812,371617,1
902902,371704,1
903035,371797,2
902673,37193,1
949161,371936,1
902914,372002,1
903045,372043,1
902915,372095,1
903050,37213,2
902809,372147,1
902919,372149,1
902922,37218,1
902923,372216,1
902685,372218,2
902816,372228,1
959381,372236,1
902686,372352,2
902821,372458,1
902929,372502,1
902938,372629,1
903071,372697,1
953691,372740,2
903367,373095,1
903085,373115,1
902960,373264,2
903093,373371,1
958366,373387,1
903096,373439,1
903098,373497,1
897580,373547,1
903512,373613,1
903101,37366,1
903113,373742,2
903395,373976,2
903237,373996,1
903122,374006,1
903397,374045,1
903123,374052,1
903127,374137,1
903140,374550,1
903415,374560,1
903416,374666,1
899366,374715,1
903419,37489,1
903148,37492,2
903149,37501,1
903151,375045,1
895436,375063,1
903433,375245,1
903158,375392,1
903165,375621,1
951796,376047,1
903478,376791,1
903197,376794,1
903480,376810,1
945414,376951,1
903603,376960,1
903605,377044,2
851202,377081,1
903608,377215,1
903611,377429,1
903489,37745,1
903215,37752,1
903337,37758,1
903216,377626,1
903758,377628,1
903882,377664,1
903883,377749,1
902982,377929,1
903889,378058,1
903765,378099,1
903891,378117,2
903351,378191,1
903897,378559,1
903770,378604,1
898453,378698,1
903631,378788,1
903906,378970,1
903782,379093,1
904009,379101,3
904011,379125,1
903912,379367,2
903787,379389,1
903649,379434,1
903789,379439,1
903915,379524,2
904028,379810,1
903664,379892,2
904035,379959,1
895217,379974,1
903809,380006,1
903810,380114,1
903929,380190,1
903931,380229,1
903932,380265,1
903820,380294,1
903823,380512,1
951514,380742,1
903698,380803,1
903949,380892,1
903951,381013,1
903703,381037,1
903709,381352,1
903961,381450,1
903714,381480,1
903720,381691,1
899086,381834,1
903977,382001,1
951217,382053,1
949515,382102,1
903982,382142,1
903734,382295,1
903993,382492,1
904527,382681,1
904528,382729,1
895164,382737,1
904535,382932,1
904292,382993,1
904539,383132,1
904138,383181,1
904541,38321,2
904300,383261,2
904140,38329,1
904142,383330,2
904144,383470,2
904551,383490,1
904148,38362,2
904554,383624,1
950018,383664,1
904316,383726,1
904412,383732,1
904318,383793,1
904414,383826,1
904170,383955,1
904321,383963,1
904422,384101,1
904569,384123,1
899483,384271,1
945744,384279,1
904181,384355,1
904343,384588,1
904344,384607,2
896525,384609,1
904196,384771,1
904590,384793,1
904351,384805,1
904204,38497,1
899517,384980,1
898861,385031,1
904208,385053,1
904365,385297,1
904370,385418,1
904225,38556,2
904380,385691,1
904236,385838,2
904385,38584,1
904473,385882,1
904474,385958,1
959054,385975,1
904249,386122,1
904646,386187,1
904263,386413,1
895442,386419,1
904660,386482,1
902633,386730,1
904506,386740,1
904277,386743,1
904802,386818,1
953609,386993,1
904818,387374,1
904945,387416,1
904823,387436,1
904949,387563,1
904953,38769,1
905098,387690,1
904955,387710,1
904694,387716,1
904833,387767,1
905104,387796,2
905108,387896,1
904962,387946,1
904703,387976,2
904704,38803,1
904709,388141,1
904268,388948,1
904731,389089,1
904873,389106,1
905146,389116,1
905148,38916,1
898498,389251,1
904881,389273,1
904991,389281,1
904741,389296,2
904884,389309,1
904886,389360,1
904748,389550,2
904896,389610,1
904898,389740,1
905002,389761,1
905169,38981,1
904758,389810,2
904759,38983,1
905005,389849,1
904905,389923,1
905175,389935,1
905012,390043,1
948641,390125,1
904919,390293,3
905020,390518,2
953677,390556,1
904777,390618,1
905022,390625,1
904934,390740,2
901412,390856,2
904938,390883,1
895167,391374,1
899771,391602,2
905351,391758,2
905049,391760,1
905209,391918,1
949240,391937,1
905219,392320,1
905610,392358,2
905227,392609,1
905487,392617,1
905619,392658,1
956850,393026,1
905241,393064,1
954756,393218,1
905250,393318,1
905253,393353,1
905400,393407,1
905514,39341,4
905261,393649,2
905523,393739,2
905412,393887,1
905419,394050,1
905531,394180,2
958600,394207,1
905667,394229,1
905283,394347,1
905285,394426,1
905428,394483,2
905289,394539,1
905544,394664,1
905683,394675,1
949711,394788,1
905439,394813,1
905552,394851,2
905444,394976,1
905699,395039,1
905557,395107,1
905703,395207,2
905309,395211,1
905705,395225,1
905714,395502,1
905569,395526,1
905722,395641,1
905575,395727,1
906073,395870,1
899402,39599,1
905724,396047,2
905726,396142,1
905842,39622,1
905844,396247,1
906090,396384,1
906093,39647,1
905742,396511,1
906100,396556,1
851105,397016,1
906116,397208,1
896415,397383,1
905885,397452,1
906126,397471,1
905896,397697,1
905897,397724,1
905986,397729,1
905781,39787,1
905542,39792,2
904333,39816,1
952929,398194,1
901969,398330,1
905794,398392,1
905795,398474,1
905928,398585,1
906153,398634,1
906154,398722,1
905802,39889,1
946190,398894,1
906018,399243,1
905355,399333,1
905945,39935,1
906026,399528,1
905821,399777,1
905964,399902,1
906184,400258,1
906185,400335,1
906187,400420,1
906191,400614,3
906060,400620,2
906310,400623,1
897548,400705,1
906443,400859,1
906196,400869,1
906446,400884,2
906315,400886,1
906562,401027,2
906207,401405,1
906458,401451,1
906327,401512,1
952119,401517,1
902439,401527,1
906213,401558,1
906465,401646,1
906219,401912,1
906469,401929,1
902888,401946,1
906341,402002,1
906344,402160,1
906347,402227,1
900165,402247,1
906599,402381,1
906488,402511,2
906605,402551,1
906489,402612,1
906608,402671,1
906498,402731,2
906617,402789,1
906501,402799,1
906367,402911,1
906621,402931,1
906507,402935,1
906625,403076,1
896540,403086,1
906515,403177,1
905097,403216,2
906639,403338,1
906525,403385,1
906530,403483,2
906400,403614,1
906290,403670,1
906543,403676,1
906294,403803,1
906552,403826,1
906295,403846,1
906667,403875,1
906417,403881,1
906668,403898,1
906561,403949,3
906425,404051,1
907109,404070,1
907110,404094,1
906687,404112,1
906689,404130,1
906845,404141,1
904383,404227,1
906692,40423,1
907121,404350,1
956860,404368,1
906725,404428,2
906974,404461,1
906731,404609,1
906985,404805,2
906739,404868,2
901727,405010,1
903903,405113,1
907153,405393,1
901942,405411,2
906905,405509,2
906906,405529,1
900226,405569,2
907023,405782,1
906774,405814,1
906915,405847,1
907026,405880,1
906780,406038,1
950888,406226,1
899170,406235,1
851288,406483,1
907047,406559,2
906796,406665,1
906938,406740,2
947006,406748,1
906939,406759,1
906947,407036,1
906951,407150,1
907213,407201,4
906953,407298,1
906822,407379,1
898146,407462,1
907220,407486,1
906830,407614,1
906832,407658,1
907226,407748,1
906967,407966,1
902015,407985,1
902903,408005,3
907237,408229,1
951445,408300,2
907243,408463,1
953860,408534,1
907245,408563,1
907390,408641,1
907393,408719,2
907601,408837,1
907400,409065,1
907496,409066,2
954492,409142,1
907404,409177,1
907499,409180,1
907406,409227,1
959747,409236,1
907275,409316,1
907502,409328,1
898721,409351,1
907503,409356,1
907506,409654,1
907508,40972,1
907417,409785,1
907419,409863,1
850697,409885,1
907290,410021,1
907426,410236,1
907518,410266,2
907307,410664,1
907435,410840,1
907098,410858,3
907442,411043,1
907452,411449,1
907457,411624,2
907462,41182,1
904750,411962,1
907347,412067,1
907471,412365,1
907474,412433,1
903612,412490,2
902967,412507,1
907478,41258,1
907588,412699,1
907688,413151,1
949775,413314,1
903602,413355,2
907843,413364,1
907711,413486,1
907963,413694,1
907847,413803,2
906759,413859,1
904171,413934,1
907852,413944,2
907978,414296,1
908127,414301,1
902491,414319,1
907867,414409,1
907736,414534,2
907873,414656,2
908137,414666,1
950098,414671,1
899694,414680,2
907886,415058,1
907888,415142,1
948657,415211,1
907754,415225,1
900547,415263,1
907896,415582,3
908162,415662,1
908018,416045,1
907904,416120,1
907772,416164,1
908025,416244,1
908175,416257,1
907780,416648,1
900571,416678,1
908190,416790,1
903844,416840,1
908051,417123,1
908206,417184,2
908208,417246,1
907800,417265,2
908055,417283,1
949767,417384,1
896060,417395,1
908057,417403,1
908618,417747,1
907817,417792,1
908070,417885,1
908373,418180,1
908630,418275,2
908080,418352,2
908382,418369,2
908384,418450,1
908636,418480,1
908497,418650,1
908240,418682,1
908243,418723,1
908504,418788,1
951235,418831,1
908651,418926,1
908255,419034,1
908658,419209,1
908265,419281,1
908418,419345,1
908528,419399,1
908273,41963,2
908535,419717,2
901631,419995,1
908678,420114,1
908681,420168,1
948666,420313,1
908291,420385,1
908443,420478,1
900929,420479,1
908688,420480,1
908448,420584,1
908694,420608,1
953731,420732,1
908561,420754,1
908459,420931,2
949179,420986,1
908321,421096,1
948668,42121,1
908466,421216,1
908576,421356,2
952174,421555,1
956926,421661,1
908338,421938,1
959808,421959,1
959883,422057,1
949163,422223,1
908595,422267,1
909111,42231,1
909116,422437,2
908739,422464,1
908741,422571,1
908866,422574,1
908868,422579,1
901072,422594,1
908747,422691,1
908614,422762,1
908751,422815,1
909131,422833,1
850619,422855,2
909132,422866,2
908755,422981,2
909140,423054,1
908887,423281,1
908892,423490,2
908893,423505,1
908895,423532,1
909152,423594,1
908780,423662,2
908900,423858,1
908786,423948,1
956694,423993,1
908907,424039,1
951627,424081,1
908910,424090,1
909017,424267,1
908797,424280,2
909171,42443,1
908799,424450,2
909177,424841,1
909030,424907,2
909033,424959,1
909061,425778,1
909207,426080,1
909071,426136,1
908837,426413,2
909079,426514,1
909357,426712,1
948660,426791,1
909361,426812,1
909634,427081,1
906168,427155,2
909641,427294,1
896072,427308,1
909242,427330,1
905414,427332,1
909108,427366,1
850328,427368,1
909488,427470,1
909648,427482,1
909248,427500,1
897996,427548,1
909499,427663,1
909391,427739,2
909506,427761,1
909265,42810,1
909667,428220,1
905237,428276,4
909521,428337,1
909524,428379,2
909526,428399,1
909277,428465,1
920316,428595,1
948671,428783,1
909288,428883,1
909297,429156,4
909437,429169,1
909300,429192,4
909704,429393,1
909705,429453,1
909445,42946,1
909449,429623,1
906750,429653,1
909562,429870,1
952286,429963,1
909566,429986,1
908056,430,1
904903,430071,1
909328,430292,1
958718,430298,1
909469,430385,1
909336,430529,1
946761,430544,1
909478,430581,1
898916,430716,1
909345,430747,1
901170,430810,2
909599,430951,1
947614,431127,1
909356,431151,1
909879,431398,1
909611,431416,1
895230,431585,1
909769,431602,1
910131,431610,2
900957,431902,1
909994,432015,1
910151,43236,1
909899,432377,1
910004,432438,1
909901,432458,1
909903,432620,2
896564,432743,1
905111,432753,2
902329,432889,2
910018,432905,1
910176,433232,2
909811,43328,1
910178,433327,1
910035,433545,1
910184,433591,3
909818,433607,1
910186,433622,1
909450,433690,1
895454,433743,2
906406,433750,1
909823,433774,1
910044,433790,1
909935,434031,3
909940,434097,1
952777,434109,1
910205,434122,1
909941,434138,2
900751,434147,1
909844,434158,1
909847,43426,1
909849,434287,2
907916,434355,1
910071,434361,1
910074,434407,1
909857,434415,1
909862,434596,2
910234,434651,1
910236,434662,1
959912,434692,1
946629,434724,1
910246,434924,1
909876,435049,1
910096,435065,1
910394,435159,2
910397,435185,1
910102,435207,1
902898,43521,2
910402,435238,1
910644,435292,1
910646,435371,1
910110,435405,1
910414,435465,1
910114,435482,1
910534,435622,1
910655,435639,1
910659,435727,1
910436,435862,1
910439,435907,2
910447,436039,1
910553,436107,1
910306,436116,1
910456,43626,1
910462,436362,1
910694,436470,2
910325,436477,1
910473,436529,1
910475,436572,1
901707,436764,1
910339,436775,1
910704,436828,1
910707,436882,1
910354,436989,1
910712,437023,1
950825,437163,1
946685,437281,1
898772,437319,2
910614,437419,1
910725,437443,1
910526,437476,2
896165,437597,2
910379,437609,1
910386,437729,3
910958,437859,1
910837,437905,1
910846,438181,2
910966,438188,1
910860,438393,1
910753,438413,1
895235,438555,1
910760,438709,2
910761,438729,1
900205,43879,1
910763,438832,1
910764,438884,1
910882,438934,1
910998,438957,1
910768,439001,2
911001,439030,2
910772,439086,1
910888,439092,1
911007,439129,1
911106,439295,1
911014,439315,1
911019,439544,2
910913,439668,1
911022,43968,1
911025,439765,1
911026,43979,1
905460,439815,1
911133,439987,1
948688,440047,1
905951,44009,2
910802,440098,1
910932,440123,1
911141,440229,1
905488,440257,1
911143,440272,1
906129,440463,2
906726,440488,1
897581,440498,1
898343,440500,1
910818,440554,3
948692,440583,1
911053,440621,1
903013,440833,1
911161,440948,1
911514,441035,1
911295,441115,2
911166,441178,1
911168,441236,1
911179,441280,2
911397,441400,1
911181,441458,1
911304,441483,1
911306,44152,2
911309,441573,1
911314,441686,2
911317,441762,1
911197,441814,1
911412,441832,1
905949,441929,1
909208,441964,2
911326,441976,1
896079,442073,1
911203,442089,1
911335,442236,1
905933,442239,1
911209,442260,1
911424,442309,1
945553,442310,1
911337,442362,1
911425,442372,1
950322,442374,1
911216,442465,1
911342,44248,1
955453,442613,1
911436,442626,1
911350,442700,1
958613,442701,1
911351,442786,1
911237,443012,1
911239,443045,2
896178,443215,1
911587,443496,1
948695,443608,1
953614,443649,1
911381,443944,1
911257,443968,2
911383,443970,1
911594,443997,1
911597,444040,1
896406,444048,1
911385,444163,1
911483,444474,1
911275,444687,1
911724,445149,1
911730,445260,2
911732,445350,1
911953,445539,1
899140,445557,1
911842,445656,1
911632,445718,1
911636,446078,2
911756,446079,1
911637,446100,1
911764,446378,1
903131,446693,2
949715,446771,1
911647,446894,2
911648,446920,1
911857,446931,1
905087,447002,2
911655,447094,1
911992,447432,1
911790,447453,2
911869,447463,1
911664,447533,1
911792,447554,1
897402,447566,1
958704,447593,1
911666,447703,1
911881,447919,1
911805,447942,2
898513,448119,2
900994,448368,2
911687,448532,2
911823,448626,1
908063,448809,2
911901,44884,1
912027,449091,1
906088,449262,2
911705,449268,1
911710,44951,3
897038,449535,1
911923,449887,1
911925,449945,1
912147,450324,1
912220,450441,1
850964,45061,1
912064,45074,2
912231,450807,1
912331,450939,1
904159,450974,2
905057,451040,1
912332,451051,1
912067,451053,1
912166,451193,1
912237,451208,1
912075,451351,1
955369,451459,1
912245,451598,1
912246,451612,1
912081,451620,1
912084,451674,1
912184,451806,1
912351,451811,2
912092,452051,1
912190,452085,1
912096,452158,5
912102,452461,1
912368,452498,1
912104,452564,1
912200,452589,1
912381,453019,1
912392,453474,1
954174,45369,1
912291,453901,2
912401,453957,1
912297,454200,1
912299,454288,1
912300,454319,2
912494,454493,1
912669,454594,1
912417,454595,1
912418,454628,2
912419,454682,1
912498,454704,1
903217,454750,1
912676,454784,1
946701,455256,1
912685,455305,1
908486,455326,1
912100,45547,1
912436,455492,1
912517,455496,1
912584,455533,1
912520,455611,1
912440,455727,1
912699,455866,1
912527,455875,1
912529,455941,1
912599,456088,1
912533,456148,2
904278,456161,2
912604,456337,2
912545,456589,1
912464,456792,1
912616,456867,1
948678,456919,1
912720,456997,1
912621,457088,4
912555,457099,1
951800,45723,1
912560,457252,1
912562,45728,1
912732,457295,2
912565,457377,1
912633,45752,1
912735,457538,1
912737,457623,1
912740,457626,2
912636,457630,1
911296,45776,1
912746,457845,1
901930,457846,1
912748,457885,1
959138,457971,1
913003,458007,1
895461,458133,1
912752,458187,1
959059,458301,1
958609,458341,1
912648,458459,2
912757,458495,1
913014,458635,1
900589,458637,1
912921,45880,2
913016,458954,1
913017,459025,1
912925,459082,1
912765,459123,1
913032,459595,1
912774,459646,1
912861,460188,1
907112,46024,1
911002,460241,1
908880,460343,1
911060,460713,1
913047,460726,1
903639,460778,1
913050,460853,1
951907,461010,1
913054,461144,1
912877,461155,1
912792,461174,1
912797,461382,1
947429,461383,1
910770,461879,1
912900,462567,1
912906,462965,2
913072,463040,1
912813,463057,2
912912,463090,1
912979,463272,1
912981,463358,1
912915,463368,1
912818,463374,1
913078,463396,2
912917,463496,2
913169,463644,1
912985,463706,1
912989,463928,2
913092,464114,1
903916,464194,1
900075,464227,1
950054,464230,1
910813,464274,2
913099,464584,1
908556,464589,1
913100,464628,1
946555,464761,1
913347,464806,1
913104,464812,1
907353,464839,1
913348,464891,1
913188,464954,1
913349,465148,2
913114,465206,1
913269,465259,1
898947,46530,1
913117,465345,1
913195,465352,1
913120,4654,1
908902,465402,2
913121,465453,1
913108,465591,1
913203,465658,1
913274,465761,2
899681,466036,1
913211,466268,1
913284,466482,1
913131,466552,1
910446,466702,3
913133,466729,2
913288,466845,1
906853,466869,1
913291,46696,1
913137,466989,2
913376,467067,1
913293,467089,1
913382,467389,1
913300,467539,1
913147,467551,1
913237,467626,1
913242,467823,1
952998,467866,1
913245,467938,2
946526,467991,1
902103,468031,1
898656,468112,1
908759,468129,1
913397,468220,1
901502,468247,2
913250,468262,1
913316,468267,1
897923,468269,2
913251,468313,3
954955,468372,1
913319,468421,1
913254,468444,1
913412,468705,1
913497,468712,1
913594,469046,2
913502,469069,2
899239,469126,1
913504,46918,1
913422,469425,1
913329,469511,1
913425,469542,1
913511,469571,1
913689,469908,1
913519,469924,1
913434,469932,1
913520,469966,1
913694,470264,1
901979,470302,1
913696,470308,1
913621,470385,1
913446,470594,1
913629,470709,1
910889,470712,2
851079,470925,2
913452,470926,1
913640,471080,1
905220,471321,1
910983,471393,1
913650,471440,1
851331,471446,1
913464,471499,1
913551,471614,1
911524,471621,1
913554,471687,2
913730,471729,1
913658,471869,1
913558,471906,1
913735,471919,3
913473,471933,2
913661,471970,1
954516,472030,1
913571,472246,2
913743,472268,1
913671,472300,1
896722,472542,1
913492,472595,3
913583,472720,1
913866,472835,1
913762,472871,1
913780,472887,2
913869,472890,1
913783,472969,1
913766,472991,2
913874,473045,2
913787,473207,1
911008,473387,1
914050,473394,1
913882,473399,1
914058,473641,2
945394,473706,1
913953,473735,1
899521,473738,1
914060,473752,1
913893,473822,1
914064,473940,1
913805,473943,1
913900,474160,1
913811,474208,1
913902,474277,2
913906,474382,2
910550,474510,1
911023,474565,1
913908,474626,1
911027,474697,1
913977,47470,2
913911,47474,1
911029,474880,1
914091,474992,2
914093,475032,1
913832,475039,1
913918,47504,1
913987,475087,1
913989,475106,1
956794,475152,1
913837,475158,1
913839,475171,1
913995,475233,1
913997,475300,2
913934,475373,1
950721,475392,1
913846,475431,1
914005,475499,4
914110,475534,2
946584,475623,1
914121,475811,1
913945,475824,1
914122,475834,1
913858,47591,1
899798,476091,1
959104,476245,1
911068,476493,1
914030,476511,1
914225,476720,1
902916,476779,1
947226,476811,1
914378,476813,1
914231,476978,2
914381,477002,1
909384,477065,1
914150,477149,1
914296,477195,1
914388,477233,1
914155,477295,1
914156,477313,2
914157,477370,1
914241,477371,1
914245,477542,2
914307,477600,1
914248,477634,1
914163,477659,2
914400,477724,1
914252,477726,1
914253,477803,1
914404,477887,1
914171,477893,1
898108,477940,1
914318,478064,1
914260,478148,1
914261,478189,1
914322,478281,1
901589,478285,1
914323,478329,2
914325,478342,1
914269,478382,1
910914,478387,1
914326,478416,1
897381,478501,1
914185,47856,1
914187,478599,2
914330,478643,2
914275,478731,1
914190,478767,1
905224,478775,1
914280,479036,1
896285,479049,1
914424,479320,1
914284,479343,1
914198,479406,1
914199,479466,1
914428,479510,1
914201,47952,2
899519,479682,2
914429,479688,1
914289,479740,1
911076,479859,1
914209,479940,1
914502,479997,1
914505,480228,1
956821,480313,1
914673,480370,2
914508,480415,1
914357,480417,1
896068,480478,1
914359,480490,1
914676,480493,1
914677,480557,1
911454,480585,1
910458,480687,1
902096,480723,2
914443,481043,1
914444,481106,1
899240,481290,1
949580,481341,2
910839,481345,1
914522,481414,1
914687,481473,1
914524,481487,2
914588,481580,1
914688,481594,1
914450,481687,2
914593,481880,1
958496,482004,1
914453,48204,1
914529,482056,1
948699,482184,1
914535,482341,1
914699,482677,1
914606,483123,1
914609,483224,1
900764,483238,1
914469,483417,2
914617,483579,1
914473,483694,1
902792,483716,1
914709,48375,1
914474,483750,1
914710,483793,2
914711,484036,1
914712,484147,3
914555,484170,2
911746,484295,1
914715,4843,3
914716,484379,1
914558,484384,1
914559,484485,1
914628,484497,1
906769,484660,1
914725,484700,1
914568,484738,1
914727,484749,1
914485,484757,1
914571,484845,1
914488,485011,1
897640,485064,1
914643,485148,1
914491,485153,2
914735,485247,1
914495,485364,1
903718,485663,1
904055,485666,1
914653,485818,1
914823,485997,1
914753,4861,1
914986,486136,1
914479,486319,1
914666,486336,1
914990,48635,1
949735,486422,1
914835,486520,1
914759,486522,1
914760,486589,1
912791,486671,1
955150,486839,1
914906,486858,1
914763,486890,1
914996,486912,1
851178,486934,1
914841,487037,1
911222,487309,2
914918,487313,2
914847,48743,1
914848,48748,1
915007,487598,1
914852,487680,1
914922,487685,1
914923,487731,1
914777,488008,2
909051,48801,2
914857,488160,2
954673,488373,1
914858,488434,1
914783,488518,1
914930,488523,1
915020,488687,1
914862,488793,1
912509,488808,1
914159,488821,1
915026,489231,1
914865,489283,1
914869,489420,2
914945,489505,1
915034,48957,1
914874,48959,1
914949,489594,1
914877,489640,1
915036,489675,1
955414,489677,1
914879,489693,1
915037,489714,1
911535,489828,1
915040,489895,1
914954,489949,1
915045,490014,1
914809,490067,2
946002,490209,1
914813,490242,2
914962,490303,1
915054,490657,1
914968,49076,1
915068,491024,1
914972,491127,1
914974,491187,3
908657,49127,1
915072,491302,1
949411,491311,1
911363,491376,1
915312,491410,1
915077,491419,1
897782,491422,1
915088,491893,1
915249,49211,1
902112,492274,1
915159,492336,1
915162,492514,1
915333,492525,1
915164,492586,1
948718,492712,1
915166,492718,1
903634,492911,1
915345,49312,1
915176,493244,1
915183,493600,1
915352,493614,2
909751,493644,1
915123,493718,1
915286,493979,1
914511,494073,1
952967,494271,1
915288,494295,1
915368,494334,2
900914,494365,2
915137,494445,1
915198,4945,1
953315,494566,1
898632,494674,1
915458,49472,1
915202,494727,1
915203,494804,2
915205,494863,1
915464,494953,1
915377,495065,2
915611,495436,1
915474,495616,1
915388,495659,1
915390,495711,1
915392,495813,3
915478,495835,1
851481,495859,1
915395,49595,1
915396,496020,1
915534,496047,1
915617,49607,1
915619,496180,1
915400,496191,1
915537,496223,1
914011,496315,1
907463,496378,1
947713,496464,1
902678,496519,2
915406,496561,1
915407,49659,1
915543,496631,1
915627,496682,2
915410,496734,2
915545,496740,1
909301,496803,1
915492,496900,1
915494,497094,1
910107,497131,1
915639,497188,1
911441,497274,1
915420,497275,1
948727,497378,1
915557,49747,1
909036,49766,1
915651,497707,1
915427,497734,1
915507,497807,1
915431,497846,1
915432,497891,1
915564,497903,1
915566,497929,1
959584,498101,1
902088,498214,1
915515,498337,1
906359,49836,1
850869,498547,1
915441,49855,1
915664,49873,1
915443,498766,1
915575,498774,1
915665,498799,1
915446,49885,2
915576,498874,1
904602,498959,2
958495,499041,1
915450,49907,1
915671,499149,1
915525,499277,1
897693,499401,1
901715,499407,2
915673,499418,1
915583,499442,1
915526,49948,1
915676,499504,2
915677,499546,2
948730,499609,1
915590,499702,1
915684,499811,1
915598,49993,1
915767,500022,1
915847,500053,1
915769,500125,1
954382,500144,1
915771,500199,1
915854,500267,1
915856,500386,1
905532,500407,1
948732,500484,1
903008,500689,1
914585,500691,1
915777,500706,1
915933,50082,2
915861,500914,1
949145,500925,1
915862,50099,1
897458,50102,1
959178,501291,1
915716,50145,1
915718,501590,1
898027,50161,2
905275,501635,2
915949,501661,1
948737,501775,1
915795,501780,2
915723,501827,1
947767,501860,1
915955,501967,1
915801,502246,2
915959,502258,1
915730,502386,2
915805,502435,2
915889,502457,1
915810,502655,1
915900,502885,2
915816,50303,1
915742,503038,1
953239,503544,1
915825,503581,2
901338,503619,2
915750,50373,2
915980,503737,2
903944,503818,1
946266,503830,1
915591,503855,1
915914,503860,1
915753,503873,1
915992,504360,1
915994,504394,1
916239,504399,1
915999,50450,1
916001,504575,1
903150,504681,1
950088,504803,1
914311,504835,1
916023,504906,1
916025,504975,2
916247,505026,1
905576,50506,1
916248,505115,1
901232,505148,1
916253,50531,1
916168,505430,1
916169,50555,1
900556,505558,1
916105,505671,3
916037,505833,1
901453,50593,1
916112,506087,1
916041,506117,1
959393,506127,1
916267,506229,1
948739,506636,3
903736,50664,1
916189,506657,1
947543,506680,1
916123,506756,1
916283,507047,1
916203,507169,1
851180,507180,1
916287,507229,1
916288,507246,1
901260,507317,1
916069,507532,1
916296,507748,1
916213,507878,1
916304,508032,1
916074,508044,2
901825,50817,1
958723,508179,1
903488,508216,1
916219,508285,1
916220,508362,1
916310,508418,1
916311,508484,1
902397,508509,1
916154,508604,1
916223,508658,1
916319,508730,1
916225,508743,2
916159,50895,1
916324,509051,1
915852,509077,1
916585,509106,2
916329,509233,2
916228,509246,1
916587,509266,1
916331,509288,1
900134,509326,1
916412,50937,1
952692,509401,1
916523,509553,1
903630,509601,1
895559,50975,3
916493,509974,1
958657,510026,1
916598,510046,1
916500,510267,2
916502,510450,1
954884,510630,1
916353,510819,1
916438,510887,1
916610,510954,1
916509,510986,1
916361,511389,1
916445,511544,1
850711,511616,1
916367,511767,2
916519,51177,1
916617,511815,1
916522,511941,2
958388,511967,1
916371,51209,1
916526,512164,1
899562,512165,1
916455,512558,2
959740,512560,1
916456,512626,2
916633,512756,1
916538,512819,1
916540,512931,1
916466,513343,1
916643,513422,1
916548,513451,1
916644,513481,1
916394,513673,1
900918,513717,1
916396,513741,1
916471,513827,1
916554,513902,1
916399,513920,1
916658,51415,3
916660,514263,1
916661,51439,1
916405,514409,1
916662,514542,1
916572,51487,1
916755,515125,2
916920,515195,1
916760,515330,1
916922,515415,1
916763,5155,1
916684,516354,1
916686,516691,1
916778,516840,1
948701,516914,1
916944,516999,2
916781,517006,2
916783,51703,1
916858,517068,1
916700,517103,1
916789,517155,1
916864,517316,1
851483,517372,1
900014,517415,1
916796,517416,1
916707,517432,1
916868,517447,1
898053,517661,5
916801,517664,1
916874,517667,1
916710,517672,1
953275,517693,1
911255,517713,1
916715,517945,1
916878,517984,3
916716,518126,1
916811,518140,1
916881,518183,1
916891,518936,1
916989,518944,1
916830,518964,3
912622,519097,3
916994,519186,1
916838,519227,1
916997,519307,1
916743,519325,1
917168,519700,1
850835,519709,1
917006,519779,1
916909,519786,2
951882,519848,1
917015,520081,1
903663,520179,3
917246,520240,1
895257,520253,1
917183,520272,2
903613,520282,1
917185,520303,1
917022,520318,1
917093,520378,1
917255,520483,1
917096,520487,1
917257,520614,1
948706,520770,1
917038,520884,1
917201,520887,1
908787,520926,1
917205,521144,2
897453,521165,1
903710,521234,1
917046,521298,3
917273,521334,1
917118,521358,1
917122,521663,1
917214,521701,1
917124,521796,1
912851,521826,1
917286,521985,3
946837,522024,1
909822,52206,1
917057,522080,1
917223,522081,1
917289,522083,1
917131,522087,1
887089,1864520,1
887006,1864642,1
887236,186475,1
887092,1864960,1
887238,1865058,1
887094,1865098,1
887150,186510,1
887239,186514,1
887095,1865224,1
887096,1865328,1
887097,1865402,1
887155,1865531,1
887015,186565,1
887100,1865661,1
887246,186584,1
887103,1865971,1
887248,186603,2
887021,1866180,1
887106,1866197,1
887251,1866229,1
948356,1866350,1
887023,1866357,1
887253,1866476,1
887255,18666,4
887113,1866906,1
945573,1866923,1
887258,1866935,1
948358,1867113,1
887260,1867149,1
948360,1867183,1
887172,1867241,1
887261,1867269,1
887117,1867385,1
887033,1867413,1
887035,1867684,1
887120,1867685,1
887268,186793,1
887124,1867984,1
887040,186802,1
887128,1868602,1
887129,1868675,1
887186,1868797,1
887134,1869081,1
887136,1869174,1
887052,1869215,1
887282,1869255,1
951166,1869268,1
887196,186949,2
958757,1869819,1
946687,1870322,1
887064,1870443,1
887205,1870529,1
887065,1870711,1
953586,1870850,1
887301,1870873,1
887297,1870906,1
887302,187092,1
887303,187105,1
887304,1871130,1
887212,1871262,1
954349,1871335,1
887213,1871404,1
887308,187154,1
887309,1871644,1
887396,1871779,1
951987,1871807,1
948281,1872063,1
887220,1872089,1
887314,1872122,1
949465,1872294,1
887456,1872306,1
887546,1872341,1
887402,1872418,1
887318,1872592,1
887404,1872652,1
887319,1872713,1
887460,1872747,1
887461,1872852,1
887551,1872882,1
949204,1873229,1
947190,1873268,1
887465,1873310,1
887466,1873360,1
887326,1873409,1
887412,1873489,1
887413,1873511,1
887468,1873523,2
951499,1873634,1
887415,187376,1
887560,187385,1
887416,1873865,1
887561,1873893,1
951371,1873973,1
887562,18740,1
955282,1874050,1
887333,1874074,1
887474,1874108,1
887565,1874215,1
954573,1874415,1
887338,1874520,1
887339,1874693,1
887481,1874888,1
887482,1874971,1
954434,1875082,1
887432,1875610,1
887578,1875690,1
952288,1875743,1
887579,1875756,1
887350,1875997,1
887582,1876198,1
887352,1876223,1
887353,1876329,1
887495,1876514,1
887586,1876613,1
887587,1876745,1
887590,1877000,1
887592,18772,1
952847,1877282,1
887448,1877360,1
887596,1877783,1
887599,187816,1
954029,1878203,1
887600,1878220,1
887601,1878283,1
887372,1878296,1
954524,1878307,1
887691,1878347,1
948286,1878374,1
947079,1878465,1
887516,187859,1
887696,1878707,1
948295,1878804,1
956917,1878808,1
959140,1878819,1
887845,1879174,1
887702,18792,1
887525,187933,1
887704,1879444,1
887527,1879542,1
887622,187986,1
957022,1879940,1
953262,1879949,1
887710,1880016,1
946652,1880078,1
887533,1880110,1
887855,1880115,1
945557,1880209,1
887856,1880212,1
948300,1880233,1
887857,1880256,1
887714,1880327,1
959426,1880455,1
887860,1880523,1
887631,1880527,1
949520,1880614,1
887720,1880857,1
950387,1881182,1
887779,1881291,1
887868,188132,2
887640,1881368,1
887782,1881508,1
887871,1881521,1
948343,1881549,1
945760,1881568,1
887730,1881723,1
887874,1881784,1
887731,188182,2
887734,1882279,1
887789,1882307,1
887879,1882422,1
887736,1882483,1
949093,1882486,1
887791,1882493,1
945852,1882568,1
887651,1882571,1
954554,1882575,1
917064,522316,1
917068,522428,1
917143,522540,2
917307,522664,2
949298,522677,1
946632,522849,1
946074,522886,1
911107,522898,1
917150,522930,1
917076,522938,1
917153,523007,1
945709,523052,1
917420,523102,1
945484,523106,1
949344,523140,1
917338,523194,1
906615,523238,1
917339,523253,1
917159,523302,1
917344,523349,1
850829,523388,2
917494,523407,1
917347,523505,2
917497,523564,1
917350,523604,1
905331,523631,1
917502,523869,1
917505,523944,1
945712,524058,3
850827,524230,2
906697,524239,1
917511,524338,1
946928,524378,1
917444,524403,1
917579,52459,2
917514,524629,1
917582,524635,1
917583,524664,2
917377,524732,1
917378,52477,1
917522,524809,1
917590,524840,1
907160,524858,1
917594,524929,1
917459,524951,1
954170,524969,1
917595,52497,3
909790,525265,1
917394,525330,1
917465,525340,2
917466,525351,1
917534,525367,2
917535,525390,1
917536,525467,1
917537,525523,1
948710,525575,1
949460,525729,1
917541,525760,1
917405,52581,1
917477,525843,1
917618,525853,2
917543,52591,1
947420,525938,1
917544,52594,1
895358,525960,1
917549,526079,1
917484,526157,2
917413,526204,1
917623,526291,3
917488,526355,1
917417,526396,1
917558,526470,1
907459,526597,1
917561,526638,1
946026,526720,1
903819,526738,2
906024,526829,1
917632,526879,1
917719,526892,1
956640,527007,1
955373,527009,1
917636,527134,1
917721,527141,1
917650,527149,2
850985,527209,1
917845,527211,1
917791,527298,1
917654,527333,1
917656,527360,1
917726,52746,1
908746,527656,1
917664,527690,2
917731,527763,2
917799,527795,2
917852,52786,1
917732,527863,1
917669,527919,1
917671,528049,1
917735,528108,1
917857,528254,1
954032,528309,1
954023,528326,1
903841,528388,1
917679,528681,1
917741,528929,1
917867,528961,1
917682,528966,1
917744,529056,1
917686,529161,1
952125,529190,1
913742,529199,1
952494,529216,1
917816,529225,2
902587,529680,2
917692,529759,1
917750,529822,1
917693,529823,1
917821,529933,1
917752,529973,1
917893,530541,1
917759,530565,1
917706,530827,1
917837,530912,1
905691,530982,1
914371,531269,1
908634,531516,2
917915,531666,2
947784,531777,2
914356,531957,2
897619,532178,1
918059,532185,1
900213,532303,1
918132,532459,1
917926,532540,1
918135,532587,1
918136,532634,1
918069,532703,2
895564,532878,1
918142,532974,1
918152,533591,1
913031,533837,2
953606,534204,2
946394,534228,1
913478,534231,1
899108,534238,2
918090,534539,1
904732,534706,1
918093,534738,1
918031,534899,1
918099,534921,1
918101,535023,1
917968,535135,1
918180,535166,1
946493,535229,1
947181,535409,1
918187,535523,1
917978,535536,2
904231,535930,2
917990,536004,1
902536,536097,1
918196,536137,1
918122,53616,1
907786,536401,1
902247,536471,1
851363,536507,1
906506,536813,1
918212,536820,1
918343,536853,1
918577,536975,1
918236,53700,1
947678,537013,2
896566,537134,1
918353,537155,1
918358,537328,1
918463,537411,2
895373,537522,1
918252,537534,1
918464,537558,1
918257,537713,1
918372,537765,1
918261,537801,1
951839,537816,1
918472,53782,2
918605,537831,1
918606,537907,1
906008,537913,1
918273,538030,1
918624,538273,2
918488,538285,2
918489,538337,2
905296,538513,1
912189,538529,1
903549,538532,1
918402,538588,1
918633,538616,1
901076,538733,1
918407,538831,1
953816,539031,1
918502,539094,1
895374,539156,1
900995,539191,2
918421,539224,2
918641,539269,1
918645,539457,1
918436,539886,1
918314,539950,1
953406,540196,1
918446,540271,2
918546,540362,1
918317,540404,1
918531,540464,1
918319,540518,1
918662,540548,1
899162,540657,1
918666,540698,2
918456,540765,1
896103,540941,1
918795,540961,1
918544,540964,1
918675,541192,1
918801,541200,2
918553,541309,3
913371,541321,1
915466,541494,1
918692,541563,1
918694,541628,1
949151,541895,1
918703,541902,1
899827,541922,1
918705,541956,1
918708,542095,1
918709,542212,1
918900,542237,3
919033,542242,1
918901,54231,1
918717,542377,1
919041,542546,1
945598,542741,2
918835,542763,1
908524,54315,1
919055,543193,1
919057,543285,1
908815,543393,2
918929,543554,1
917624,543567,3
908432,543641,2
918853,543962,1
918940,544152,1
919077,544208,1
919081,544283,1
919084,54437,1
895376,544400,1
919086,544415,1
918772,544427,1
898681,544451,2
895574,544517,1
905204,54455,1
946599,544629,1
918874,544664,1
919096,544844,1
919097,544882,2
898584,544959,1
918888,545231,1
918791,545362,1
918891,545378,2
918793,545415,1
906864,545463,1
919299,545627,1
919145,545746,2
918996,545775,1
919149,545809,1
919156,545938,1
906487,545940,1
904681,546007,1
919159,546025,1
919313,546055,1
900499,546062,1
919008,546107,1
919537,546157,1
919409,546259,1
909127,546451,2
919416,546553,1
948715,546566,1
919418,546618,1
919422,546811,1
902047,546980,1
897037,547058,1
919341,547235,1
902984,547296,1
917361,547502,2
911186,547526,2
919225,547606,1
919569,547917,1
919351,547977,1
959254,548028,1
919353,54813,1
919579,548521,1
919363,548750,1
919462,548785,1
919365,548812,1
919366,548926,1
919587,549017,1
919367,54903,1
918331,549158,1
919593,549481,2
904515,549583,3
911629,54966,1
919483,549841,1
919602,550025,1
919486,550058,1
914394,550101,1
919389,550179,1
919608,550257,1
946590,550353,1
919610,550411,2
897234,550517,1
951063,550615,1
912338,550688,1
950297,550770,1
919400,550837,1
952577,550838,1
919497,550892,1
919622,551018,3
956591,551086,1
919624,551155,2
919741,551178,1
919744,551290,1
950805,551338,1
919510,551502,1
919512,551564,1
919754,551798,1
919637,551909,1
919518,551926,1
948733,552245,1
919966,552312,1
919967,552404,1
919766,552433,2
919857,552577,1
919974,552591,1
919978,552732,1
947523,55289,1
895378,553219,2
919997,553451,1
919670,553650,1
919671,553688,1
917833,55375,2
919673,553801,1
919791,553873,1
919676,553924,1
919800,55407,1
909553,55412,1
919683,554124,1
919687,554154,1
900430,554165,2
919691,554404,1
900592,554536,2
913597,554673,1
919900,554679,1
920037,554875,1
919905,554989,1
919819,555033,1
920040,555080,1
920042,555317,1
919708,555381,1
920047,555428,1
902988,555473,1
920048,555563,1
915953,5556,1
920050,55568,1
947283,555858,1
919921,555888,1
911410,555934,1
911799,555992,2
920062,556201,1
919931,556468,2
920067,556481,1
919729,556589,1
920072,556726,1
919733,556827,1
903266,557235,1
919947,557459,2
920085,557651,2
887737,1882576,1
887793,1882695,1
947014,1882723,2
951363,1882724,1
952845,1882796,1
948349,1882823,1
887795,1882875,1
887885,1882923,1
887743,1882984,1
887744,1883113,1
887659,1883185,1
887800,188325,1
887889,1883294,1
887660,1883298,1
887801,1883346,1
946112,1883593,1
887892,1883613,1
953049,1883763,1
887665,1883869,1
887751,188387,1
950703,1883905,1
887754,1884111,1
887755,1884271,1
946127,1884351,1
887900,1884409,1
887674,1884735,1
950618,1884869,1
887676,188492,1
887762,188496,1
887906,1884971,1
887677,1884979,1
887763,1885072,1
887907,1885117,1
955498,1885142,1
948479,1885161,1
887820,1885512,1
887821,18857,1
887910,1885733,1
946860,1885738,1
945922,1885781,1
946730,1885793,1
887923,1885928,1
947255,1885937,1
945698,1886086,1
887684,1886107,1
947586,1886138,1
887925,1886184,1
951635,1886222,1
954688,1886282,1
887826,1886442,1
948485,1886569,1
947621,1886940,1
947637,1886990,1
948493,1887037,1
946634,1887073,1
948495,1887144,1
947710,1887147,1
959089,1887156,1
888074,1887191,1
946367,1887219,1
949600,1887248,1
945339,1887309,1
949171,1887315,1
948497,1887360,1
950530,1887394,1
948504,1887755,1
950464,1887795,1
946005,1887830,2
946819,1888072,1
948508,1888079,1
946603,1888265,1
948511,1888295,1
946503,1888309,1
950489,1888641,1
946125,1888764,1
947324,1888771,1
948513,1888804,1
952951,1888826,1
945461,1888848,1
951132,1888969,1
887998,188919,1
954890,1889238,1
952917,1889280,1
946332,1889332,1
946160,1889404,1
948527,1889582,1
948528,1889717,1
946908,1889736,1
947801,1889747,1
945819,1889755,1
946153,1889841,1
952663,1889866,1
946803,1889957,1
887835,18901,1
948533,1890183,1
949089,1890240,1
949389,1890249,1
948536,1890328,1
948537,1890373,1
945776,1890426,1
948540,1890600,1
946143,1890601,1
887936,189067,1
947803,1890748,1
946134,1890814,1
948543,1890837,1
948549,1891111,1
887837,189112,1
948550,1891145,1
950708,1891203,1
952348,1891206,1
948553,1891225,1
946277,1891340,1
946249,1891448,1
948558,1891497,1
946211,1891559,1
952360,1891570,1
946043,1891624,1
949597,1891776,1
946040,1891909,1
948568,1891997,1
952983,1892066,1
948569,1892067,1
948570,1892096,1
950207,1892172,1
950103,1892211,1
947101,1892229,1
948575,1892287,1
946250,1892369,1
954396,1892393,1
946263,1892557,1
959146,1892977,1
951720,1892982,1
948324,1893060,1
949286,1893100,1
948326,1893159,1
946478,1893257,1
954599,1893338,1
950450,1893443,1
946490,1893444,1
948329,1893487,1
953209,1893490,1
953092,1893498,1
950350,1893608,1
947495,1893636,1
950326,1893649,1
954341,1893824,1
947335,1893840,1
953386,1893896,1
948339,1893932,1
946889,1893994,1
946880,1894060,1
952862,1894111,1
948367,1894197,1
954925,1894281,1
948372,1894388,1
952979,1894529,1
948376,1894603,1
952755,1894626,1
947446,1894774,1
953659,1894812,1
958583,1894815,1
947736,1894850,1
948383,1894874,1
949327,1895062,1
957021,1895504,1
948394,1895540,1
948395,1895557,1
954986,1895738,1
947703,1895803,1
953490,1895961,1
953484,1896022,1
953290,1896208,1
947839,1896212,1
952990,1896234,1
920222,557964,1
920229,558384,1
916447,558426,1
897803,558715,1
919568,558730,1
920232,55875,1
920586,558781,1
898524,558896,1
920235,5591,1
920384,559313,1
920118,559556,1
920239,559717,1
951511,559757,1
920119,559792,1
920412,560522,2
920255,56067,1
920627,560694,1
913417,560825,1
920266,56097,1
920140,561201,1
920433,561212,2
920142,561268,2
918561,56155,1
920148,561578,1
920289,561580,2
920447,561659,1
920449,561712,1
920673,561823,1
920458,562066,1
920680,562071,1
920306,562091,1
920461,562095,1
920159,562116,1
920686,562122,1
903349,562366,1
920167,562468,2
920172,562572,1
919799,562622,1
920708,562668,1
920330,562684,1
920487,562690,1
920488,562788,1
920350,563153,1
920194,563350,1
920510,563356,1
945549,563373,1
920738,563476,2
921299,563707,1
915657,563756,1
920941,563883,1
921317,564107,1
921319,564172,1
911905,564209,1
908107,564236,1
921136,564273,1
920765,564281,2
912356,564378,1
921143,564443,1
921339,564705,1
920982,564732,3
920788,564790,1
920984,564793,1
908711,564859,1
921163,565059,2
920998,565080,1
921354,56511,1
920393,565118,1
921007,565284,1
921171,565288,1
919314,565416,1
921016,565446,1
921023,565705,1
921186,565721,1
895275,565729,1
953793,565869,1
921041,565913,2
921384,566094,1
921205,566255,1
921393,566312,1
919617,56644,1
921399,566503,1
920877,56673,1
921080,566757,1
920881,566875,1
921085,566903,2
921086,566921,2
921230,566923,3
921089,566962,2
921236,567024,1
921238,567068,1
897941,567077,1
921102,567202,1
911136,567477,1
921424,567525,1
921427,567597,1
920917,56762,1
916035,567923,1
921282,567928,1
921606,567929,1
945958,567984,1
921447,568017,1
921284,568040,2
921452,568137,1
950938,568346,1
921466,568387,2
921619,568391,1
921800,568509,1
921629,568537,1
921937,568621,2
921805,56863,1
851336,568645,1
921476,568733,1
903802,568739,1
921948,568784,1
921816,568940,1
921649,569010,1
904888,569016,1
921498,569196,1
921503,569298,1
919106,569315,1
921506,569324,2
921971,569367,1
921679,569503,1
908719,569506,1
899531,569649,1
921522,569786,2
919163,569837,2
921693,569871,2
913313,570258,1
921996,570372,2
921536,570394,1
952502,570402,1
922000,570511,3
910979,570671,1
921709,570675,1
921867,570836,1
921547,570839,1
921870,570979,1
921872,571115,1
955378,571170,1
921558,571250,2
948746,571314,1
921882,571340,1
921729,571600,1
922028,571662,1
921730,571678,1
906909,571699,1
921733,571761,2
921893,571767,1
921736,571796,1
921904,572121,1
921583,572129,1
921756,572412,1
902991,572463,2
921915,572572,1
921917,572688,1
921768,572769,1
922385,572821,1
949181,572862,1
949636,572999,1
922255,5731,1
922391,573173,1
902555,573296,1
922394,573316,2
922263,573350,1
922402,573628,1
922403,573729,1
945664,573930,1
921046,573943,2
901326,574210,1
922542,574587,1
922543,574652,2
922545,574755,1
922551,574907,1
895485,575151,2
953861,575213,1
914355,575239,2
922561,575313,1
922147,575362,1
922311,575862,1
900022,576157,1
922579,576745,1
922591,577496,1
922334,577639,1
951474,577745,1
922601,578076,1
922489,578320,1
922346,57857,2
850768,578636,2
903427,578842,1
911283,578876,1
904808,579015,1
954961,1896238,1
948408,1896264,1
952207,1896339,1
950458,1896344,1
951252,1896390,1
953417,1896411,1
949592,1896554,1
952401,1896615,1
888087,189705,3
947573,1897147,1
947815,1897283,1
954760,1897423,1
953819,1897430,1
947627,1897455,1
948439,1897526,1
947498,1897642,1
950154,1897676,1
947786,1897702,1
954020,1897745,1
888010,189776,1
948444,1897786,1
888089,189787,2
948446,1898016,1
954228,1898131,1
947777,1898168,1
948450,1898199,1
954112,1898406,1
948456,1898522,1
954602,1898558,1
947660,1898639,1
887948,189881,1
952828,1899103,1
954308,1899295,1
949422,1899298,1
955268,1899301,1
888092,189933,1
954367,1899476,1
948469,1899596,1
948470,1899623,1
888013,189979,1
950216,1899810,1
887950,190005,1
949496,1900078,1
952371,1900087,1
954313,1900136,1
954992,1900189,1
954342,1900212,1
953821,1900219,1
954475,1900382,1
949194,1900384,1
951189,1900483,1
949770,1900490,1
952760,1900796,1
950415,1900832,1
949470,1900842,1
954622,1900863,1
952794,1901239,1
954115,1901249,1
953250,1901251,1
949771,1901258,1
950431,1901388,1
954200,1901392,1
949388,1901547,1
953983,1901627,1
952486,1901646,1
950811,1901868,1
953489,1901878,1
953182,1901915,1
953565,1901922,1
952791,1901956,1
954414,1902039,1
955025,1902138,1
949534,1902174,1
953745,1902177,1
951768,1902189,1
954286,1902263,1
954895,1902311,1
949438,1902337,1
959256,1902380,1
953255,1902383,1
952981,1902528,1
959394,1902535,1
954296,1902542,1
888159,190258,2
953450,1902707,1
953242,1902738,1
953148,1902826,1
953401,1902836,1
888098,190287,1
951863,1903030,1
954738,1903076,1
954979,1903210,1
954104,1903262,1
951452,1903333,1
888099,190357,1
950902,1903722,1
954452,1903755,1
953207,1903846,1
951589,1903914,1
952958,1903938,1
953016,1903987,1
951199,1904015,1
950202,1904063,1
955002,1904079,1
953640,1904145,1
954256,1904149,1
952268,1904153,1
953708,1904170,1
952378,1904181,1
952006,1904243,1
953159,1904303,1
950092,1904363,1
949871,1904373,1
954206,1904440,1
953306,1904445,1
952817,1904526,1
951836,1904530,1
949778,1904567,1
954898,1904569,1
953034,1904616,1
954894,1904655,1
953778,1904854,1
953161,1904962,1
951027,1905085,1
950795,1905139,1
953218,1905156,1
949772,1905202,1
952888,1905203,1
954787,1905204,1
953704,1905207,1
953096,1905209,1
954409,1905211,1
950466,1905242,1
950752,1905537,1
952834,1905558,1
954325,1905648,1
954775,1905734,1
888103,190579,1
954847,1905810,1
887960,190587,1
954108,1905928,1
888165,190593,2
952071,1906126,1
954988,1906178,1
950632,1906228,1
952957,1906241,1
953231,1906348,1
951440,1906409,1
952265,1906434,1
950536,1906676,1
954600,1906892,1
953756,1906962,1
950314,1906993,1
954822,1907064,1
953730,1907106,1
952456,1907120,1
953724,1907299,1
953579,1907328,1
952202,1907433,1
888167,190753,1
952478,1907638,1
953377,1907642,1
955052,1907667,1
951122,1907685,1
888106,19077,2
952512,1907706,1
954140,1907860,1
956840,1908044,1
953728,1908091,1
954959,1908329,1
953173,1908347,1
950572,1908352,1
954459,1908356,1
950551,1908386,1
953312,1908408,1
922355,579167,1
904533,579256,1
922622,579291,1
902332,579409,2
900992,579507,1
922364,579524,1
903599,579549,2
909597,579658,1
920702,579661,1
922634,580174,1
922235,580205,1
922635,580219,1
922239,580330,1
922639,580342,1
922524,580363,1
922242,580375,1
922975,580631,1
922793,580640,1
949329,580749,1
922801,580834,1
922805,581073,1
923109,581177,1
895487,581343,1
923119,581492,1
922683,581672,1
908081,581724,1
922685,581738,1
922687,581928,2
959002,582001,1
908092,582011,3
906104,582018,1
949885,582458,1
922950,582459,1
908238,582461,1
958549,582623,1
922838,582677,1
922700,582751,1
922701,582816,1
922841,582866,1
922848,583104,1
922971,583228,1
922855,583294,1
922913,583321,1
922976,583358,1
922981,583413,1
922720,583633,1
922723,583703,1
953533,583722,1
909273,583941,1
903800,584005,2
908296,584006,1
952321,584046,1
945864,584092,1
923164,584094,2
923003,584225,1
950437,584270,1
919165,584318,1
923175,584357,1
923008,584494,1
922742,584520,1
903815,584553,1
913595,584669,1
952251,584689,1
850680,584931,2
922753,585009,1
923199,585089,2
922900,585102,1
922903,585342,1
923208,585499,1
923038,585511,1
923215,585624,3
922768,585799,1
922911,58580,1
923054,585994,1
923373,586155,1
922779,586213,1
923377,586319,1
923237,586499,1
918762,586543,1
908650,586790,2
923245,586904,2
923388,586919,1
923250,586977,1
906984,587240,1
949378,587461,1
923402,587518,1
923521,587679,2
895584,587712,1
906936,587730,1
916775,587735,1
951781,58777,1
913916,587786,2
923275,587846,1
947809,587885,1
906933,587941,1
901480,58800,1
910407,588024,1
949083,588058,1
902234,588096,1
923699,588387,2
923537,588525,1
923705,588538,1
923539,588595,2
897396,588669,1
923715,588758,1
920403,588859,1
958431,588889,1
917340,588933,1
921684,588993,2
949961,589011,1
958491,589023,1
902001,589036,1
923445,589081,2
923306,589153,1
923558,589198,1
923727,589338,1
923311,589353,1
923455,589397,1
920626,589636,1
923470,589831,1
923580,589881,1
923583,589969,1
923588,590073,1
901098,590082,2
923338,590120,1
923486,590232,1
923494,590654,1
923602,590858,1
906859,591250,1
923369,591268,2
895390,591330,1
904984,591340,1
924220,591514,1
923791,591542,1
923945,591546,2
923636,591574,1
924223,591591,1
902908,591815,1
923800,591882,1
901476,592059,1
923963,592073,1
923810,592126,1
952069,592169,1
924241,592249,1
923966,592265,1
924071,592453,1
948757,592489,1
924075,592537,1
923829,592757,1
924269,592842,3
924084,592869,1
923833,592902,1
909264,592989,1
924281,593048,1
923993,593158,1
923996,593179,1
907743,593190,1
924292,593346,3
923854,593452,4
924004,593458,1
924102,593592,1
920053,593599,1
924008,593754,2
922797,594161,2
924327,594167,1
924328,594222,1
924342,594514,1
924038,594566,2
904472,594777,1
903141,594858,1
923900,594915,2
924150,594930,3
918403,594956,1
924364,594958,1
924366,595033,2
924159,595094,2
922140,595155,1
904633,595196,1
924166,59536,1
924378,59537,1
924055,595398,1
924171,595418,2
924056,595433,1
923922,595468,1
954173,595526,1
924393,595666,1
924184,595814,1
924561,595839,1
909487,595865,2
898020,595918,1
924757,596038,1
924760,59620,1
949539,596269,1
924764,59646,1
924210,596522,1
902719,596531,1
918241,596549,1
913362,596681,1
947579,596701,1
921664,596732,3
924883,596818,1
951830,596893,1
924610,596897,1
924434,596899,1
923305,596937,2
924436,596948,1
923778,596954,1
924612,596983,2
924896,597003,1
924623,597145,1
924624,597174,3
921671,597198,2
924795,597243,2
949633,597245,1
924627,597285,1
958941,597301,1
924796,597339,2
924910,597380,1
907172,597475,1
904876,597546,1
924636,597625,4
924922,597663,1
924812,597871,1
904897,598028,1
924822,598154,1
904523,598169,1
924829,5984,1
924966,598591,1
924678,598753,1
906531,598809,1
924504,598819,2
924374,598877,1
924841,598938,1
953553,598980,2
924843,599022,2
948774,599045,1
924981,599084,2
924695,599225,1
920639,599257,2
924700,599518,1
924701,599674,2
924858,599730,1
925003,599875,1
924710,600054,1
924864,600102,1
924536,600340,1
923411,60035,1
925018,600386,1
924720,600391,1
924870,600441,1
905946,6005,1
925430,600630,1
924550,600739,1
896231,600778,1
925032,600860,1
896919,600996,1
959850,601033,1
925077,601105,1
946537,601174,1
956749,601187,1
925082,601243,1
925085,601286,1
919158,601531,3
925284,601785,1
954611,601870,1
906873,601871,1
925107,601956,1
925294,602226,1
925112,60250,1
925488,602531,1
925610,602540,1
925613,602627,1
925117,60273,1
925120,602844,1
917242,602955,1
925632,603070,1
925323,603080,1
925507,603191,1
922515,603235,1
925327,603247,1
925342,603788,1
925649,603858,1
925659,604184,1
897068,604316,1
925531,604320,1
925170,604391,1
925669,604495,1
919882,604537,2
925193,604938,1
925683,60498,2
925688,605074,1
921241,605363,1
925404,60570,3
925568,605719,1
925238,60612,1
925243,6063,1
905520,606349,1
906545,606377,1
925249,606393,1
925919,606825,1
922845,606852,1
925735,60690,1
925924,60691,1
903328,606941,1
925745,607388,2
923886,607491,1
851439,607515,1
925939,607789,2
925783,607832,1
925787,607926,1
925954,608522,1
924326,608620,2
926260,608625,1
956822,608650,1
926266,608821,2
926268,608923,1
926148,608993,1
920591,609004,1
926153,609210,1
925983,609232,1
903936,609577,1
926283,609600,1
925564,60973,1
926166,609931,1
926168,609974,1
926175,610135,1
926177,610324,1
926180,610367,1
926011,610394,1
909166,610574,1
926019,610660,1
901705,611034,1
923640,611174,1
926034,611284,1
926198,611469,1
925870,611537,1
926338,611538,1
926204,611561,1
914562,611789,2
948758,611868,1
909246,61216,1
926056,612271,1
954755,612316,1
925906,612357,1
895595,612535,1
926924,612801,1
926933,613113,1
926383,613294,1
926406,613363,1
900188,613465,1
926386,613538,1
916249,613558,1
901419,613620,1
926390,613652,1
900017,613782,1
954928,613814,1
922482,613825,1
926734,613869,1
920526,614013,1
926603,614181,1
926428,614207,1
926432,614547,1
926761,614834,3
926616,614855,1
926443,614937,1
898171,615064,3
926448,615139,1
926996,615174,1
926781,615324,1
926637,615342,1
927010,61542,1
905910,615502,1
923920,615504,1
956787,615553,1
922839,615606,1
926472,615620,1
926795,615651,1
927026,615817,1
956765,615914,1
912125,616027,1
911096,616029,1
901488,616071,1
927046,616228,1
950677,1908501,1
954594,1908565,1
953603,1908600,1
953022,1908689,1
953204,1908754,1
953111,1908860,1
954623,1908866,1
953266,1908884,1
953205,1908905,1
887964,190893,1
953909,1909037,1
888029,190917,1
955017,1909320,1
954401,1909350,1
953681,1909398,1
954749,1909414,1
953933,1909450,1
954515,1909462,1
954685,1909613,1
951107,1909732,1
952881,1909859,1
954650,1909923,1
954856,1909961,1
953263,1910045,1
953737,1910136,1
952402,1910188,1
959614,1910412,1
954843,1910438,1
951809,1910448,1
952713,1910523,1
951978,1910524,1
950941,1910693,1
954004,1910703,1
951984,1910745,1
888173,191076,1
954984,1910837,1
888112,191092,1
954340,1910977,1
953707,1910982,1
959541,1911029,1
951510,1911105,1
954092,1911275,1
959353,1911389,1
958390,1911533,1
953181,1911570,1
955027,1911576,1
951131,1911581,1
954543,1911646,1
958551,1911785,1
954945,1911801,1
954212,1911906,1
953771,1912073,1
953759,1912092,1
952707,1912149,1
958614,1912198,1
954754,1912224,1
953993,1912292,1
956788,1912526,1
952134,1912752,1
952587,1912958,1
955265,1913082,1
951441,1913341,1
953769,1913355,1
951380,1913365,1
958867,1913452,1
951379,1913557,1
951430,1913590,1
951600,1913603,1
956693,1913615,1
953210,1913627,1
951385,1913719,1
951609,1913901,1
952920,1914155,1
951602,1914175,1
952118,1914248,1
888118,191431,1
952143,1914381,1
951577,1914511,1
954821,1914519,1
954485,1914535,1
954867,1914596,1
957270,1914662,1
954993,1914702,1
954128,1914721,1
955031,1914853,1
952027,1914902,1
955547,1914918,1
958482,1914942,1
953248,1915037,1
951885,1915043,1
955022,1915214,1
952446,1915218,1
954002,1915244,1
955029,1915285,1
958837,1915331,1
959757,1915366,1
954310,1915531,1
952187,1915578,1
952097,1915606,1
952851,1915677,1
953063,1915691,1
958957,1915739,1
953501,1915780,1
952537,1915954,1
953447,1916096,1
953525,1916254,1
954311,1916265,1
956780,1916307,1
958658,1916612,1
952838,1916646,1
953783,1916674,1
952593,1916696,1
959611,1916697,1
953823,1916699,1
952889,1916787,1
948491,191679,1
954830,1916940,1
954618,1917084,1
958681,1917157,1
887976,191731,2
954146,1917323,1
955116,1917424,1
888182,191743,1
954416,1917592,1
953024,1917659,2
952639,1917661,1
955307,1917691,1
954114,1917774,1
954715,1918076,1
956968,1918126,1
953706,1918176,1
959765,1918210,1
952872,1918254,1
959173,1918356,1
954670,1918365,1
958533,1918424,1
955074,1918603,1
958385,1918871,1
956655,1918914,1
959200,1919135,1
958955,1919227,1
956941,1919303,1
955129,1919340,1
955160,1919406,1
958570,1919566,1
959610,1919591,1
959684,1919628,1
959291,1919766,1
958728,1919910,1
958827,1920069,1
955140,1920077,1
888187,192020,1
959448,1920218,1
888126,192040,3
955513,1920407,1
955379,1920483,1
958521,1920485,1
958485,1920500,1
888047,192054,2
887983,192069,1
959428,1920703,1
959127,1920713,1
959646,1920720,1
956939,1920745,1
958456,1920809,1
888189,192084,1
959190,1920962,1
888128,192106,1
959463,1921109,1
955542,1921253,1
958737,1921270,1
959612,1921307,1
958853,1921360,1
955539,1921490,1
957015,1921607,1
926669,616266,1
926822,616293,2
905911,616328,2
926673,616390,3
952379,616408,1
926503,616414,1
926680,616505,1
905917,616549,2
926837,616563,1
927066,616669,1
907735,616886,1
926530,616982,1
926866,617037,1
926716,617079,1
927085,617109,1
920977,617117,1
926720,617122,1
921126,617353,2
927093,617384,1
926551,617556,1
927102,617639,1
906068,617743,1
895596,617782,1
927112,617786,1
902110,617944,1
895598,617997,1
908086,618116,1
955136,618142,1
927122,618153,1
919783,618160,1
953257,618186,1
926913,618220,2
954045,618340,1
921245,618692,1
923506,618771,1
927453,618818,1
896663,618858,1
927148,618925,1
895395,61902,1
927623,619149,2
927267,619167,1
914958,619353,1
905955,61945,2
918994,619454,1
922616,61947,1
927469,619502,1
919834,619569,1
927280,619608,1
927159,619705,1
927286,619741,1
927299,619964,1
954269,619981,1
927491,620004,1
907210,620714,1
908583,620942,2
927184,621129,1
908120,621157,1
923161,621162,1
959147,621178,1
927685,621459,1
927688,621523,1
925464,621568,1
927537,621581,1
927545,621672,1
921897,62178,1
927211,621886,1
927706,621938,1
923868,622001,1
926392,62206,1
927365,622080,1
927718,622198,1
927722,622226,1
927378,622289,1
959921,622301,1
927239,622340,2
927382,622349,1
945777,622503,1
921276,622526,1
927387,622545,1
923477,622716,1
909930,622728,1
947725,622780,1
928059,622859,2
928063,622936,1
927412,623165,1
927418,623197,1
896720,623246,1
896456,623401,2
927769,623410,1
927920,623447,1
928083,623580,1
928084,623624,3
920779,623655,1
950275,623713,1
917353,623844,1
919261,623967,1
908079,623969,1
927788,624111,1
924470,624174,1
910593,624207,1
928241,624234,1
927799,624323,1
946149,624379,1
927801,624424,1
952661,624453,1
927174,624466,1
927960,624478,1
927963,624631,1
926956,624661,1
952344,624704,1
927968,624799,1
928134,624806,1
900623,624843,1
918576,624870,1
951758,624872,1
927979,625097,1
927983,625229,1
908245,625271,1
905048,625290,1
958817,625373,1
927998,625535,1
925546,625604,2
928005,625635,2
899002,625696,1
898457,625743,1
956609,625746,1
928175,625760,1
918800,625903,2
926655,625933,1
958395,626043,1
922347,626127,1
928312,626208,1
900677,626353,1
928315,626422,1
917007,626447,1
927880,626450,1
948776,626541,2
905207,626665,1
896362,626861,1
928328,6269,1
947308,626955,1
928642,626984,1
948777,626995,1
927894,627023,1
918826,627035,1
922061,627583,2
912434,627602,1
924456,628074,1
918697,628103,1
928786,628116,1
923671,628212,1
896137,628306,1
921668,628311,2
928382,628493,1
899977,628657,1
953655,629293,1
928803,629564,2
928557,629652,1
928559,629704,1
904724,629819,2
922827,629907,2
928704,630128,1
928416,630165,2
928718,630823,1
912445,631071,1
951957,631099,1
928441,631283,1
951574,631314,1
928444,631488,1
923103,631893,2
928610,631988,1
901663,632022,2
897309,632081,1
947487,632223,1
928754,63226,1
919108,632391,1
928875,632421,1
928879,632559,1
907687,632616,1
928881,632640,1
928764,632713,1
903732,632814,1
928887,632833,1
904115,632873,2
928889,632929,1
907950,633124,1
928894,633218,1
923607,633308,1
929090,633326,1
920281,633488,1
902835,633550,1
958942,1921773,1
956934,1921819,1
956848,1921992,1
958859,1922136,1
959203,1922202,1
959728,1922205,1
958677,1922218,1
956864,1922321,1
955494,1922506,1
959035,1922536,1
958735,1922749,1
958569,1922843,1
959440,1922857,1
959051,1922864,1
958819,1922907,1
958378,1922918,1
959041,1923031,1
888052,192316,2
959170,1923259,1
956859,1923315,1
958477,1923347,1
958739,1923371,1
956884,1923374,1
959371,1923410,1
850673,192349,1
958402,1923809,1
958961,1923874,1
959784,1923946,1
956615,1923983,1
956942,1924055,1
958988,1924064,1
958526,1924263,1
958528,1924409,1
959674,1924410,1
888195,192448,1
959131,1924511,1
959087,1925095,1
958401,1925279,1
959430,1925584,1
959924,1925653,1
958634,1925701,1
958995,1925835,1
959048,1925881,1
959851,1926232,1
959844,1926255,1
958864,1926421,1
958352,1926492,1
959893,1926687,1
958996,1926774,1
959901,1927218,1
958768,1927457,1
958373,1927860,1
888063,193317,1
888205,193408,1
888143,193491,1
949765,193567,1
888144,193580,1
888145,193615,1
888307,193617,2
888309,19386,1
888311,193973,2
888457,194254,2
888219,194463,1
888220,19464,1
888319,194696,1
888221,194701,1
888223,194860,1
888322,194914,1
888464,194921,2
888323,194933,2
888465,195037,2
888324,19506,1
888327,195306,2
888329,19548,2
946064,195529,1
888385,195596,1
888250,195808,2
888477,195900,1
888252,195904,1
888479,196078,1
888481,196312,1
888483,196486,1
888343,196558,1
888345,196736,1
888263,196830,2
888489,196993,1
888264,197011,2
888405,197354,1
888498,197844,1
888273,197890,1
888360,198212,1
888502,19822,2
888361,198319,1
888417,198404,1
888506,198454,1
888365,198507,1
888421,198716,1
888509,198724,2
888511,198845,1
888370,198864,1
888372,199132,1
888426,199144,1
888373,199156,1
888290,199183,1
888295,199613,1
888534,199889,1
888436,199952,1
888440,200409,2
888606,200419,2
888614,200950,1
888550,201134,1
888774,201408,1
888687,201463,1
888560,201528,1
888628,201589,1
888694,201796,2
888785,201917,1
888697,201962,1
888569,202006,1
888700,202132,2
888790,202212,1
888703,202304,1
888575,202435,1
888705,202485,1
888794,202487,1
888798,202767,1
888712,20296,1
851586,203258,1
888716,203377,1
888586,203404,2
888587,203488,1
888720,203632,1
888592,203862,1
888723,203902,1
888594,204009,1
888726,204153,1
888818,20437,2
888821,20465,1
888603,204752,1
948592,204776,1
888823,204797,1
888604,204821,1
888912,204927,2
888914,204999,1
888915,205052,1
888830,205144,1
948593,205197,1
888919,205267,2
948594,205399,1
888834,20542,1
888922,20558,1
888836,20563,1
888748,205675,2
889067,205715,3
888840,20572,2
888927,205887,1
889071,205902,1
888928,205932,1
888845,205981,1
888930,206078,3
888755,206091,1
888935,206357,3
888990,206399,1
889081,206613,1
888857,206920,1
888999,207064,1
888861,207117,1
888862,207162,2
889091,207245,1
889093,20734,2
889005,207367,1
889006,207416,1
888868,207552,1
888953,207594,1
889097,207639,1
888955,207726,1
889011,20780,1
889015,208140,1
889106,208347,1
851335,208364,1
888879,20849,1
889109,208551,1
888883,208875,1
889113,208946,1
889114,209035,2
888971,209074,1
895494,633622,1
927220,633656,1
928942,633934,1
929103,633981,1
928948,634140,1
898545,634221,2
928960,634624,2
929126,634726,1
928965,634789,2
928055,63520,1
926617,635460,1
948790,635518,1
927074,635532,1
908553,635554,6
929146,635558,1
919110,635615,1
928983,635640,2
954919,635643,1
896420,635654,2
927155,635695,1
928829,63575,1
949230,635933,1
929157,636000,1
929159,636021,1
907046,63605,2
929010,636542,1
924506,636612,1
929014,636669,1
922234,63675,1
901995,636756,1
929183,636920,1
908963,636975,1
929296,636985,1
929028,63708,1
902059,637087,1
929437,637107,1
924058,637295,2
925119,637336,1
952648,637341,1
929040,637396,2
920505,637421,1
959061,637487,1
911370,637495,1
929049,637501,1
896701,637612,1
929320,637781,1
900924,637864,1
929065,63794,1
922546,638001,2
929462,638019,1
929465,638073,1
929467,638151,2
921922,638266,2
929078,63835,1
946312,63849,1
926894,638533,1
951486,638558,1
919166,638560,1
929605,638684,2
908306,638750,1
929477,638818,1
929153,638826,1
929614,638979,1
920954,639003,2
952126,639011,1
929743,639083,1
929745,639251,1
929621,639272,1
945850,639371,4
929496,639441,1
929756,639807,2
900791,639903,2
952559,639981,1
920891,640057,1
929636,640150,1
929647,640479,1
898349,64089,1
952153,641045,1
910369,641097,1
920467,641120,1
929659,641136,1
949366,641190,1
925167,641573,1
912043,641620,2
929561,64173,1
929676,641738,2
929562,641801,2
948800,641934,1
919167,642044,2
929572,642149,1
896916,642221,1
929574,642357,1
905134,642443,1
950390,642605,1
929711,642646,1
918497,642653,1
929583,642717,2
929720,642877,1
929826,643040,1
902972,643088,1
929942,643145,1
929593,643226,1
930061,643254,2
901962,643281,1
929950,643415,1
929928,643420,1
929930,643464,1
903033,643785,1
929121,643840,1
930308,643947,1
929961,644040,1
929963,644091,1
900332,644157,1
929966,644164,1
926745,644201,1
928601,644222,2
929970,644322,2
930329,644377,1
918485,64453,1
899387,644580,1
901648,644591,1
930335,644737,1
920366,644835,1
930222,644923,1
929969,645019,1
925425,645031,1
920955,645036,2
920174,645232,1
930122,64536,1
929102,645544,2
930009,645602,1
930367,645604,2
930023,646143,1
919247,646247,1
955500,646271,1
950012,646282,1
930149,646311,2
930027,646334,1
926595,646417,1
930270,646630,1
930395,646637,1
953099,646677,1
895498,646702,1
945303,646795,1
930402,646852,2
929383,646947,1
950978,647081,1
912958,647151,1
929732,647163,1
927274,647235,1
930300,647414,1
950496,647422,1
899020,647424,1
930526,647508,1
930307,647557,1
895288,647599,1
930444,647667,1
930529,647680,1
922815,647781,1
930535,647844,1
930437,647979,1
923500,647988,1
930439,648024,1
930537,648034,1
906493,648046,2
930700,648510,1
930459,648519,1
930543,648523,1
930702,648580,1
930460,648598,1
930607,648604,1
903576,648714,1
926611,648779,1
950113,648847,1
901528,648970,1
922307,648973,1
930708,649016,1
912290,649286,2
922241,64930,1
930624,649321,1
930716,649330,2
930472,64934,1
930560,649347,1
930565,649551,1
910881,649555,1
908124,649681,2
930570,649727,1
930479,649766,1
930573,649832,1
930725,649862,2
897986,649932,1
930483,649972,1
930729,650008,1
930484,650117,1
912182,65016,2
919146,650196,1
950270,650216,1
895407,650219,1
930487,650250,1
930641,650316,1
958940,650327,1
930737,650448,1
930738,65049,1
920086,650725,1
930653,65073,1
927861,650807,1
930495,65094,1
930748,650978,1
925941,651009,1
918578,651261,2
930662,651267,2
930593,651326,2
919973,651345,2
921083,651355,1
948796,651363,1
930752,65148,1
904706,651600,1
922161,651613,1
929336,651843,1
930765,651866,1
920132,651903,1
922598,651928,1
930670,651992,1
902636,652101,1
919661,652128,1
930904,652172,1
911831,65221,1
921524,652379,2
930773,652550,1
898834,65256,1
930978,652564,1
905431,652627,1
903743,652669,1
920457,652726,1
930777,652851,1
923314,652852,1
930916,652865,1
930830,653025,1
948797,653080,1
925090,653156,1
913875,653217,1
930784,653345,1
930988,653395,1
920290,653511,1
918693,653617,1
912289,653726,1
930844,653846,1
930993,654063,2
953238,654070,1
930145,654379,1
897718,654570,1
922885,654633,1
930793,654637,2
930999,654658,1
930797,65481,1
930861,654813,1
949858,654884,1
930946,654907,3
931009,655284,1
930863,65529,1
931010,655357,1
930807,655479,2
920884,655800,1
924821,655989,1
930872,656022,2
930957,656028,1
930876,656298,1
931024,656322,2
930878,656331,1
930960,656457,2
925388,656678,1
931033,656791,1
930826,656801,1
931034,656864,1
924457,656888,3
930968,656895,2
931036,657018,1
930973,657191,1
931049,657401,1
927185,657479,1
901147,65770,1
931195,658009,1
931197,658096,1
931112,658101,1
897622,658108,2
931251,658413,1
924486,658414,2
926947,658415,1
949208,658585,1
931117,658589,1
931257,658788,1
926723,658862,3
931068,659117,1
931260,659334,1
851273,659400,1
922277,659453,2
951701,659490,1
931262,659558,1
931103,659569,1
931129,659636,1
931074,659674,1
925897,659926,2
905132,660096,1
919169,660162,2
931138,660231,1
931139,660276,1
921716,660408,1
911280,660449,1
897268,660485,1
929132,660743,1
927619,661159,1
931089,661270,1
958503,661455,1
931093,661484,1
926161,661548,1
931158,661622,1
918738,661658,1
930743,661853,1
927885,661951,1
920395,662031,1
898821,662108,1
931323,66233,1
931175,662374,1
904008,662534,1
925709,662604,2
958714,662690,1
904029,662753,1
952169,662841,1
931562,662857,1
931331,662879,1
931314,662903,1
948822,662950,2
931412,662951,1
931332,66298,1
925916,662989,1
931416,663140,1
947580,66321,1
906225,663362,2
931338,663412,2
948769,663427,1
931573,663547,1
850838,663599,1
931426,663676,1
931427,663736,1
931345,66376,2
923238,663844,1
931501,664163,1
931502,664188,1
931435,664218,1
951168,664243,1
931504,664297,1
923660,664383,3
931357,664399,1
959689,664510,1
931441,664535,1
920543,664805,2
931450,664819,2
947301,664834,1
950052,664930,1
925015,664985,1
931519,665086,1
931375,66513,1
928793,665135,1
928222,66519,1
930424,665402,1
925311,665434,1
916141,665502,1
919306,665506,1
931526,665521,1
931530,665676,1
931459,66571,1
926142,665771,1
924121,665826,1
931537,665849,1
931617,665895,1
931540,665914,1
931468,666030,1
902618,666065,1
851238,666215,1
927288,666244,1
906988,666274,1
931632,666446,1
888973,209210,1
888891,209533,1
888892,209692,1
888982,209976,1
889126,210017,2
889127,210119,1
889040,210262,1
889041,21031,1
888901,210333,1
888988,210475,2
889043,210494,1
889044,210606,1
889133,210608,1
889143,210643,1
889146,210872,2
889050,211025,1
953413,211041,1
889140,211179,1
889152,211566,2
889380,21197,2
889161,212344,2
889238,212955,1
889170,213007,1
948580,213126,1
889171,213220,1
889306,213338,1
889245,213744,1
889401,213824,1
889405,214126,1
889319,214407,2
889320,214442,2
889322,214547,1
889260,214638,1
889325,214644,1
889326,214664,1
889263,214765,2
889195,214873,1
889198,215199,1
889424,215378,1
889201,215410,1
889202,215480,1
889203,215560,1
889338,215701,1
889206,215768,2
850851,215957,1
889214,216289,1
889348,216418,1
889218,216634,1
889441,216674,1
949133,216867,1
889453,217028,1
889450,217441,1
889462,217832,1
889367,218005,1
946554,218016,1
889466,218078,1
889467,218184,1
889373,218378,1
889471,21842,1
889616,218436,1
889375,218519,1
889540,218611,1
889683,218823,1
889544,218916,1
889684,218947,1
889480,21929,1
889688,219425,1
889549,219444,1
889482,21945,1
889485,219638,1
889692,219645,1
889693,219744,1
889554,219829,2
889488,219943,1
889643,220596,1
889566,220599,1
889706,220686,1
889645,220689,1
889711,221041,1
889651,221089,1
889712,221156,1
889714,221266,1
889658,221475,1
947327,221608,1
889517,221727,1
889727,222132,1
889667,222166,1
889590,222226,1
889591,222366,1
889730,222381,1
889733,222503,1
889678,222902,1
889602,22317,2
889744,223483,2
889835,223654,1
889773,224103,1
889840,224239,1
889778,22477,1
889998,224823,1
951133,225033,1
890001,225140,2
890004,2256,1
947533,225801,1
889789,2261,1
889856,226118,1
851452,226313,1
889796,226527,1
889924,22653,1
890016,226609,3
889927,226742,2
890018,226754,1
889800,226767,1
890019,226801,1
889867,226804,1
890023,227112,1
889936,22737,1
889809,22747,1
889812,227705,1
889941,227762,1
850833,227803,1
889816,227998,1
890040,228408,1
890060,229218,1
889962,229351,1
890053,229375,2
890066,229719,1
889904,229747,2
890136,229843,1
954939,230255,1
890141,230317,1
890074,230365,1
890075,230431,1
890144,230447,1
890146,230554,1
890289,230823,1
890152,230914,2
890227,230915,2
890084,230917,1
890229,231056,1
890090,231490,1
890298,231559,2
890300,231638,1
890303,231822,1
890305,231966,1
890310,232517,1
890247,232547,1
890311,232569,1
949531,232745,1
890107,232767,1
890313,232769,2
890255,233208,1
890113,233219,1
890182,233221,1
890114,233251,1
890184,233310,1
890323,233394,1
890260,23343,1
890187,233470,1
890120,233542,1
890121,233704,1
890194,234068,1
890269,234166,1
890129,234372,2
890198,234397,2
890199,234507,1
890131,234554,1
890204,234880,1
890363,234935,1
890344,235313,2
890282,235382,1
890211,235737,1
890440,236134,2
890352,236215,2
890354,236375,1
890378,23650,1
890446,236545,1
890358,236624,1
948584,236794,1
890529,236860,1
890389,237357,1
890536,237456,1
890537,237507,2
890599,237563,1
890539,237769,1
890601,237788,1
890602,237852,1
890396,237935,1
851191,238126,1
890400,238303,1
890402,238478,1
890611,238654,2
890550,238742,2
931477,66645,1
931717,666619,1
900432,666677,2
911668,666707,1
931725,666779,1
900596,666805,1
952393,666842,1
924453,666888,1
926272,666896,2
911683,666951,1
931729,667034,1
927820,667115,1
931648,667204,1
924370,667282,1
931879,667306,1
920501,667397,2
931880,667436,1
926969,667437,1
909251,667452,1
906334,66765,3
947418,667668,2
948780,667736,1
908422,667918,2
931662,668004,2
917642,668014,2
919302,668050,1
931761,668230,1
923344,668318,1
931820,668320,1
931897,668321,1
931671,668421,2
949588,668434,1
931904,668464,1
920743,668471,1
927720,668537,1
907659,668605,1
931775,668802,3
931836,668852,1
946791,668883,1
904735,668919,1
902156,66904,1
931916,669057,1
921047,669148,2
931682,669250,1
928286,669365,1
923576,669484,1
922631,669529,1
931928,669574,1
897709,669612,1
931931,669621,1
931791,669672,1
925730,669725,1
928323,669860,1
932010,669865,1
950177,670010,1
929077,670174,1
924522,670347,1
948783,670480,1
925303,670583,2
959701,670778,1
907793,670825,1
930079,670912,1
929110,670930,1
913646,670942,2
895421,670984,1
910576,671059,1
899489,671070,1
949782,671098,1
932099,671223,1
932045,671245,1
932186,671412,1
931964,671447,1
931967,671704,1
931968,671761,1
922794,671772,1
922180,671838,2
923595,671914,1
931970,671944,1
912106,672009,1
925740,672020,1
932204,672075,1
929903,672135,1
931972,672139,1
932113,672143,1
907724,672173,1
946278,672265,1
923138,672321,1
932065,672602,1
932119,672645,1
932121,672722,1
929440,672729,1
932067,672752,3
932069,672877,3
899685,672895,2
932127,672959,1
928152,672997,1
953700,673053,1
895615,673261,1
958848,673301,1
931984,673311,1
932133,673329,1
927981,673331,2
926683,673381,1
926088,673396,1
931986,673397,1
908560,673477,1
921576,673607,1
903596,67363,1
931991,673634,1
932241,673681,1
954430,673771,1
946861,673796,1
932432,673907,1
925920,673945,2
902195,674023,2
948788,674102,1
932247,674237,2
904124,674279,1
932439,674329,1
932252,674416,1
932319,674455,1
932323,674603,1
924558,674684,1
926790,674706,1
932451,674751,1
932325,674822,1
932259,675034,1
895296,67507,1
932261,675092,1
932386,675136,1
932264,675245,1
910398,675320,1
932267,675331,1
904423,67537,1
932389,675406,2
932456,675433,1
950096,675556,1
932332,675662,1
901070,675781,1
903335,675909,1
948791,675912,1
897988,67595,1
932461,675966,1
932462,676003,1
932291,676447,1
948792,676505,1
930448,676517,1
932471,676610,1
951005,676643,1
923916,676692,2
932405,676694,1
909422,676794,1
932407,676880,2
909665,677016,1
950847,677097,1
932409,677181,1
919147,677209,1
932361,677781,1
932414,677800,1
898568,677844,1
932490,677858,1
930442,677868,2
896084,677934,1
932496,678223,2
921914,678286,1
905392,678287,1
932422,678417,1
954100,678445,1
951545,678458,1
932568,678460,1
932703,67861,1
932705,678660,1
914264,678749,1
932571,678760,2
932430,67883,1
959313,678847,1
901354,678958,1
932626,678995,1
932713,679097,1
932576,679127,1
914276,679181,1
932577,679241,2
925761,679470,1
932512,679486,1
932516,679662,1
932719,679708,1
932721,679791,1
904262,680078,1
932726,680088,2
932641,680232,1
932727,680246,1
932642,680273,1
908029,680297,1
912151,680350,1
930314,680602,1
932733,680621,1
895617,680858,1
920297,681053,1
932737,681123,1
922539,681265,1
932602,681273,1
927405,681432,2
900382,681843,1
851438,681880,2
932550,681924,2
914871,682082,1
930717,682102,1
932611,682176,1
930996,682306,2
927448,682390,1
932615,682456,1
922781,682483,1
919171,682613,1
932559,682634,1
915152,682670,1
932560,682740,1
932619,682746,1
906427,682804,1
946168,682819,1
932757,683097,2
932761,683143,1
901328,683180,1
932681,683217,1
932759,68347,2
918278,683494,1
949874,683590,1
932498,683603,1
932770,683606,1
910125,68370,1
932972,683929,1
932772,683946,1
905935,684023,2
931151,684118,1
924014,684122,2
932914,68421,1
851133,684238,1
896930,684256,1
932916,684332,2
911691,68435,1
917368,684404,1
932779,684428,2
932837,684442,1
907825,684527,1
922708,684560,2
910575,684572,1
925578,684598,1
920837,684932,2
928931,685100,1
932788,685148,1
932928,685200,1
932791,685263,1
932855,685579,1
904890,685613,1
927975,685712,1
850881,685776,1
932800,685884,1
932936,685998,1
932865,686071,1
898941,686368,1
910689,686519,1
945947,686580,1
933025,686591,1
920440,686656,2
945661,686762,1
947465,686858,1
923711,687147,3
947264,687188,1
933039,687569,1
932886,687573,1
926755,68770,1
932890,687814,1
933046,687912,1
933141,688032,1
932965,688047,1
912882,688077,1
928277,688092,1
923078,688107,3
933053,688116,2
922595,688157,3
933146,688168,1
922170,688203,1
923736,688377,1
932905,688469,1
933150,688477,1
922381,688506,1
933279,688567,1
933064,688611,1
923129,688684,2
923743,688692,1
897012,688756,1
914023,688776,1
933285,688863,1
932979,688915,1
933286,688924,2
947285,688976,1
933070,688985,1
919174,689246,1
924427,689269,2
933163,689383,1
954155,689386,1
955240,689402,1
923625,689418,1
933294,689567,1
920585,689580,1
911491,689697,1
957114,689749,1
902812,689780,1
933086,689823,2
909123,68989,2
898416,689929,1
933090,689946,1
932124,690034,1
917176,690180,1
933316,690316,2
933105,690320,1
922592,690356,2
933107,690362,1
933186,690427,1
929943,690522,1
899363,690586,1
913257,690802,1
933325,690980,2
895657,691031,1
933124,691151,1
902500,691364,2
915130,691386,1
933245,691465,1
907141,691552,1
933249,69160,1
919846,691774,1
945964,691792,1
921251,691904,2
921843,691962,1
933139,692128,1
933258,692142,1
933354,692287,1
949719,692415,1
916145,692439,1
930208,692748,1
933263,692838,1
933365,693095,1
948826,693203,1
925710,693261,1
933610,693338,1
920502,693426,1
913635,693533,1
933523,693660,1
947471,693674,1
933376,693681,1
905282,693822,1
933447,693924,1
933618,694160,1
911843,694216,1
933619,694336,1
952315,694368,1
933389,694402,1
923422,694411,1
933624,694460,1
925561,694547,1
923040,694553,1
933399,694589,1
921682,694662,1
933550,694670,1
933629,694677,1
930003,694681,2
901973,694699,1
921691,694873,1
952723,694922,1
933633,695024,1
933474,695048,2
923552,695094,1
933476,695116,1
913538,695549,1
933642,695801,1
933575,695815,2
921355,695820,2
933576,695865,1
930447,695878,1
922653,695949,2
933501,696032,1
903065,696058,2
925918,696279,1
890407,238925,1
890556,239398,1
890619,239409,2
890620,239477,1
890415,239627,1
890419,239859,2
890490,240005,1
890630,240025,1
890569,24007,2
890632,24018,1
890633,24020,1
890494,240311,4
890634,240321,1
890636,240417,1
930235,240440,1
890575,240507,3
890498,240510,1
890576,240567,1
890639,2406,1
890577,240602,1
890500,240610,1
851322,240780,1
890503,240825,1
890581,240853,1
890504,240942,2
890586,241292,1
890650,241320,3
890823,241726,1
890515,241755,1
890746,242164,1
890827,242258,1
890747,242327,1
890679,242340,1
890681,242442,1
890831,24251,2
890684,242625,3
890666,242821,1
890835,242835,1
890757,24322,1
954130,243363,1
890691,243454,1
890760,243468,1
890902,243502,1
890841,243556,1
890847,244760,1
890909,244788,1
890848,244814,1
959827,245121,1
890851,245130,1
890772,245279,1
890855,245527,1
890917,245595,1
890708,245667,1
890859,24577,1
890712,245847,1
890927,246133,1
890928,24616,1
890868,246206,1
890720,24622,2
890721,246289,1
890791,24638,1
890723,246381,1
890726,246562,2
851111,246724,1
890876,246731,1
890729,246750,1
890879,246998,1
890733,24706,1
890943,247143,1
890882,247160,1
890944,247229,1
890883,247286,1
890804,247295,1
890736,247299,1
890737,247383,1
890810,24758,1
890952,247699,1
890891,247700,1
890953,247711,1
947514,247719,1
890892,247723,1
890893,247745,3
890814,247751,1
890816,247917,1
890896,247925,1
890958,247958,1
890980,248012,1
890983,248098,1
890963,248099,1
890984,24813,1
890986,248283,1
891135,248363,1
891054,248364,1
890988,248367,1
891136,248392,1
891055,248403,1
850925,248610,1
891144,248999,2
891068,249158,2
891002,24930,1
891213,249358,2
891005,249491,1
891153,249548,1
891075,249686,1
891081,250249,1
891014,250256,1
891015,25034,1
891225,250371,1
948602,250437,1
956739,250458,1
891227,25053,1
891018,250555,1
891228,250581,1
891166,250586,1
891020,250657,1
891021,250711,1
891233,250915,2
948605,251180,1
891175,2512,1
891238,251240,1
891178,25152,1
891032,251626,1
891039,252033,1
891108,25218,1
891110,252313,1
891045,25240,2
891193,252460,1
891047,252641,1
891257,252674,1
891195,25268,1
891258,25270,1
891116,252743,1
891259,252785,1
891281,252813,1
891262,252914,1
952683,253074,1
950307,2531,1
891264,253160,1
891122,253213,1
891286,253236,1
891123,25328,1
891124,253322,2
891268,253369,1
891269,253382,1
951760,253419,1
891271,253445,1
891273,253528,1
891276,253695,1
891278,253801,1
891523,253946,1
891303,254080,1
891308,254379,2
891376,254477,1
891441,254491,1
891531,254497,1
891443,254779,2
953739,254809,1
891446,254962,1
891319,255385,2
891542,255486,1
891391,255731,1
851325,255772,1
891548,255929,1
891397,256234,1
891460,256244,1
891333,256480,1
891555,256510,1
891558,256683,1
891560,256884,1
891339,256907,1
891561,256969,1
891409,25713,2
891343,257145,1
891571,257787,2
891352,257906,1
891481,257911,1
891580,258599,1
891583,258940,1
891492,25899,1
891493,259021,1
891741,259316,1
891661,25956,2
891499,25959,1
891600,259952,2
891667,259992,1
891669,260159,1
891507,260180,1
891606,260343,1
891608,260442,1
891818,260545,1
891611,260577,1
891761,260799,2
933710,696327,1
955318,696329,1
931527,696349,1
914242,696407,2
933767,696455,1
946640,696585,1
920535,696689,1
933770,696705,1
927196,696713,1
933718,696759,1
933597,696767,1
916161,696803,1
930969,696879,1
933772,696986,1
957044,697060,1
950412,697081,1
932031,697193,1
924731,697233,1
933726,697393,1
927119,697462,1
933728,697490,1
933138,697491,1
930182,697661,1
915647,697703,1
926302,697723,1
933788,697730,1
930967,697848,1
925836,697880,2
933737,697881,1
933738,697943,1
933672,697970,1
933740,698067,1
933675,698265,2
925084,698429,1
933799,698468,2
918556,698522,1
921071,698604,2
933803,69871,3
933746,698867,1
947818,699200,1
907031,699325,1
933811,699391,1
902930,699461,1
933684,699467,1
926305,699471,2
948830,699543,1
933870,699651,1
929604,699696,1
916051,699707,2
933755,699823,1
933817,699855,1
909057,699894,1
929972,699910,2
933690,699939,1
933820,700036,2
959582,700158,1
933693,700223,1
920006,700309,1
916424,700562,1
930512,700756,1
933699,700874,2
933971,700945,1
918108,701162,2
930485,701218,1
923654,701380,1
950998,70144,1
913652,701533,2
906811,701571,1
933981,701588,1
933901,701639,1
934115,701678,1
933988,701906,1
933903,702128,2
920734,702306,1
934043,702321,1
913701,702407,1
933519,702431,1
933912,702527,1
933998,702530,1
909948,702606,2
903204,702685,1
954132,702692,1
921265,70272,1
933911,702721,1
951406,70314,1
933920,703185,1
946574,703194,1
934135,703326,2
933925,703335,2
924621,703352,1
918601,703483,1
934012,703532,2
933929,703641,1
934016,703827,1
925142,703848,1
934017,703887,1
923970,703950,2
910248,704119,1
949147,704213,1
921755,704422,1
920039,704443,1
934024,704458,1
934081,704464,1
922681,704609,3
904410,704643,1
912118,704647,1
928343,704939,1
928524,705045,1
934158,705112,1
934090,705227,1
952766,705305,1
906034,705523,2
934037,705661,1
907910,705699,1
922668,705833,2
934179,705889,1
924566,705952,2
911998,706014,1
933969,706048,1
927166,706154,1
907125,706214,1
850872,706247,2
922618,706337,1
919343,706401,2
934188,706457,1
850792,706533,2
934397,706593,1
895626,706884,1
934318,706914,1
934304,707011,1
927271,707143,1
934403,707197,2
921268,707252,1
851506,707260,1
934194,707263,2
922519,707278,1
934195,707281,1
934326,707345,1
934407,707503,1
921128,707534,1
918720,707543,1
905849,707685,1
934264,707778,1
946851,707792,1
952297,707823,1
922160,707883,2
934265,707890,1
934266,707934,1
934411,707958,1
934207,708101,2
934275,708230,1
898424,708301,1
934211,708383,2
899747,708449,1
934350,708537,1
927712,708563,1
934217,708568,1
934351,708574,1
920049,708663,1
934289,708699,1
927739,708710,1
909209,708751,1
934361,709081,1
950459,709271,1
934235,709349,1
934432,70937,1
934368,709395,1
924556,709399,1
925854,709512,2
934309,709532,1
934242,709539,2
926310,709575,1
898083,709576,1
934498,709630,1
934502,709781,1
950518,709795,1
920783,70983,1
947504,709889,1
921092,709890,2
934315,709911,2
934599,709939,1
905445,710000,1
934385,7101,1
929938,710107,1
934506,710126,2
946986,710284,1
932062,710394,1
934548,710445,2
928497,710473,3
934448,710612,1
924535,710700,2
946923,26102,1
891766,261036,1
891827,261055,1
891828,261101,1
891769,26118,1
891689,261224,1
891831,261260,1
891690,261301,1
891630,261632,1
891838,261644,1
891785,262126,1
891638,262161,1
891847,262179,1
946379,262332,1
891712,262470,1
891649,262614,1
891860,262722,1
891802,26283,1
891803,262839,1
891865,262919,3
891806,263010,1
891808,263097,1
891730,26327,3
891876,263516,1
891735,263540,1
892122,263571,1
948609,263801,1
891882,263867,2
891885,26404,1
891886,264101,1
891909,264168,1
892136,264411,1
850920,264420,2
891914,264471,1
947639,264638,1
891919,264805,1
892144,26494,1
891990,265213,2
891925,265217,1
947423,26525,1
892057,26531,1
945832,265356,1
891993,265423,1
892153,265523,1
892156,265684,1
891999,265742,1
892064,265773,1
891935,265802,1
891939,266062,2
891944,266322,1
892168,266379,1
892169,266515,1
891946,266528,1
891947,266554,1
892171,266569,1
892013,266590,2
892172,266655,1
891950,266771,1
946216,267004,1
892181,267437,3
892183,267566,1
892028,267855,1
891963,267856,1
892097,268193,1
892099,268349,1
892270,268364,1
892038,268616,1
892040,268773,1
892106,268835,1
892109,269182,1
892350,269186,1
892353,269422,1
892213,269577,1
892115,269607,1
892357,269705,1
892288,26974,1
892289,269886,2
892360,269904,1
892361,269944,1
892363,270097,1
892428,270118,1
892224,270374,1
892298,270587,1
892368,270602,1
892227,270605,1
892434,270606,2
892302,270942,1
892232,271138,1
892375,271229,1
892306,271264,1
892377,271365,2
892311,271712,1
892447,271864,2
892312,27187,1
892241,271929,1
892314,272103,1
892450,272139,2
892244,272177,2
892386,272247,1
892452,272275,1
892318,272432,1
892454,272552,1
892389,272603,1
959555,272836,1
892321,272854,1
892457,27289,1
892392,27298,1
892323,273016,1
892252,273103,1
892459,273106,1
892331,273482,1
892403,273701,1
892335,273772,1
892267,274083,1
892409,274100,1
892411,274412,1
892575,274443,2
892477,274450,1
892342,274479,1
892483,274801,1
892484,27489,1
953792,274964,1
892486,274966,1
892586,275009,1
892734,275025,1
892587,275072,1
892736,275217,1
958839,275238,1
892737,275247,2
892492,27532,1
892738,275387,1
892740,27556,1
892495,275594,2
892506,275606,1
892497,275724,1
892651,275761,1
892597,27579,1
851345,275887,1
892600,27598,1
892748,276101,2
892514,276122,1
892657,276140,1
892515,276152,1
892658,276171,1
892750,276173,1
892662,276347,2
892756,276445,1
892611,276548,1
892671,276842,1
892618,276897,1
892674,276921,2
892621,277001,1
892768,277029,1
892625,277161,1
892543,277459,1
892545,277620,1
892633,277640,2
892551,278080,2
958886,278134,1
948623,278193,1
892788,278385,1
892644,278447,1
892701,278503,1
892702,278553,1
892794,278622,1
892796,278746,2
892798,278835,1
892709,278886,2
892568,279026,3
892808,279289,1
892809,279343,1
892714,279368,1
892810,279451,1
892886,279973,1
892721,280078,2
892891,280295,1
892892,280339,2
892821,280343,1
892895,28054,1
892825,280608,1
892827,280778,2
950738,280794,1
892971,280907,1
892829,280944,1
892973,281031,1
946784,281097,1
892835,281173,1
892909,281227,1
892838,281308,2
850703,281323,3
892980,281337,1
850794,710868,3
934452,710951,1
928945,710982,1
930324,711121,1
951123,711216,1
934610,711221,1
934564,711257,3
896494,711343,1
918631,711345,1
934185,711387,1
931347,711399,1
934614,711534,1
949184,711548,2
934615,711564,1
934568,711626,1
851423,711728,1
934571,711791,1
928305,711864,1
906841,711890,1
896048,711942,1
956954,712108,1
948818,712183,1
934623,712313,1
959687,712359,2
932744,712558,2
912689,712651,1
907703,712674,1
934627,712747,1
951651,712755,1
908757,712764,1
954642,712816,1
934629,712832,1
950398,712836,1
934583,712859,1
959239,712908,1
928529,712920,1
913643,713066,1
903565,713147,2
907807,713154,1
911339,713193,1
950813,713203,1
954139,713347,1
920360,71339,2
934595,713646,1
934596,713710,1
934598,713770,1
926645,713820,1
851206,713882,2
899038,713955,1
934655,713993,2
951024,714151,1
934789,714181,1
932870,714196,1
898221,714332,1
934792,714336,1
928827,714351,1
898695,714413,1
934660,714455,2
911565,714495,1
934661,714521,1
915969,714522,1
925001,714558,2
922415,714565,1
934743,714567,1
934662,714588,1
931890,714611,1
920848,714646,1
934665,714714,1
904671,714845,1
925074,714859,1
851222,71496,1
934669,71504,1
934797,715071,1
934707,715238,1
934708,715302,1
925510,715369,1
934670,715430,1
933253,715576,1
934804,715599,1
934184,715649,1
908919,715718,1
898818,715734,1
934714,715942,1
934764,716098,1
895662,716106,1
909984,716337,1
959691,71642,1
919913,716807,4
909540,716825,1
934819,716832,1
925637,717186,1
926983,717199,1
929808,717211,3
952238,717216,1
952025,717246,1
934734,717336,1
934780,717384,1
934736,717394,1
934781,717462,1
934830,71748,1
906284,717591,2
945398,717696,1
934784,71771,1
934832,717806,1
925518,717927,1
921303,717970,2
929833,717983,1
934835,717985,1
902959,718048,2
934972,71816,1
933465,718226,1
949457,718236,1
948825,718261,1
953544,718302,1
927664,718357,1
934933,718393,1
934893,71841,1
934976,718458,1
934897,718553,1
904760,718611,1
934899,71867,1
952568,718672,1
932956,718697,1
934982,718808,2
928223,719006,1
934985,719071,1
948834,719089,1
926906,719113,1
913158,71917,1
934949,719378,1
903785,719500,2
896557,719516,1
897964,719595,1
902693,719623,3
906685,719706,1
934998,719774,1
926138,719789,2
934957,719893,1
934864,720009,1
950401,720050,1
934914,720107,1
927564,720112,1
934916,720242,1
959770,720276,1
934867,720296,1
851419,720365,1
929663,720383,1
911797,720455,1
934869,720463,1
919022,720511,1
935012,720599,1
934843,720666,1
915978,720748,1
935019,720776,2
935068,720826,1
935020,720857,1
935109,720945,1
935160,720953,1
931510,720964,1
958312,720995,1
935023,721013,1
932521,721087,1
922432,721093,1
935072,721201,1
896863,721216,1
918451,721238,1
919032,721240,1
929413,721361,2
935168,721405,1
953261,721410,1
920508,721431,1
935169,721445,1
925608,721464,1
935032,721495,1
935119,721590,1
935079,721600,1
922463,721611,3
935082,721684,1
927342,721769,2
935084,721810,1
930349,721867,1
922665,721877,2
949825,721894,2
914860,721939,1
927814,722018,1
929692,722046,2
935090,722082,1
929592,722120,1
930170,722236,4
935093,722300,1
935047,722414,1
935096,722490,1
935186,722517,1
919188,722528,1
949916,722557,1
935049,722608,1
919193,722682,2
931187,722688,2
935051,722765,1
934650,72281,2
933342,722837,2
923574,722927,1
935255,723002,1
959655,723040,1
935149,723095,2
935056,723110,1
935258,723163,3
945301,723212,2
897900,723216,1
925536,723270,1
930368,723293,1
927125,723318,4
952364,723350,1
918431,723359,1
935338,723379,1
895630,723405,1
929302,723406,1
921516,723413,2
956643,723421,1
949428,723500,1
935210,723510,2
907881,723530,1
910474,723549,1
935290,723590,1
928045,723592,1
935211,723602,2
901060,72363,1
935214,723685,1
935295,723702,1
952655,723758,1
930074,723813,1
935216,723895,2
935297,723900,1
935269,723995,1
952009,724009,1
925418,724024,1
921144,724125,3
909803,724228,1
926858,724351,1
935273,724425,1
935275,724498,1
935229,724553,1
900357,72464,1
935231,724680,1
896026,724682,1
935232,724707,2
933931,724757,1
909102,724858,1
935233,724921,1
932351,725034,1
935314,725256,1
932013,725302,1
916068,725319,2
935315,725327,1
923409,725347,1
935369,72536,1
920310,725371,2
925414,725431,1
955180,725597,1
935423,725598,1
907299,725611,1
903852,725626,1
908038,725634,1
910441,725649,1
927417,725711,2
947349,725722,1
935381,725888,1
928544,725903,2
935330,725916,1
954918,725963,1
928392,726049,3
946451,726082,1
896100,726120,1
905634,726214,2
935437,726256,1
911057,726263,1
950818,726370,1
935529,726441,1
895519,726494,2
935442,726554,1
935393,726623,1
935394,726645,2
935482,726698,1
909856,726751,1
935484,726903,1
927421,726977,1
935397,727017,1
919043,727043,3
935490,727056,1
958439,727186,1
949277,727195,1
910179,727266,1
935401,727331,1
926935,727393,1
935402,727427,1
850727,727476,1
935541,727531,1
850335,727578,2
902407,727579,1
949439,727612,1
935405,727644,1
955505,727654,1
959466,727701,1
909962,727705,1
923336,727752,3
935406,727767,1
949799,727821,1
951035,727835,1
905133,727861,2
935548,727863,2
935551,727964,1
925126,728096,2
932103,728259,1
928226,728275,1
935556,728287,1
925156,728341,1
904032,728512,1
895524,728555,2
946189,728687,1
928951,728697,1
905947,728767,1
898015,728934,1
911386,728939,5
935568,728979,1
935522,728987,1
897349,729000,1
935206,729021,1
935569,729056,1
935632,729141,1
935580,729142,1
934103,729241,1
927503,729279,1
935695,729378,2
925241,729465,2
935751,729497,1
946571,729679,1
905791,72980,3
935699,729855,1
935647,729862,1
935593,730006,2
935651,730128,1
935597,730132,1
898439,730142,1
935704,730157,1
935763,730266,1
911162,730426,1
935768,730508,1
935712,73053,1
901120,730589,1
935714,730618,1
925160,73071,1
935770,730711,1
931000,730782,1
920341,730802,1
911074,730920,1
935664,730949,1
931842,730969,1
935665,730971,1
935612,730977,1
935728,731054,1
918799,731142,2
935615,73118,1
919810,731181,2
904061,731198,1
928831,731208,2
923787,731217,2
898278,73124,1
935617,731258,1
958877,731381,1
935780,731419,2
923378,731641,1
935782,731709,1
916927,731771,2
935784,73183,1
935628,731909,1
932876,73196,2
901282,731970,1
935787,731996,1
952203,732105,1
935789,732119,2
914657,732123,1
929657,732471,1
892983,281556,2
892914,281594,1
892916,2817,2
949404,281711,1
892920,282082,1
892990,282127,1
892991,282162,1
893056,282305,1
892924,282381,1
851134,282416,3
893059,282470,2
893060,282530,1
892929,282819,2
893002,283033,1
950778,28307,1
893004,283183,2
892935,283202,1
893073,28338,1
892939,28341,2
892869,283451,1
893075,283581,1
893012,283677,1
892875,283878,2
892876,283963,1
892947,284005,1
892878,28409,1
949907,28451,1
893086,28455,1
893026,284856,1
893188,28497,1
893189,285090,2
893335,285134,1
949527,285262,1
948599,285443,1
893194,285601,1
893109,285622,1
893195,28564,1
893196,28570,1
893111,285767,1
893343,285817,1
893102,286011,1
893346,286203,2
893257,286236,1
893354,286864,1
893209,286929,1
950377,287030,1
851342,287140,3
893127,287226,1
893275,287691,1
893222,287876,1
893368,288054,1
893279,288071,1
893225,288116,1
893140,288189,1
893231,28849,1
893286,288497,1
893287,288524,1
893380,288827,2
893236,288844,2
893295,289144,1
893155,289208,1
893297,289233,1
893244,2893,2
893299,289302,1
893389,289306,1
893300,289336,1
893391,289382,1
893304,289554,2
893250,289613,1
893164,289641,1
893306,289684,1
893166,289748,1
893253,289754,1
893309,289985,1
893170,289998,1
893172,290128,1
893405,290217,1
893177,290337,1
893317,290388,1
893562,290395,1
954379,290412,1
893321,290508,2
893322,290523,1
893414,290760,1
893502,290839,1
893330,29088,1
893504,290925,1
893577,290962,1
893578,291026,1
893420,29105,1
893640,291073,1
893421,291104,1
893425,291290,1
893516,29146,1
893430,291487,2
893651,291589,1
893519,291605,1
893433,291646,2
893434,291668,1
893653,291678,1
893593,291688,1
893524,291820,1
893659,291977,1
893663,292124,1
893446,292195,2
893533,292201,1
893538,292433,1
893670,292448,1
893674,292664,3
893458,292727,1
893684,293094,2
893687,293211,1
893556,293222,1
893688,293231,1
893475,293521,1
893635,29363,1
950663,293879,1
893800,293903,3
893702,293912,1
893947,294125,2
893706,294175,1
946502,29422,1
893708,294277,2
893709,294334,1
893864,294605,1
893956,294685,2
893867,294740,1
893816,294803,1
893819,294907,1
893872,294908,1
893964,294926,1
893821,294932,1
893825,295118,1
893880,295213,1
893828,29528,1
893829,295304,1
893882,295328,1
893830,295401,1
893743,295417,1
893975,295464,1
893976,295536,1
893753,295949,1
893984,295963,1
893754,295989,1
893895,29600,1
893755,296025,1
893758,296183,1
893989,296228,1
850715,296319,2
893849,296469,1
893995,296559,1
893906,296620,1
893908,296732,1
893998,296750,1
893768,29677,2
893854,296795,1
893855,296840,1
954935,296923,1
946620,296952,1
893858,297073,1
893773,297139,1
893775,297185,1
893776,297263,1
893862,297274,2
894008,297370,1
893778,297392,1
893780,297476,1
893781,297529,1
893922,297553,1
894013,29767,1
894096,297713,2
946978,297753,1
894098,297794,1
893788,297924,1
894174,298014,1
894176,298116,1
894019,298245,1
894108,298300,1
894184,298390,1
894186,298493,1
894188,298558,1
894116,298612,1
894029,298663,1
894195,298948,1
894035,299037,1
894123,299039,1
894259,299047,1
894038,299219,1
894201,29930,1
950020,29943,1
894265,29945,1
894044,299652,3
935915,73252,1
906788,732594,1
935354,732661,1
935881,732711,2
935918,732806,1
935840,732918,1
897086,732919,1
935920,733158,1
935921,733221,1
934118,73352,1
909370,733580,1
935848,733732,1
935892,733892,1
905645,733917,2
932002,733932,1
959832,734122,1
935856,734192,1
912280,734333,1
935901,734596,1
935820,734615,1
928408,734751,1
935902,734768,1
935939,734790,1
935903,734791,1
935940,734801,2
934051,734849,2
935829,735051,2
935863,735081,1
906825,735111,1
914723,735178,1
930586,735222,1
919541,735225,1
895667,735260,1
922869,735320,1
934801,735360,1
923908,735367,1
934142,73538,1
912199,735388,1
917910,735528,1
935838,735609,1
898945,735644,1
935945,735733,2
928866,735760,1
959859,735892,1
923122,735939,2
897913,73594,2
910945,735944,1
949733,736043,1
935876,736389,1
936053,736392,1
936117,736488,2
903685,736591,1
902527,73663,1
935998,736700,1
935956,736796,2
926606,736806,1
903278,736882,1
920367,736884,1
936000,736916,2
936063,736987,1
935963,73713,1
914412,737142,1
899586,737303,1
927232,737327,1
958296,737379,1
936127,737418,1
935870,737465,1
908863,737475,1
932569,73748,1
936131,737593,1
906289,737601,2
936011,737684,1
904024,73769,1
936013,737708,1
918965,737733,2
946637,737807,1
936077,737832,1
915659,737905,2
922219,738000,1
935976,738221,1
946072,738241,1
920704,738327,1
897440,73835,1
936089,738713,1
935985,738811,1
935987,738908,1
934639,73891,1
919098,738913,1
936096,738961,1
931082,738991,1
929032,739211,1
935990,739248,1
936035,739318,1
907710,739366,1
935995,73945,1
932483,739604,3
927414,739605,1
897521,739694,1
936237,739791,1
936238,739918,1
921813,739929,1
936285,739936,1
921886,739940,1
900186,73996,1
936174,739968,1
910469,739975,1
936051,739994,2
936286,740045,3
920929,740058,1
922897,740065,1
928212,740107,1
936178,740172,1
936244,740248,1
936343,740272,1
899732,740292,3
936293,740310,1
936245,74033,1
923127,74037,1
936247,740401,1
936295,740442,1
918686,740493,1
936348,740539,1
908101,740604,2
934001,740681,1
927029,740827,1
936189,740873,1
924141,74096,1
929041,741062,1
936194,741072,1
936360,741129,1
936260,74117,1
914006,741173,1
933963,741233,1
926211,741240,1
936311,741399,1
948866,741639,1
933496,741685,1
903198,741888,1
920670,741896,1
936323,741937,2
935346,741966,1
936378,741995,1
925350,74214,1
936381,742146,1
951294,742287,2
936334,742434,2
934863,742494,2
931189,742497,1
936224,742525,2
906851,742539,1
936341,742695,1
936228,74270,1
936390,742704,1
953642,742844,1
909746,742856,1
936510,742869,1
929695,742935,2
936512,742966,1
936515,743119,1
936516,743220,1
936449,743434,1
910495,743499,1
936452,743547,1
919643,743725,1
933214,743846,2
954392,743869,1
933431,743872,2
925023,744021,1
921475,744049,1
933714,744189,1
907866,744269,1
936240,744383,1
936414,74445,1
919932,744539,1
936417,744682,1
936533,744755,1
927973,744756,1
913820,744786,1
936421,74485,1
936474,74487,1
931709,744938,1
936540,745071,1
936426,745293,2
915469,745343,1
936545,745386,1
934894,745497,2
936547,74552,1
913240,745553,1
936621,745605,1
952246,745724,2
932182,745847,1
898698,745967,2
925535,746209,1
952923,746211,1
924247,746263,2
936704,746271,1
907446,746296,1
895530,746478,1
932350,746553,1
900243,746715,1
936710,746732,1
936505,746742,1
936837,746761,1
936712,746802,1
904598,746819,2
919956,746957,2
919563,747010,1
936632,747019,1
905246,747063,1
936767,747134,1
936840,747144,1
936719,747167,1
936635,747183,1
932750,747294,1
936843,747310,1
850831,747395,1
936844,74741,1
936638,747436,1
930818,747464,2
919583,747473,1
936846,74764,1
951045,747847,1
911250,747894,1
947753,747947,1
936848,748048,1
936647,748049,1
953602,748138,1
936648,748140,1
936736,748275,1
936652,748286,1
936792,748293,1
900580,748306,2
936739,74831,1
936744,748521,1
933900,748613,1
898731,74864,1
933314,748706,1
936660,748819,1
936861,748890,1
900808,748969,1
931982,748971,2
936666,749018,1
931633,749159,1
934563,749194,1
923897,749305,1
896464,749345,1
917178,749351,1
908397,749355,1
921240,749404,4
906935,749464,1
935566,749475,1
936871,74961,1
902582,749779,1
929017,749873,1
936879,749927,1
950521,749994,1
936880,750007,1
901251,750044,2
936763,750067,1
934196,750122,1
936766,750168,1
904641,750174,1
936827,750321,1
936894,750459,1
936891,750523,1
936693,750529,2
936897,750546,2
920809,750599,1
925650,750939,3
911140,751095,1
936835,751151,1
850456,751193,1
936906,751346,2
923487,751356,1
952032,751573,1
902135,751591,1
936909,751605,1
936910,751665,2
936962,751823,1
907992,751835,2
904245,752003,1
850457,752102,1
895873,752156,1
937069,752159,1
908404,752265,1
937014,752295,2
937071,752346,1
937015,752347,1
924062,752488,1
925109,752709,1
921179,752714,1
936971,752739,1
901773,752922,2
923354,752965,1
937081,753009,1
927804,753167,1
937024,753264,1
936940,753276,1
936944,753381,1
899626,753390,1
936946,753405,2
936982,753408,1
934138,753415,1
954538,753469,2
936984,753564,2
933970,753629,1
920608,753755,1
950284,753845,1
937089,753886,1
926459,753908,1
908679,753930,1
936951,754092,1
899545,754150,1
928038,754227,1
937097,754353,2
953482,754365,1
901510,754487,1
895876,754495,1
928690,754595,1
920825,754648,1
897110,754736,2
931923,754764,1
921308,754808,1
926491,754906,1
911978,754927,1
919026,754942,1
896337,754964,1
899862,755001,2
922530,755257,2
937147,755341,1
926433,755364,1
904885,755426,3
922826,755596,1
920667,755727,1
906813,755740,1
937109,755778,1
937262,755782,2
959656,755847,1
937222,75589,1
922301,755912,1
937111,755918,3
937113,75602,1
937155,756132,1
921366,756405,1
931225,756464,1
935293,756583,2
936121,756608,1
929959,756609,2
937271,75662,2
915359,756626,2
937160,75665,2
937235,756823,1
937123,756998,1
909571,757016,1
952227,757078,1
904203,757080,1
909083,757142,1
930575,757155,1
950205,757253,1
907678,757396,2
896041,757586,1
937177,757595,1
937290,757688,2
918412,757697,1
937291,757703,1
945530,757761,1
937183,757787,1
922614,757831,2
921413,75784,2
937293,757840,2
932787,757864,1
937294,757870,1
950867,757881,1
937295,757966,1
937188,757977,1
923719,757996,2
937144,758074,2
937249,758106,2
897752,758155,1
903364,758167,1
937298,758221,1
937195,758306,1
894132,299670,1
894046,299787,1
894270,29980,1
894047,299828,1
894271,299842,1
894052,300088,1
894215,300162,2
894216,30020,1
894144,300285,2
894145,300327,1
894222,300479,1
894150,300537,1
894287,30065,1
946032,300659,1
894065,300717,2
894153,300736,1
894154,300798,1
894229,300885,1
894156,300898,1
894069,301000,1
894161,301214,1
894297,301230,1
894237,30140,1
894300,301451,1
894240,301577,1
950885,301709,1
894243,301737,1
894244,30183,1
894329,30200,1
894088,302097,1
894312,302103,3
894559,30219,1
894563,30245,1
894343,302771,1
954257,302779,1
894481,30297,1
894574,303014,1
894578,303189,1
894419,30322,1
894421,303300,1
894355,303301,1
894361,303662,1
894496,303685,3
894362,303704,1
894429,303748,1
894364,303794,1
894431,303825,1
894500,303852,1
894369,304036,1
894437,304111,1
894507,304264,1
894373,304304,2
894508,304311,1
894440,30432,2
894510,304374,1
894604,304457,1
894451,304720,1
894387,304879,1
894390,305051,1
894457,30509,1
894618,305096,1
894394,305278,2
894529,305319,1
894621,305343,3
894462,30544,2
894623,30547,1
894464,30555,1
894465,305577,1
950760,305598,1
894535,305658,2
894536,305744,1
894468,305753,1
894710,305756,1
894711,30578,2
894630,305803,2
955151,305823,1
894788,306005,1
894717,306077,1
894718,306127,1
894724,306430,1
894801,306808,2
894644,306880,1
894645,30691,1
894646,307002,1
894647,307034,1
894874,307508,1
894656,307703,1
894878,307733,2
894657,307740,1
894879,307756,1
894748,307865,1
894822,308008,1
894663,308020,1
894752,308053,1
894754,308156,3
894667,308225,1
894756,308275,1
894891,308368,2
894829,308383,1
948620,308393,1
894758,30841,1
894759,308447,1
894673,308514,1
946807,308517,1
894895,308531,1
959875,308560,1
894896,308576,1
894675,308602,1
894897,308611,1
851152,308697,1
945639,309087,1
894776,309155,1
894911,30926,1
894850,309263,2
894854,309426,1
894697,309555,1
894918,309674,2
894919,309744,1
894861,309876,1
894703,309926,1
894925,310072,1
895016,310078,2
894926,310108,1
894946,310125,1
895089,310198,1
895090,310291,2
850601,310329,1
894930,31033,1
895093,310427,1
947636,310660,1
895255,310855,1
895258,311026,2
895033,311059,2
895105,311081,3
895036,311188,2
895107,311189,1
894966,311229,1
895038,311255,1
894967,311315,1
895039,311349,1
894968,311371,1
946743,311439,1
895286,311468,1
895043,311520,1
895044,311607,1
895298,311722,1
895048,311815,1
894984,312081,1
895342,312275,2
894989,31229,1
895153,312315,2
895063,312426,1
895357,312591,1
895069,312706,1
895071,312823,3
950512,312990,1
952520,313047,1
895074,313085,1
895005,313217,1
895394,313381,2
895205,313412,1
895009,313423,1
895397,313439,2
895082,313455,1
895219,313690,1
895409,313789,2
895417,313905,1
895238,31398,1
895241,31399,1
895701,31407,1
895426,314109,1
895899,314110,1
895453,314123,1
895429,314141,1
895711,314253,1
895922,314605,1
895482,314716,1
895735,314725,2
896059,314822,1
895749,314995,1
896075,315172,1
895763,315251,3
895517,315290,1
895962,315320,1
895520,31533,1
896082,315338,1
895523,315348,3
896090,315609,1
895778,315743,3
895983,315879,1
896101,315912,1
911210,758522,1
899930,758580,1
937416,758687,2
936640,758778,1
919326,758819,1
937417,758855,1
937306,758878,1
901403,758891,1
957268,758906,1
937360,758911,1
937472,758958,1
937362,758991,1
928201,759010,1
927273,759036,2
937474,759058,1
920312,759231,2
951977,759296,1
937313,759420,1
937426,759424,1
947649,759439,1
926561,759565,4
954144,759588,1
937322,759635,2
903068,759754,1
937482,759842,1
937380,759950,2
937444,760127,1
902826,760142,1
937445,760144,1
937330,760205,1
904578,760309,2
937288,760464,2
926592,760586,1
935711,760588,1
952131,760748,2
936908,760751,1
937399,760789,1
914610,760806,3
928052,760881,1
937464,760885,1
937351,760927,1
952507,761118,1
937468,761164,1
912736,761179,2
937405,761215,1
937356,761217,1
937595,761230,1
901127,76130,1
937602,761386,1
937524,761423,1
923935,761511,1
933950,761579,1
933152,761677,1
906103,761690,1
937534,761696,1
898367,761796,1
937717,761812,1
930521,761838,1
937613,761847,1
937536,761874,1
937720,761931,1
922284,761942,1
908475,761949,1
904500,761960,1
909465,761968,1
927705,761979,1
926978,761985,3
906803,761998,1
937617,762003,1
937618,762053,3
937664,762064,1
909797,762077,1
937724,762080,2
937619,762088,2
949664,762099,1
954245,762163,2
933754,76222,1
924116,762263,1
920806,762295,3
922791,762325,1
937623,762328,1
913841,76235,1
904739,762405,3
925429,762514,1
937625,762536,1
927140,762715,1
952810,762750,1
905867,762759,2
898136,762778,1
937688,762796,1
937563,762800,1
897735,762823,1
937566,762887,1
916754,762912,1
923498,762950,1
921749,763030,2
926636,763184,1
902224,763190,2
920223,763255,1
937648,763293,1
956905,763343,1
928113,763380,1
929974,763581,1
937589,763588,2
931484,763638,1
900696,763721,1
922602,763725,1
907312,763729,3
929027,763742,1
903528,763743,1
937857,763773,1
936133,763774,1
937710,763787,1
937765,763829,2
927106,763863,1
937803,763985,1
913912,763992,2
900575,764009,1
918153,764042,1
936685,764067,1
937776,764188,1
937777,764285,2
937778,764321,1
905305,764400,2
959192,764407,1
937917,764457,1
909774,764459,1
917108,764461,2
920105,764592,1
937876,764726,1
937924,764729,1
926623,764733,2
937877,764753,1
919750,764760,1
901885,764900,1
937929,764963,1
925216,764965,1
937829,765004,2
923307,765069,1
898909,765099,1
950610,765153,1
899695,765237,1
937932,765240,1
922893,765286,1
936572,765379,1
937885,765429,2
922820,765441,1
958770,765508,1
937939,765539,1
937940,765585,2
919467,765625,2
937844,765672,1
959057,765692,1
926794,765770,1
928938,765793,1
946352,765811,2
937847,765821,1
937799,765847,1
927134,765853,1
931584,765877,1
954528,765920,2
937897,765930,2
937850,765960,1
909780,765961,2
949387,766013,2
912193,766046,1
935372,766182,1
927607,766191,1
950734,766194,1
938061,766314,1
930355,766319,1
933527,766500,2
938024,766587,2
938028,766805,1
937979,766930,1
937983,766967,1
938114,767101,1
904044,767127,1
938076,767201,1
927863,767351,1
936433,767391,1
923657,767397,1
902840,767425,2
938032,767471,1
929367,767609,1
938125,767644,2
903679,767650,1
895651,767665,1
959782,767798,1
916442,767843,1
936790,767850,1
911268,767867,2
938081,767915,1
926372,767941,1
897562,768109,2
938133,768182,1
900962,768202,1
920278,768206,1
938136,768346,1
938003,768349,1
945660,768479,2
937278,768517,1
938087,768544,1
932958,768551,1
921775,768558,1
938033,768679,1
911521,768800,1
938011,768846,1
931320,768866,1
932278,768871,1
938091,768967,1
938143,769012,1
938145,769147,1
938154,769373,1
901656,769377,2
896743,769452,1
938051,769493,1
950375,769522,1
938052,769530,1
920699,769640,1
946012,769654,1
916186,769678,1
958652,769706,1
930001,769719,1
921017,769755,2
934328,769917,1
958427,769956,1
927455,769999,1
850466,770181,1
922362,770207,1
919517,770241,2
895538,770275,1
921518,770309,1
928593,770430,2
918193,770632,1
928419,770636,1
921580,770640,1
920323,770673,1
915745,770675,3
933942,770728,1
938200,770752,1
897300,770766,2
924077,770823,1
930130,770878,1
938250,771041,2
936016,771141,1
938167,771177,2
938207,771210,1
938210,771329,1
919054,771331,1
938257,771376,1
938260,771441,1
938216,771524,1
930581,771664,1
934177,771669,1
938262,771684,1
938219,771702,1
932689,771805,1
938178,771816,1
938222,771841,1
938320,771888,1
938224,771926,1
929495,771973,1
931486,772080,1
934640,772085,1
934310,772186,1
937842,772187,1
936681,772188,1
937522,772239,1
938182,772244,1
938184,772339,1
938325,772350,1
938330,772519,1
908838,772553,2
905539,772571,1
938331,772576,1
932944,772587,1
947299,772637,1
924868,772665,2
902326,772709,1
916019,772748,1
938231,772800,1
908691,772973,3
933040,773130,2
938274,773167,1
938335,773270,1
949273,773305,1
938393,773331,2
936047,773402,1
905698,773540,2
914215,773658,1
946298,773750,1
938450,773808,1
938403,773832,1
929200,773842,1
938496,773892,1
927802,774097,1
924800,774122,1
938339,774144,1
917253,774170,1
938455,774210,1
938502,774373,1
953481,774398,1
930569,774510,1
920041,774649,1
934691,774666,2
938348,774672,1
938415,774679,1
946796,774837,1
949613,774932,1
938513,775067,2
902766,775076,1
938355,775080,1
938467,775126,1
937204,775255,2
925173,775289,1
895681,775516,1
909637,775540,1
936992,775622,2
925734,775672,1
911160,775679,1
914274,775718,1
938474,775748,1
923949,775756,1
927977,775849,1
938371,775876,1
897587,775939,1
938373,776079,1
907524,776207,1
938377,776284,1
938380,776440,1
949884,776532,1
935670,776538,1
938532,776714,1
948890,776715,1
937643,776746,1
901499,776764,1
927830,776817,2
938383,776822,1
938536,776843,1
938538,776906,1
938387,777054,1
936351,777144,2
923328,777177,1
934186,77724,1
938630,777298,2
957086,777301,1
933083,777313,3
954792,777473,1
938636,777517,1
938603,777543,1
924917,777708,1
850472,777762,2
918743,777789,1
938608,777901,1
930186,777958,2
938610,777990,1
921582,778046,1
916181,778050,1
938559,778068,1
920193,778116,2
937133,778184,1
938060,778249,1
938618,778271,2
938621,77838,1
900452,778421,1
938569,778442,1
899171,778833,1
938623,778854,1
850473,778898,1
930035,778950,1
908014,778954,1
905854,778970,1
916744,779012,1
901736,779069,1
938662,779131,1
895684,779136,3
850475,779203,1
938627,779294,1
947812,779462,1
938717,779532,1
938715,779681,1
895557,316017,1
895799,316100,1
895570,316220,1
896119,316344,1
896122,316444,1
896017,316509,1
895589,316512,1
895829,316518,1
896020,316523,1
896131,316687,1
896025,316694,2
895837,31672,2
947038,316849,1
896138,316920,1
895853,316995,1
896040,317112,1
895622,317127,1
896044,317229,1
948628,317360,1
895874,317384,1
896340,317520,1
896161,317528,1
949322,317616,1
896343,317619,3
896167,317660,1
895655,317780,1
896627,317827,1
896354,317865,1
896356,317892,1
895668,317934,1
896201,317958,1
896185,317969,2
896207,318139,1
896369,318142,1
896644,318172,1
896371,318189,1
896647,318201,1
896215,318378,2
896384,318465,2
896659,318487,1
896223,318710,1
896395,318765,1
896398,318865,1
896232,318962,1
896402,318996,2
896678,319130,1
896409,31921,1
896251,319559,1
896419,319560,1
896267,320233,1
896713,320306,1
896269,320324,1
896439,320340,1
896441,320415,1
850852,320427,1
896717,320457,1
896721,320564,1
896278,320575,1
896449,320595,1
953438,320599,1
896296,320903,1
896571,321002,1
896479,321278,1
896581,321284,1
896485,321381,1
896764,321626,1
896324,321775,2
897168,321890,2
896606,321969,2
896932,322252,2
896558,322310,1
896934,322322,1
896816,322616,1
896791,322972,2
897050,323012,2
897052,323135,1
897206,323144,2
896800,323147,3
955203,323171,1
896957,323176,1
897212,3234,1
896959,323414,2
896808,323437,1
897219,323532,1
897076,323789,1
896821,323919,3
897082,323972,1
896979,324037,1
896981,324100,1
897089,324108,1
897238,324119,1
897239,324182,1
954295,324476,1
897251,324602,1
896845,324619,1
897253,324645,1
896996,324795,1
897259,324838,1
896855,325108,1
896864,325466,1
897013,325478,1
897018,325588,1
896873,325618,1
897281,325665,1
896880,325772,1
897025,325777,1
896881,325816,1
897026,325818,1
897291,32590,1
896883,325902,2
896888,325996,1
896889,326090,1
897443,326370,1
897702,326483,1
896907,326529,1
897151,32655,1
897711,326689,1
897456,326820,2
897310,326847,1
897161,326872,1
897722,327083,1
897319,327175,1
897574,327236,1
897328,327425,1
897334,327569,1
897480,327688,1
897589,327697,1
897741,327701,1
897607,328234,1
897755,328290,1
897496,328295,1
897612,328407,1
897355,328415,2
897616,328494,2
949274,328768,1
897370,329202,1
897783,329272,1
897517,329287,1
897784,329358,1
897636,329387,1
897378,329500,1
897641,329559,1
896667,329591,2
897385,329629,1
897647,329783,1
897794,329811,1
897648,329834,1
897388,329863,1
897549,330180,2
897550,330207,1
897813,330351,1
897815,330465,1
897415,330520,1
897670,330524,1
897968,330801,1
897682,330946,1
897974,331022,1
897685,331108,1
898243,331171,1
897979,331215,1
897690,331298,2
897991,331613,1
897997,331811,1
898268,332049,1
898005,332114,1
897850,332134,1
898006,332148,1
954845,332241,1
898117,332300,2
898016,332430,1
946925,332470,1
898018,332484,1
898287,332567,1
897867,332727,1
897875,333032,1
897878,333173,1
898147,333200,1
898313,333231,1
898039,333254,1
898154,333300,1
898322,333348,1
898158,33338,3
948648,333409,1
898044,33342,1
898046,333463,1
898331,333516,1
898058,333805,1
898177,333980,1
949372,334007,1
897916,334127,1
897920,334260,1
900789,779698,1
916810,779836,1
915418,77984,1
947765,779961,1
924513,779962,2
895685,780023,1
931621,780052,1
938768,780095,2
938810,780097,1
895784,780136,1
926571,78016,2
906652,780227,1
928766,780280,1
924251,780322,1
929639,78037,1
906394,780383,2
937709,780609,1
954964,780742,1
951612,780815,1
909294,78091,1
933916,780918,1
938779,780967,1
938817,780972,1
933864,781020,2
937377,78105,1
936769,781077,2
900787,781079,1
947557,781085,1
938737,781137,1
918392,78121,1
910251,781254,1
938741,781292,2
954292,781423,1
937094,781568,1
938788,781662,1
938789,78172,1
938876,781992,1
946910,782006,1
937569,782056,1
938752,78227,1
921976,782327,1
937995,78238,1
937741,78241,1
938795,782424,1
921211,782428,1
938754,782441,1
850483,782447,1
919607,782462,1
926312,782539,1
938797,782572,1
911980,782653,1
928146,782659,1
938252,782824,1
900371,782838,1
907565,782930,1
938764,782944,1
938800,782946,2
948872,783020,1
922788,783055,1
938888,783086,1
937424,783687,1
921858,783692,2
938939,783736,1
938940,783785,1
931786,783953,2
938943,784092,1
937527,784136,1
936272,784138,1
921088,784183,1
895890,784272,1
905432,784345,1
922331,784426,1
938946,784435,1
936931,78489,1
952508,784958,1
951792,785028,1
936620,785054,1
951829,785059,1
916576,785091,1
926445,785097,1
921173,785132,1
932957,785246,1
938952,785313,1
938997,785349,1
918200,785380,1
938063,785427,1
927454,785440,1
905953,785484,1
932085,785586,1
953476,785612,1
950133,785669,1
938501,785796,1
939001,785892,1
937179,786026,2
948879,786106,1
938961,786225,1
918385,786276,1
930626,786479,1
924639,786501,1
900538,786542,1
939008,786593,1
897555,786594,1
956783,786665,1
939074,786772,1
939011,786795,2
926759,786885,1
908744,786891,1
939076,786957,2
939014,787093,4
958858,787097,1
924785,787381,1
934634,787391,2
939021,787409,2
926484,787421,1
921471,787559,2
901816,787883,1
924572,787968,3
939092,787980,1
900723,788038,2
912829,788045,1
925442,788093,1
939035,788104,1
939150,788235,2
936098,788240,2
937238,788253,1
939154,788492,1
937573,788731,1
926419,788782,1
921274,788798,1
905860,789005,1
937357,789114,1
937112,789117,1
904617,789135,1
930556,789170,1
939167,789335,2
916740,789426,1
923220,789542,1
929531,789556,1
921157,789692,1
945331,789786,1
924174,789817,2
919132,789917,1
939249,789958,2
933181,790216,2
909951,790241,2
921879,790267,1
933203,790274,1
927982,790350,1
910093,790354,1
902236,790358,1
939122,790445,1
916179,790461,1
909358,790578,1
923511,790741,2
939258,790750,1
939213,790809,1
906255,790851,1
895787,790968,2
939180,790990,1
939216,791123,1
923231,791127,1
925069,791162,1
939218,791199,1
939261,791231,1
939220,791325,1
939131,791339,1
912364,791600,1
939222,791701,1
922963,791765,1
922003,791792,2
929101,791831,1
912179,792294,1
939224,792447,1
935579,792459,1
939414,792475,1
905154,792610,2
910866,792615,1
918105,792872,1
928015,792942,2
939319,792973,1
939376,793003,2
925139,793247,1
947843,793299,1
900218,793384,1
938225,793425,1
850490,793431,1
920623,793558,1
939379,793594,1
934292,793624,3
904039,793629,1
933682,793696,1
906190,79371,1
939430,793982,1
936251,794096,1
898112,794133,1
938553,794201,1
896382,794296,2
927797,794602,1
953497,794743,1
909004,794890,1
939392,795059,1
901074,795145,1
921648,795295,1
933756,795480,1
939295,795553,1
938286,795563,1
925851,795565,1
923756,795578,1
922478,795595,2
900264,79565,1
939300,795723,1
945640,795757,1
905763,795772,3
939365,795950,1
908071,796033,1
895691,796043,1
939303,796077,1
930087,796111,2
900475,796176,2
918299,79619,1
917272,796193,1
955177,796235,1
950048,796245,1
934871,796323,1
926948,796386,1
956991,796622,1
937409,796661,1
938078,796710,1
939455,796718,1
911028,796827,3
950416,797016,1
924934,797030,1
938799,797117,2
902449,797227,1
937716,797237,1
922970,797326,1
939459,797376,2
932651,797517,1
959446,797724,1
932348,797826,2
939502,798036,1
913013,798324,1
939510,798514,1
921215,798765,1
939477,798893,1
928232,798895,1
933780,798935,1
900639,798939,1
921770,799180,2
916352,799259,1
928985,799352,1
937305,799394,1
939521,799471,1
925927,799514,1
938913,799515,1
922113,799526,1
921024,799668,1
925522,799684,1
903347,799728,1
939615,79987,1
912905,800054,1
935723,800189,1
914826,800245,2
908399,800263,2
922254,800285,1
939625,800312,1
906115,800501,1
910515,800546,1
929731,800748,1
906267,800815,1
921042,801033,1
935518,801040,2
934221,801163,1
939813,801178,1
937137,801179,1
907488,801219,1
927227,801253,2
939657,801392,1
939285,801401,1
952966,801436,1
903440,801452,3
915336,801458,1
939694,801464,2
903196,801494,2
919629,801656,1
939738,801658,1
927202,801669,1
925748,801674,1
899716,801687,1
928870,8017,2
952731,801854,1
928888,801996,1
931835,802019,2
939822,802068,1
934785,802165,1
918224,802226,1
939669,802244,2
928078,802277,1
901447,802404,3
895954,802472,1
938935,802525,1
939757,802573,1
904939,802623,2
920396,802648,1
939675,802793,1
915067,802795,3
914894,802871,1
906993,802889,2
918397,802891,4
896700,802906,2
937764,802979,1
931716,802996,1
850501,803001,2
939679,80301,1
933335,803038,1
910128,803170,1
922932,803207,3
906945,803270,2
939714,803273,1
930250,803344,1
930862,803377,1
939778,803475,1
947180,803478,1
956925,803484,1
939844,803505,1
939770,803512,2
933860,803528,2
907733,803539,2
850504,803551,1
939772,803566,1
897946,803583,3
929457,803698,1
916260,803718,1
927964,803725,1
939781,803833,1
931606,803882,3
927457,803945,1
900071,803976,1
895955,804001,1
905008,804017,1
938560,804027,1
914136,804184,1
938885,804185,2
939860,804248,1
939522,804264,2
913801,804300,1
924798,804387,1
939916,804435,1
923233,804626,1
939790,804659,1
924587,804696,1
913552,804698,1
920388,804702,3
939246,804715,1
939301,804786,1
923866,804841,2
939872,804872,1
949994,804932,1
898596,804962,1
939919,804982,1
929415,805064,1
934494,805155,1
939795,805174,1
939967,805223,2
925471,805261,1
926057,805335,1
928026,805426,1
922413,805489,2
952804,805724,1
939889,805897,1
939940,805928,1
900052,806133,1
939983,806315,1
901063,806354,2
909289,806372,1
931642,806441,1
949407,806453,1
956855,806666,1
953851,806682,1
920210,806707,2
958769,806804,1
919885,806928,1
938495,806972,1
940037,806991,1
940038,80702,1
959359,807030,1
934540,807088,1
930523,807117,2
922056,807218,2
898325,807250,1
912140,807302,1
932693,80732,2
937984,807468,4
940097,807612,1
908331,807617,1
920335,807621,1
903536,807698,1
940142,807722,1
909507,807727,1
932012,807759,1
925343,807868,1
951450,807938,1
921422,808000,1
940099,808068,1
907016,808079,1
940048,808092,1
940013,808190,1
940051,808242,1
928409,808330,1
940102,808393,1
948897,808395,1
940016,80844,1
915108,808536,1
923387,808545,1
899674,808568,1
902024,808589,2
940108,808671,1
940153,808673,1
940059,808687,1
932495,808720,1
908479,808797,2
921385,808843,1
940064,808902,1
934340,809083,2
940067,809100,1
919137,809306,2
936603,809316,1
927673,809473,1
918303,809480,1
906470,809524,1
954841,809547,1
950485,809676,1
940167,809864,1
940127,809919,1
903240,809920,1
940129,809968,1
933583,810014,1
934306,810016,1
927544,810032,1
940317,810131,1
930269,810165,1
920413,81024,2
953511,810395,1
927731,810416,3
940012,81056,1
938820,810678,1
930528,810699,2
940261,810718,1
927163,810987,1
953705,811056,1
940215,8111,1
928898,811130,1
907594,811135,1
925798,811195,1
940269,811220,1
938229,811388,1
937823,811425,1
935387,811476,1
940275,811551,3
911678,811559,1
927635,811645,1
921771,811724,1
908164,811844,1
906180,811908,1
940222,811978,2
922226,812053,1
932199,812092,1
940190,812239,1
940334,812256,1
952673,812280,1
940335,812361,1
952672,812365,1
900875,812598,1
931090,812686,2
922243,812878,1
940343,813056,1
948902,813086,1
940344,813110,1
937297,813271,1
926454,813352,1
940243,813382,1
924717,813444,1
940249,813702,1
905872,813715,1
914946,813720,1
940349,813801,1
938386,813843,1
909244,813983,2
920813,814014,1
930117,814058,1
956647,814073,1
940255,814083,1
940363,814141,1
940315,814164,1
899810,814189,1
905643,814236,1
940358,814262,1
905037,814266,1
940450,814466,1
939665,814780,1
910077,814835,1
948903,814985,2
936581,815212,1
940416,815337,1
929789,815462,1
940503,815499,1
935385,815584,1
940462,815625,1
940378,815890,2
958568,815919,1
958346,815920,1
927258,815930,2
940466,815931,1
895801,816025,1
850514,816262,1
940388,816317,1
850515,816373,1
940524,816375,1
950797,816449,1
926570,816541,1
940394,816709,1
930625,816771,2
922836,817002,2
901694,817035,1
940398,817076,1
925880,817104,1
951759,817115,1
940483,817131,1
930659,817349,1
937199,817403,2
907818,817489,1
907152,817520,1
935076,817589,1
921969,817627,2
940442,817664,1
940487,817696,1
938984,817702,1
927519,817853,1
959342,817866,1
898665,817887,1
940555,818040,1
922017,818046,1
948904,818265,2
940600,818425,1
916131,818614,1
940637,818654,1
940606,818929,1
926038,819051,1
921979,819215,1
932202,819413,2
936403,819467,2
929749,819520,1
929626,819523,1
915828,819525,1
897042,819574,2
940572,819730,1
931583,819734,1
909802,819790,1
920032,819942,1
906870,820008,1
931520,820010,1
905473,820034,1
905664,820058,1
939407,820078,1
933937,82021,1
940620,82022,1
927538,820411,1
934699,820429,2
940656,820459,1
907294,820502,2
903874,820505,1
940657,820518,1
931839,820526,2
940580,820538,1
940689,820549,1
933463,820557,1
940624,82057,1
933271,820676,1
939836,820704,1
940627,820786,1
928340,820799,1
954119,820834,1
940628,820854,1
947556,820860,1
953026,821036,1
940662,821118,2
940588,821119,1
939681,821170,1
922251,821246,1
948915,821287,1
904015,821392,1
928054,821480,1
940511,821485,1
906748,821516,2
940665,821606,1
914746,821618,2
925195,821630,1
931538,821724,1
938448,821725,1
938056,821800,3
940697,821818,1
931669,821829,1
931912,821922,2
911453,821960,1
936485,822162,1
940784,822215,1
940711,822363,1
947513,822374,1
940787,822377,1
921044,822476,1
938254,82255,1
905260,822614,1
950166,822619,1
939405,822662,1
940613,822691,1
924216,822845,1
940792,822867,3
946427,822874,1
905109,822937,2
931198,822957,2
850518,822960,1
940751,822972,1
907309,82301,1
937088,8231,1
939478,823151,1
927691,823176,1
940834,823321,1
921527,823435,2
949511,823462,1
940804,823611,1
940756,823618,1
940725,823636,1
940760,823841,2
909514,823923,1
940807,823983,1
927297,823988,1
921155,824007,1
951014,824222,1
934926,824252,1
940764,824284,1
914358,824430,1
927279,824445,1
919781,824508,1
954048,824560,1
926727,824654,3
940853,824699,2
940245,824725,1
940813,824747,3
910625,824797,1
922577,824839,1
930885,824850,1
940739,824865,1
940855,824879,1
918582,825072,1
922041,825184,1
940856,825197,1
908450,825288,2
940744,825300,1
940857,825340,1
929622,825344,1
905500,825408,2
927092,825421,2
933805,825436,1
937766,825467,1
940777,825486,1
938668,825661,2
950622,825691,1
928451,825694,1
935662,825813,1
933488,825862,1
940819,825938,1
940822,826055,1
950739,826113,1
907775,826275,1
895700,826303,1
901901,826325,2
934860,826450,1
947263,826479,1
924570,826704,1
939986,826809,1
905200,826814,1
923613,826845,1
915963,826984,2
940876,827032,1
930845,827086,1
940964,827097,1
957014,827128,1
948913,827265,1
940879,827288,1
906448,827596,2
936896,827777,1
959899,827787,1
905129,82779,1
936986,827806,1
936372,827884,2
954627,827889,1
940886,827901,1
900582,827940,2
920906,827958,1
940973,827982,1
937726,828029,1
940979,828320,1
938643,828366,1
940980,828381,1
910525,828415,1
940893,828429,2
923091,828609,1
941062,828760,2
940828,828874,1
931683,828920,2
923128,829008,1
940990,829096,2
941070,829242,1
901753,829309,1
907090,829505,1
940992,829607,1
940900,829616,1
940902,829866,1
933321,829897,1
941086,830011,1
923035,830028,1
904958,830051,2
926219,830061,1
940996,830095,1
936539,830139,1
926250,830140,1
941090,830210,1
940906,830224,2
850523,830251,1
909871,830267,1
901771,830325,1
908035,830330,1
940910,830596,1
923339,830834,1
923997,830942,1
941166,831011,1
919438,831370,1
924487,831389,1
924971,831427,1
910025,831635,1
941128,831770,1
941172,832071,2
926336,832072,1
951888,832364,1
934031,832373,1
941133,832584,1
940444,832603,1
946740,832744,1
898473,832775,1
932901,832781,1
937832,832873,2
941135,832928,1
920556,832958,1
952697,833279,1
903632,833765,1
945815,833874,1
940285,833903,1
931598,833922,1
937530,834344,1
903666,834591,1
897980,834715,1
909439,834719,1
940800,834734,1
941114,834862,1
935558,835055,1
923605,835189,1
922490,835513,1
938720,835578,1
926558,835579,1
941150,835594,1
941188,835652,1
933119,835862,1
902894,835995,2
895966,836005,2
914466,836126,1
941037,836132,1
954224,836179,1
926862,836216,1
941244,836271,1
903646,836279,1
920494,836299,2
922137,836324,1
922024,836419,1
905784,836456,1
934745,836476,1
957002,836751,1
941273,836838,1
941211,836935,1
941209,836977,1
913183,83701,1
936087,837064,1
937208,83711,1
940943,837208,1
927265,837278,1
924533,837292,1
896204,837333,1
917589,837407,1
941214,837416,1
938957,837432,1
929463,837531,1
958350,837547,1
925553,837561,1
941310,837578,1
946884,83762,1
933260,837621,1
940280,837630,1
938757,837763,1
927999,837790,1
896370,837846,2
941284,838040,1
899611,838075,1
941219,838182,2
941287,838379,1
941225,838748,1
941288,838811,1
923281,838842,1
941227,838887,1
941316,839102,1
896636,839153,1
959387,839231,1
922675,83924,1
909519,839379,1
920157,83946,1
958596,839599,1
926395,839626,1
917922,839681,1
941264,83969,1
912163,839846,1
928476,839897,1
947698,839938,1
939716,840242,2
921035,840293,2
941234,840370,1
939950,840445,1
941301,840499,1
931164,840812,1
926430,840828,1
850534,841024,1
941330,841151,2
938672,841161,2
941372,841191,1
919919,841195,1
937186,841220,1
929619,841226,1
923197,841255,1
953194,841280,1
920051,841316,1
941391,841321,1
929933,841335,1
941333,841432,1
941373,841453,1
940080,841467,1
898328,841560,1
941375,841716,1
941393,841736,1
924850,841765,1
926227,841848,2
929486,841898,1
941341,841950,1
903263,841994,1
956953,842010,1
941422,842501,2
895968,842891,1
941438,842990,1
900984,843027,1
941439,843161,1
941355,843267,1
922356,843680,1
958912,843804,1
941405,843933,1
941231,843973,1
903978,843983,1
954059,844104,1
941357,844135,1
931692,844446,1
938017,844458,1
941446,844602,1
941412,844643,1
921925,844704,1
921598,844922,1
919574,844961,1
932887,844966,1
905736,844991,1
939633,845053,1
939789,845059,1
927486,845194,1
929210,845259,1
918797,845408,1
922293,845441,1
922077,845544,1
941419,845613,2
935345,845702,1
947578,845777,1
923915,845801,1
941544,845838,2
938842,845954,2
922012,845986,1
935675,845993,1
941491,846111,1
934000,846368,2
932035,846392,1
895970,846454,3
903075,846466,1
941470,846467,2
895718,846535,1
931361,846551,1
898844,846570,1
912432,84658,3
926994,846628,1
937320,846634,1
899034,846718,1
955077,846743,1
933179,846853,1
953563,846952,1
921300,847017,2
915803,847018,1
926337,847080,1
899076,847105,1
929291,847150,1
903353,847157,1
946968,847544,1
941501,847613,2
941534,847614,1
924746,847722,2
927530,847738,3
933092,847774,1
941536,847784,1
936187,847836,1
937505,847865,1
941507,847958,1
941540,84798,1
909048,847982,1
911557,848148,2
934367,848190,1
932712,848271,4
920309,848290,1
936116,848292,1
937438,848296,2
941589,848304,1
933069,848317,1
911084,848332,1
936729,848352,2
918370,848372,1
940984,848379,1
923448,848392,1
938972,848518,2
946435,848585,1
921458,848715,1
903087,848738,2
928155,848881,2
941576,848912,1
932993,848939,1
921488,848957,2
933434,848968,1
917883,84901,1
941632,849010,1
908173,849047,1
906564,849055,1
930029,849056,1
925828,849090,1
921487,849094,2
941580,849174,2
921713,84920,2
941661,849202,1
941664,849305,1
941583,849406,1
941668,849433,1
910835,849468,2
937786,84949,1
941669,849494,1
897993,849554,1
931461,849555,1
922269,849593,2
941643,849691,1
941585,849696,2
927917,849742,1
941646,849768,1
930980,849794,1
955446,849801,1
940460,849833,1
936669,849942,2
941619,849952,2
941711,849999,2
931184,850005,1
850536,850044,1
941712,850065,1
908198,850096,1
953906,850150,1
903766,850154,1
927303,850170,2
941779,850207,1
930915,850212,1
906491,850250,1
932328,850271,1
951305,850277,1
937248,850301,1
956610,850327,1
941159,850336,3
906114,850477,1
941786,850523,2
955324,850544,1
923408,850565,2
923016,850569,1
945503,850587,2
941787,850599,2
919933,850631,1
941687,850635,1
941724,850693,1
914591,850805,1
906356,850838,1
910042,850888,2
941728,850941,1
908108,850994,2
941691,851030,2
941761,851146,1
919526,851207,1
927954,851219,1
907820,851237,1
929249,851247,2
936457,851336,1
941797,851378,1
900483,851420,1
941766,851435,1
937232,851468,2
941769,851539,1
941739,851542,1
904143,851556,2
896253,851562,1
911005,851565,2
939420,851593,1
934538,851627,1
941742,851706,1
941698,851763,1
904549,851770,1
941699,851825,1
941745,851858,2
946374,851889,1
926131,851892,2
903725,851970,1
905941,851986,1
895901,852107,1
933085,852111,1
927882,852158,1
940722,852287,1
941706,852288,1
929733,852406,1
937588,852432,1
934148,852480,1
939833,852491,1
933099,852548,2
924866,852577,1
941882,852605,1
937490,85261,1
906771,852624,1
930227,852656,1
927501,852659,2
950537,852731,2
941886,852733,1
939830,852759,1
938451,852920,1
938889,852939,1
929139,852962,1
956849,852995,1
941575,853007,1
941924,853065,2
929976,853174,1
937834,853255,1
897655,853257,1
918899,853343,1
928608,853350,1
911109,85339,1
941837,853420,1
951269,853456,1
940425,853501,2
905537,85351,1
937846,853570,1
921429,85368,1
941937,85381,1
921010,853958,2
929212,854022,2
922095,854037,2
925153,854060,1
939105,854103,1
906823,854138,1
939696,854173,2
941906,854184,1
924964,854224,1
959018,854253,1
895724,854255,2
897809,854307,1
925746,854319,2
927522,854321,2
941873,854350,2
941910,854418,1
950963,854456,1
937442,854749,1
954968,854764,1
941879,854794,2
928067,854810,2
900659,854828,2
941965,854841,2
941880,854843,1
941262,854887,1
922207,85489,1
945511,854980,1
913733,855088,1
896577,855095,2
954736,855203,1
947331,855430,1
947474,855538,1
902872,855566,1
896638,855572,1
850540,85559,1
939028,855602,1
948936,855677,1
917113,855703,1
942071,855706,1
897531,855709,1
928190,855732,1
941977,855748,1
927476,855755,1
948937,855824,1
925158,855833,1
908585,855862,2
929983,855929,1
907127,856048,3
902163,856076,1
942039,856151,1
939109,856203,1
930213,856222,1
850541,856294,1
915276,856447,1
942015,856464,1
941983,856478,1
942017,856909,1
902808,856959,1
942084,857156,1
912055,857158,1
937340,857266,1
897493,85733,1
927440,857363,1
941993,857364,1
909945,857419,1
942085,857545,1
935645,857555,1
911625,857642,2
941418,857720,1
906529,858034,1
936329,858091,1
937122,858114,1
896922,858127,1
934175,858214,2
922092,858239,1
940729,858298,1
940852,858311,2
904078,858686,1
934772,858784,1
901889,858807,1
936029,858872,1
938423,858876,1
908926,858909,2
898452,858970,1
942064,858978,1
899155,859091,1
905324,859126,1
942170,859131,1
950742,859189,1
939571,859223,1
953597,859273,1
941146,859704,1
923459,859868,1
942142,859941,1
928641,860052,1
924169,860225,1
918166,860251,1
942099,860347,1
942177,860529,1
936789,860615,1
908793,860741,1
941502,860873,1
917476,860885,1
938002,860930,1
959771,860938,1
937247,861069,1
938499,861119,1
936083,861129,1
942182,861139,1
850543,861147,1
940238,861245,1
921912,861362,1
923159,861441,2
938641,861572,1
930534,861603,1
931107,861774,1
921164,861777,1
950933,861812,1
916602,86182,1
940369,861861,1
942112,861951,1
939660,862514,1
922155,862589,1
928757,862604,1
934896,862619,1
931226,862624,1
937838,862687,1
947740,862754,1
928501,862866,1
953808,863088,1
911671,863127,1
959498,863305,1
939981,863350,1
918481,863394,1
850545,863402,1
941466,86345,1
896903,863451,1
940143,863522,1
923665,863653,1
939976,863753,1
923101,863767,1
906432,86380,1
942123,863818,1
915553,863954,1
850548,863965,1
926242,863998,1
923102,864086,1
950770,864180,1
924606,864220,2
914513,864278,2
908572,864325,1
958709,864393,1
923075,864479,1
950337,864571,1
935126,864579,1
924284,864698,1
936076,864718,2
942314,864724,1
942316,864761,1
923280,864785,1
942233,864828,2
959748,864837,1
942319,864896,1
936799,864910,1
946344,864925,1
942207,865025,1
912721,865123,1
953926,865143,1
928606,865214,1
896716,865217,1
942215,865370,3
942329,865388,1
948958,865516,1
941480,865555,1
939289,865563,2
942113,865720,1
933101,865756,1
942279,865831,1
918094,865912,3
905887,865939,1
953443,866096,1
934978,866145,1
942337,866313,1
925060,866328,1
927565,866437,1
929362,866493,1
959473,866536,1
939793,866647,1
930680,866732,1
942289,866880,1
850553,867076,1
895907,867133,1
938385,867319,1
850554,867417,1
850555,867440,1
942301,867779,1
917259,867936,1
942259,867967,1
938602,867991,1
909768,868052,1
932131,868064,1
933242,868161,2
920913,868162,2
947705,868176,1
924090,868179,2
942307,868307,2
942360,868320,1
942001,868395,1
923174,868448,1
937003,868473,1
923332,868546,1
904058,868568,1
936095,868736,1
942393,868826,1
942364,868862,3
939972,868879,3
900613,868997,1
927310,869075,1
921162,86908,1
942366,869093,1
924663,86917,2
942397,869231,2
942509,869275,1
940314,869350,1
942510,869368,1
951594,869391,1
850563,869424,1
942373,869434,1
942403,869439,1
918065,869512,1
919717,869526,1
924633,869548,1
918819,869553,1
958360,869603,1
942223,869766,1
924173,869866,1
930382,869903,1
939139,870211,1
942518,870218,1
929230,870258,1
942521,870344,1
906125,870369,2
921799,870474,1
930780,870475,1
932623,870519,1
937508,870546,1
931594,870558,2
942419,870641,1
945755,870805,1
935403,870976,1
940389,871135,1
920935,871182,1
937311,871201,1
904137,871323,1
950254,871336,1
937132,871507,1
942426,871803,1
942526,871815,1
937315,871820,1
936834,871868,1
946596,871906,1
905025,871915,1
903410,872070,1
942531,872200,1
942461,872236,1
902546,872368,1
942464,872485,1
905050,872498,1
942471,872592,2
930431,872686,1
951584,872717,1
949409,872738,1
924880,872780,1
901554,873115,1
924630,87316,2
931811,873186,1
901240,873353,1
942483,873468,1
920747,87347,2
942484,873514,1
954791,873584,1
942614,873605,1
911826,873606,1
940198,873622,1
942616,873643,1
901263,873745,1
928008,873749,1
929356,873821,1
919756,874017,1
918623,874024,1
956812,874063,1
937481,874069,1
919666,874075,1
936646,874107,2
942543,874113,1
914792,874115,1
899246,874126,1
928111,874228,1
908498,874237,3
934200,874336,1
934928,874382,1
895818,874444,1
945746,874518,1
924962,874658,1
942625,874681,1
932822,874789,1
924916,874805,1
924346,874815,2
923516,874820,1
942629,874921,2
917593,874923,1
942547,874933,1
942548,875012,1
923976,875141,1
938906,875290,1
931935,875303,1
955223,875368,1
931294,875407,2
920741,875492,1
947572,875538,1
959945,875563,1
939298,875635,2
941075,875650,1
908205,875755,1
952172,875883,1
930077,876253,1
935719,876337,1
934497,876540,2
935124,876697,1
942662,876829,2
912995,876847,1
936749,876860,1
942281,876940,1
941969,87696,2
897203,876984,1
929967,877045,2
921863,877052,1
921639,877070,1
929245,877172,1
946408,877202,1
924706,877262,1
942666,877402,1
901501,877475,1
955007,877836,1
896322,877842,1
942671,877861,1
925799,877871,2
938449,877932,1
940605,877962,1
927699,878061,1
942691,878090,1
922437,878132,1
942692,878253,3
936822,878412,1
924692,878435,2
938195,878535,2
933446,87858,1
941267,878649,1
939419,87868,1
933419,878707,1
942674,878714,1
937017,87874,1
954196,878756,1
946933,878940,1
906461,87910,1
904319,879109,2
942753,879119,1
910856,879138,2
909178,879294,1
921060,879312,1
942086,879367,1
898069,879434,1
941757,879616,1
925634,879708,2
927357,879820,1
940006,879977,1
899167,879983,1
895821,879989,1
924831,879993,2
904241,880015,1
909436,880093,1
910868,880184,1
903236,880295,1
952601,880446,1
942124,880478,1
917320,880531,1
942593,88054,1
905811,880566,1
942813,88074,1
913238,880755,1
942159,880824,1
932985,88093,1
908696,881014,1
911338,881117,1
942814,881173,1
938824,881278,1
942678,881383,1
942788,881433,1
899912,881563,1
929418,881629,1
939984,881829,1
899935,881839,1
908885,88191,1
930515,88228,1
908088,882316,1
939467,882332,1
923309,88237,1
913855,882386,1
909417,882465,1
948924,882843,1
895734,882870,1
942665,882898,1
942858,882962,1
906695,88299,1
942824,883013,1
895736,883038,1
942794,88304,1
942264,883430,1
895823,88345,1
939367,883481,1
933992,883594,1
939370,883732,1
934581,883877,1
942827,884087,1
939312,884099,1
935760,884436,1
900233,88463,2
921670,884710,1
942830,884946,1
941482,885115,1
935141,885203,1
942799,885212,1
924929,885253,1
926766,88534,2
959382,885707,2
942866,88590,1
936070,885971,1
942868,885973,1
936250,886123,1
904975,886165,1
942803,886249,1
941680,886459,1
906087,886540,1
945932,886617,1
942805,886664,1
938530,886740,1
924931,886756,1
931374,886822,1
919549,88693,1
942921,887361,1
942877,887393,1
935263,887656,1
904799,887657,1
942924,887785,1
903281,887836,1
936162,88790,1
938457,888124,1
940484,888259,1
942519,888303,2
940869,888376,1
938217,888434,1
950573,888442,1
942908,888720,1
942954,889038,1
941672,889312,1
942956,889375,1
932188,889502,1
940272,889527,1
911709,889581,1
942936,889789,1
942888,889858,2
907272,889939,1
941780,889942,1
942965,890100,1
910006,890497,1
935306,890510,2
930153,890624,1
942968,890920,1
911734,890947,3
923044,891029,1
938300,891181,1
946897,891279,1
905944,891522,2
920931,891816,1
942917,892334,1
898866,89248,1
910936,892669,3
908464,892691,2
938498,892833,1
939088,892971,1
918285,893008,1
850580,893043,1
910982,893329,1
924354,893357,1
934076,893396,1
948926,893581,1
942172,893709,3
902374,893778,1
896437,893932,1
933388,894086,1
953582,894225,1
948927,894370,1
936222,89442,1
927499,894662,1
929994,8947,1
939947,894716,1
925038,894814,2
943030,894949,2
940890,894951,1
937678,895006,1
926919,895043,1
934399,895123,1
920475,895173,1
928498,895212,1
939358,895372,1
928653,895385,1
934431,895427,1
943058,895595,1
921630,895658,1
928868,895679,1
911367,895734,1
928213,895850,1
923120,895889,1
895825,895912,1
905123,89601,1
937586,896240,1
850583,896243,1
912570,896309,1
942992,896325,1
957038,896347,1
938165,896514,1
948932,896581,1
943065,896609,1
917853,896750,1
945333,896894,1
936205,89690,1
940845,896938,1
929500,897250,1
931926,897269,1
900600,897296,2
954751,897572,1
959249,897576,1
935483,897612,2
898692,897615,1
905166,897621,4
908547,897656,1
850584,897699,1
942998,897790,2
896481,89804,2
928274,898074,1
927850,898130,3
959064,898281,1
937892,898329,1
935658,898411,1
909130,898426,1
935430,898455,1
941964,898498,1
936508,898759,2
921743,898834,2
910399,898838,1
943148,899077,2
941289,899313,2
943131,900199,1
898207,900219,1
918318,900326,1
928224,900548,2
897604,900697,1
951055,900923,1
929992,901171,3
920582,901286,1
928047,901351,1
943041,901374,1
943140,901419,1
938973,901476,1
922484,901698,1
959028,9017,1
943111,901719,1
937434,901748,1
942600,901795,1
928632,902025,2
896153,902065,1
943160,902432,1
906940,902510,1
943049,902600,1
936466,902602,2
941210,902891,1
943162,903038,1
927261,903116,1
930279,903365,1
911120,903375,1
943114,903382,2
922093,903557,2
942204,903602,1
943116,903655,3
941000,903741,3
943117,90380,1
933469,904069,1
943173,904253,2
942500,904416,3
935260,904471,1
926094,904527,1
940253,904574,1
910353,904837,2
919536,904881,1
943192,905085,1
940525,905102,1
926114,905111,1
896605,905190,1
943193,905234,1
940534,905277,1
922969,905337,2
902148,905439,1
956943,905442,1
939841,905638,1
926352,905681,1
933735,905697,3
921820,905750,1
902092,905810,1
943209,905859,1
932379,905867,1
922386,905966,2
942549,906072,2
938437,906081,1
947382,906144,1
935847,906252,2
942476,906266,1
943181,906336,1
954088,906390,1
942213,906432,2
912070,906458,2
937811,906469,2
940591,906541,1
895830,906671,1
943220,906685,1
910294,906764,2
943247,906789,2
943184,906845,1
909156,906876,1
911058,906879,1
943197,906901,1
924424,906902,1
930652,906937,1
941051,906986,1
937919,907026,1
929804,907180,1
943188,907221,1
921266,907344,2
928789,907506,2
896275,907507,1
921599,907551,1
943195,907556,2
943230,907643,1
930645,907671,1
950643,907694,2
896500,907740,1
922514,907781,1
915016,907797,1
936366,907805,1
934798,907942,1
942871,908022,1
921423,908128,1
927246,908176,2
937788,908180,1
913267,908196,3
941747,908256,1
943305,908304,1
943324,908362,1
934071,908439,1
924048,908492,2
924110,908562,1
942460,908586,1
910978,908734,2
932789,908789,1
901336,908829,1
925220,908834,1
938161,908967,1
951261,909177,1
951747,909198,1
909011,909404,1
931721,909418,2
939580,909485,1
903481,909500,1
927696,909540,1
937749,909580,1
923881,909643,1
924051,909704,2
898184,909748,1
926855,909750,1
925351,909776,1
939727,909781,2
943313,909802,1
943331,909805,2
939475,909813,1
901744,909843,2
914223,909848,1
927044,909878,2
934002,909910,1
904670,909920,3
936958,909930,1
926004,910161,1
923803,910191,1
943295,910206,1
922692,910276,2
937002,910327,2
937190,910331,1
943339,910357,1
943048,910409,1
908829,910429,1
955287,910517,1
910558,910577,1
851028,910798,2
916104,910936,1
949369,910938,1
941894,910981,1
911088,911043,2
956825,911050,1
932823,91110,1
920336,911167,2
931826,911211,1
922039,911267,1
938468,91127,1
909441,911283,1
931026,911312,1
924430,911351,1
917605,911362,1
936672,911408,1
927642,911429,2
903280,911473,1
923818,911515,1
948984,911638,1
933551,911642,1
925832,911646,1
902143,911744,2
927012,911814,2
942191,911852,1
920480,911872,2
903515,911882,2
906550,911901,1
929158,911952,1
935461,911964,1
946677,912068,1
942250,912071,1
919948,912074,3
918536,912200,2
942777,912228,1
913123,912238,1
930979,912337,1
954407,912353,1
945688,912373,1
955067,912437,1
938109,912438,1
924061,912439,1
899183,912446,1
918545,912479,1
943403,912543,1
955173,912549,1
930161,912604,1
932181,91269,2
935537,912741,2
943119,912764,1
943385,912775,1
943357,912799,1
905823,912862,1
924037,913100,2
928461,913139,1
903648,913157,2
949122,913212,1
950657,913390,1
943364,913407,1
943410,913421,1
900004,913739,3
928240,913758,2
940428,913771,2
942844,913791,1
924788,913808,2
947292,913849,1
935219,913859,1
943416,913903,2
946835,913913,1
930018,913946,3
937277,914117,1
896425,914122,1
948989,914175,1
922297,914201,1
915479,914271,1
935550,914279,1
943457,914282,1
911688,914306,1
951789,914377,1
924594,914384,1
950584,914410,1
924979,914561,2
910347,914591,1
943461,914612,1
953588,914657,1
947323,914660,1
938914,914699,1
920546,914710,1
946380,914776,1
930309,914812,1
943447,914847,1
920709,914863,1
919078,914871,1
941411,914879,2
941936,914882,1
954225,914898,1
915412,914908,2
902553,914950,1
934202,914952,1
943466,914979,1
942893,915130,2
943422,915184,1
907651,915189,2
899313,915192,1
901920,915242,1
938164,915375,1
949822,915376,1
943450,915418,1
936490,915605,1
939744,915675,1
923064,915766,1
904402,915776,2
942296,915849,1
941043,915898,1
932117,916249,1
908413,916262,1
941839,916294,1
914837,916318,1
921202,916410,1
907701,916510,1
931140,916591,2
948953,916601,1
920256,916794,2
926376,916900,1
952843,916901,1
929714,916907,1
911433,916950,2
906522,917066,1
935841,917094,1
951478,917174,1
921732,917511,1
851225,917569,2
951473,917669,1
920407,917821,1
923804,917853,1
927647,917983,2
903104,917997,1
929225,918048,1
948954,918095,1
910060,918102,1
936169,918173,2
931134,918193,1
943510,918437,1
905354,918489,1
899444,918495,1
936001,918519,1
946372,918574,1
927449,918577,2
915169,918624,1
922275,918644,2
911721,918645,2
912618,918735,1
940875,918751,1
923234,918900,2
896973,918933,1
907320,919316,2
933858,919491,1
937142,919536,1
924335,919548,1
923772,919679,1
956685,919709,1
931949,919720,1
941588,919761,2
952375,919779,1
913633,920003,1
899877,920079,1
929660,920174,1
922107,920189,1
934020,920235,1
933915,920256,2
902072,920604,1
922218,920802,2
940873,920926,2
921394,921002,2
942209,921019,1
943543,921092,1
900290,921126,1
943579,921181,1
943428,921434,1
922148,921449,1
943555,921497,1
933117,921531,1
937542,921538,2
850596,921574,1
943546,921661,1
941555,921721,1
918506,921854,1
937550,921907,3
943033,921926,3
941903,921929,1
938587,921993,2
943565,922101,1
912878,922438,1
948980,92246,1
929202,922777,1
959856,922851,1
943150,922892,3
918746,922903,1
924902,922915,1
941980,923028,1
938298,92304,1
935002,923069,1
941417,923191,2
940898,923271,1
920185,923431,1
938727,923477,1
925989,923584,2
926404,923813,2
952903,923820,1
920746,923835,1
912988,923849,1
936554,923870,1
942245,923879,2
949157,923880,1
937971,923993,1
909544,92414,1
943501,924196,1
911252,924238,1
906656,924254,1
930064,92433,1
933493,924408,2
942524,92441,1
908949,924477,1
915251,924889,1
951476,925086,1
906370,925129,1
905906,925151,2
899049,925289,3
943576,925478,1
943306,925611,1
850839,925636,1
943596,925646,1
936477,925652,1
921758,925705,1
914739,925849,1
943208,925855,1
943619,925927,1
934742,925966,1
945967,925977,1
942980,926015,1
924737,926097,1
934013,926106,1
901478,926160,1
901908,926310,1
943175,926423,2
924672,926470,1
940972,926473,1
851163,926478,1
934146,926497,1
936885,926631,1
933154,926790,1
898877,926872,1
943650,926889,1
943651,926925,1
927127,927125,1
942239,927349,1
947764,927380,1
938138,927432,2
938156,927433,1
943638,927481,1
923303,927577,1
927386,927949,1
923301,928174,2
939697,928314,1
943656,928323,1
943521,928530,1
934136,928715,3
907082,928787,1
933467,929130,1
918821,929186,2
943659,929205,1
925524,929520,1
920940,929551,1
942997,929640,2
942507,929675,1
903778,929819,2
945343,929879,1
908002,930033,1
943235,930068,1
949283,930088,1
909563,930133,2
930688,930148,1
929119,930256,1
927775,930267,1
922050,930519,1
953225,930641,1
930446,930695,1
938343,930796,1
935643,930999,1
943669,931020,1
851426,931029,1
942995,931046,1
918245,931329,1
930038,931341,1
924408,931356,1
943122,93137,1
927709,931408,1
943710,931670,1
925992,931685,1
898448,931772,1
936164,931856,1
907864,931967,1
959813,931981,1
943712,931993,1
943522,932034,1
929973,932076,1
910811,932124,1
929554,932132,1
943691,932320,1
956747,932414,1
943523,932435,1
927721,932481,1
943713,932502,1
943404,932530,1
942710,932543,2
918957,932606,2
942752,932628,1
928199,9328,1
939930,932980,1
921277,93299,1
942352,933208,1
952658,933254,1
943681,933267,1
922127,933295,1
907925,933378,1
937230,933447,1
851029,933521,1
942342,933537,1
943413,933562,1
850927,933599,2
927684,933656,1
913441,933708,2
921512,933758,2
928034,933786,1
903693,933835,1
935868,933951,2
926925,934189,1
924769,934319,1
927450,934348,1
920553,934396,2
933989,934436,1
923014,934442,1
936793,934480,1
926024,934522,1
898621,934527,1
928030,934546,1
942206,934640,2
940149,934684,1
950748,934694,1
932090,934696,1
942458,934831,1
910422,934880,1
918437,934903,2
928353,934971,1
923463,934995,1
939901,935046,1
941360,935105,1
943489,935204,1
943739,935354,1
936447,935372,1
929231,935431,1
908249,935467,1
909192,935645,1
901986,935652,1
943199,935741,2
937379,935834,1
924190,935905,1
941968,935963,1
943741,936053,2
936210,936112,1
928664,936117,1
933006,936219,1
902691,936264,1
909907,936280,1
929810,936298,1
951090,936379,1
929681,936444,1
922249,936476,1
913764,936484,1
943744,936500,1
942322,936572,1
920919,936774,1
910530,936873,1
940611,936964,1
936028,936991,1
931373,937019,1
952094,937057,1
940355,937118,1
943780,937600,1
947593,937731,1
901565,937814,1
943781,937996,1
943747,938249,1
943409,938261,1
942297,938370,1
929586,938460,1
929521,93875,1
942973,938791,1
922421,938878,1
927866,938893,1
913176,939247,1
937805,939249,1
941461,939382,1
943758,939590,1
931362,939646,1
942333,939731,1
918599,939788,1
930687,939834,2
934579,939981,1
940162,940052,1
920491,940066,2
929137,940071,1
931809,940219,1
942334,940220,1
938578,940252,1
933662,940289,1
921940,940304,1
947838,940406,1
904010,940519,1
923276,940905,2
921946,940926,2
923669,940985,1
914172,94102,1
943787,94145,2
937326,941810,1
943585,942160,1
931774,942195,1
905115,942203,1
946793,942212,1
943791,942234,1
929282,942236,1
925104,94239,1
937437,942511,1
939594,942803,1
925411,942827,2
942151,942873,1
911258,943059,1
925380,943160,1
943689,943230,1
932364,943565,1
919567,943650,1
936297,943708,1
935041,943739,1
943840,943954,1
919284,944057,2
943358,944176,1
917641,944260,2
949013,944271,1
943841,944313,1
933789,94442,1
935148,944430,1
942323,944526,1
895755,944565,1
929441,944599,1
955123,944602,1
927192,944796,2
851472,944841,1
932314,944851,1
851017,944888,1
921894,94495,1
938212,944955,1
943277,9452,1
941774,945226,1
931644,94526,2
943888,945330,1
943845,945401,2
946027,945418,1
922933,945447,2
943846,945450,1
851198,94547,1
943857,945570,1
924875,945613,1
929054,945648,1
931047,945678,1
910308,945697,1
932981,945790,1
921652,945802,1
939117,945916,1
895934,945954,1
913306,945980,1
932053,946020,1
943876,946194,1
942863,946203,1
943860,946226,1
933012,946322,1
933116,946682,1
942696,946720,1
935358,946748,2
897495,946794,1
946864,947020,1
942308,947166,1
935184,947205,1
908277,94722,1
932974,94724,1
928219,947246,1
919530,947303,1
913426,947407,1
939257,947500,1
851138,947534,1
943848,947595,1
921156,947613,2
901077,947818,1
939737,947848,1
958962,947856,1
943881,948018,1
929544,948038,2
923284,948327,1
925092,948470,1
920397,948712,1
924163,948788,1
924882,948909,1
922125,94893,1
943869,948972,1
942505,949007,1
952595,949048,1
901976,949132,1
931249,949291,1
929791,949298,1
897255,949308,1
941167,949395,1
923264,949507,1
936915,949596,1
925805,949677,2
940548,949947,2
917613,949990,1
952474,950098,1
930712,950115,1
931079,950116,1
911891,950236,1
925232,950578,2
924217,950606,2
923796,950642,1
925764,950706,1
909740,950809,2
911774,950860,1
947754,950868,1
910635,950885,1
943900,951028,1
940476,951035,2
901853,951088,1
917666,951427,3
927864,951440,2
936832,951515,1
938670,951516,1
941659,951844,2
906366,951879,1
904658,951957,1
936586,951969,1
911070,952183,2
942881,952277,1
913056,952457,1
900342,952492,1
916893,952560,3
912196,95257,1
925221,952596,1
943856,952637,1
923973,952638,1
959330,952655,1
929447,952675,1
908030,952842,2
911066,952894,2
938911,953079,1
933843,953092,1
942617,953150,1
942482,953155,1
942114,953215,1
950042,953276,1
940772,953343,1
943581,953425,1
915683,95345,1
929226,953670,1
924271,953706,1
906301,953724,3
928917,953763,2
943980,954002,1
938336,954028,1
901143,954055,1
911928,954086,1
910792,954113,1
924094,954134,1
941808,954137,1
932630,954191,2
942615,954256,1
851502,954358,1
943982,954442,2
927368,954571,1
918467,954705,1
901439,954707,1
926070,954806,1
939771,954917,1
943993,954920,1
924690,954921,1
940710,954996,1
942346,955008,1
942400,955058,1
905818,955141,1
935753,955193,1
936440,955196,3
911513,955300,2
941777,955349,1
951148,955380,1
903545,955412,1
946047,955576,1
930304,955644,1
935966,955659,1
919556,955668,1
895935,955685,2
942784,955823,1
938329,955828,1
904337,955857,1
939193,955870,1
918332,955908,1
927508,955968,3
933266,956134,1
924671,956166,1
911474,956170,2
851511,956221,1
931899,956235,1
904417,956316,1
942035,956559,1
946934,956643,1
938816,956793,1
939811,956815,3
930144,956868,1
942934,956876,1
941912,956904,2
943733,956967,1
928825,956980,2
924786,957067,1
956987,957163,1
943901,957178,2
942141,957274,1
925192,957330,1
944007,957347,2
925482,957476,2
900822,957499,1
920258,957800,1
943998,957864,1
934859,957902,2
943055,957916,1
943975,957965,1
936745,958023,1
910962,958233,1
940803,958304,2
944012,958329,1
949039,958351,1
943943,958428,1
938139,958451,1
943978,958491,1
940700,958614,1
901796,958938,1
934547,958953,1
943917,958987,1
942874,959058,1
904624,959113,1
895762,959167,2
944024,959205,1
947505,959278,1
944049,959815,1
929702,959828,1
895937,959898,1
933743,959913,1
906112,959950,1
900454,959987,1
943935,959994,1
925741,96005,1
955113,960104,1
939334,960108,1
921289,960260,1
943626,960405,1
944020,960486,1
921622,96076,2
944054,960806,1
899711,96084,1
921369,960931,1
946557,960963,1
931088,961030,2
929998,961142,1
898779,961165,1
928295,961209,1
949763,961281,1
914713,961314,1
925144,961372,1
909719,961388,1
909352,961412,1
909937,961502,1
943844,961509,1
926411,961511,1
925172,961539,1
951026,961620,1
943477,961721,2
944067,961722,1
941972,961788,1
943417,961793,1
943902,96181,1
941628,961855,1
939820,961962,1
898079,334411,2
898361,334454,1
898081,334470,1
898195,334566,1
897936,334685,1
898092,334765,1
897940,334784,1
898097,334880,1
897949,335205,1
897952,335231,1
898384,335282,1
898547,335446,1
898819,335607,1
898230,335651,1
898378,335671,2
898836,336100,1
898839,336138,1
898701,336201,1
898849,336397,1
898854,336465,1
898429,33657,1
898432,336828,1
898609,336866,1
898729,336914,1
898872,33719,1
898446,337191,1
898449,337242,1
898451,337259,1
898622,337263,1
898878,33734,1
898743,337353,2
898879,337374,1
898752,337562,1
898645,337677,1
952643,337765,1
898761,337796,2
898650,337818,1
898486,338086,1
898666,338407,1
898501,338529,1
953086,338532,1
898503,338576,1
898675,338712,1
898931,338822,1
898940,339017,1
898792,339143,1
899097,339542,1
951823,339641,1
959867,339685,1
898806,339808,1
898981,339925,2
899247,340305,1
898987,340325,1
851321,340328,1
899123,340353,1
899248,340357,1
898991,340427,1
899126,340435,2
899132,340581,3
898997,340590,1
899367,340638,2
899263,340759,1
899370,340789,1
898059,340942,1
899149,341082,1
899273,341165,1
899378,341190,1
899279,341392,1
899388,341630,1
899286,341740,1
899394,34180,2
899030,341839,1
948626,342175,1
899301,342290,1
899046,342316,1
899197,342670,1
899310,342678,1
899200,342770,1
899202,342799,1
899317,342852,2
899071,342972,2
899439,343117,1
899077,343191,2
899440,343201,1
899079,343253,1
899081,343302,1
899084,343356,1
899085,343397,1
899446,343419,1
899453,343658,2
899454,343725,1
899345,34379,1
899863,343811,1
899865,343840,1
899464,344217,1
899738,344433,1
899886,344476,1
899629,344548,3
899741,344555,1
899501,345220,2
899657,345643,1
899514,345809,1
899926,345857,1
899664,345874,1
899928,345924,1
899795,346422,1
899948,346607,1
899949,346746,1
899802,346826,2
899701,347140,1
956921,347147,1
899552,34726,1
899558,347494,1
899710,347504,3
899568,347799,1
899983,347908,1
899728,347919,1
899829,347922,1
899579,348010,2
899989,348071,1
899580,348110,1
899992,348318,1
899838,348383,1
899587,348492,5
899841,348518,1
899998,348539,1
898175,348731,1
899853,348944,1
900132,348957,1
899854,348964,1
900381,349070,1
900138,349079,1
899750,349155,1
900388,349271,1
900015,349276,1
900393,349345,1
900398,349473,1
900021,349510,1
900265,349746,2
900159,349792,1
900268,349869,1
900033,349973,2
900415,350164,1
900038,350168,1
900279,350194,2
900040,350253,1
900422,350438,2
900287,350459,4
900291,350542,1
900298,350688,2
900057,350806,1
900070,350993,1
900211,351175,1
900212,351216,1
900457,351274,1
900220,351290,1
900086,351316,1
900467,351487,2
900096,351489,1
900099,351565,1
900473,351644,1
900617,351799,1
900478,351878,2
900621,351888,1
900114,351994,1
900351,352022,1
900480,352089,2
900633,352156,1
895121,352225,1
900359,35223,1
900636,352267,1
900884,352429,1
900492,352445,1
850843,352594,1
946750,352756,1
948635,352835,1
900896,352867,1
898805,352925,1
900509,353045,1
900511,353117,2
900770,35313,1
900774,353307,2
900521,353454,1
900917,353525,1
900668,353538,2
900672,353611,1
900923,353752,1
900927,353855,1
900536,353906,1
900697,35423,2
948636,354284,1
924940,962031,1
944058,962066,2
927953,962142,1
944043,9622,1
922120,96230,1
919004,962363,1
940557,962427,1
940878,962604,1
943478,962634,1
934387,962640,1
944112,962656,1
943889,962730,1
922205,962731,1
958344,963114,1
941249,963189,1
950665,963249,1
921646,963259,1
940978,963277,1
943786,963387,1
931728,963391,1
934311,963429,1
936078,963634,1
944115,963773,1
920075,963774,1
943178,963812,1
942739,963831,2
912284,963834,1
954013,963887,1
919295,963994,1
940391,964076,1
943647,964140,1
922210,964144,1
938464,964154,1
943743,96428,1
919423,964354,2
929246,964404,1
940659,964519,1
944061,964523,1
944078,96458,1
921910,964639,1
946935,964653,1
851329,964729,1
940248,964758,1
954702,964782,1
938539,964857,1
933481,964897,2
921653,964961,1
936654,964999,1
927553,965034,1
931212,965130,1
926638,965131,2
915145,965137,1
928307,965173,3
942709,965340,1
918726,965440,1
944087,965461,2
923526,965536,1
944036,965676,2
851059,965698,1
916265,965790,1
916841,965804,1
896794,965807,2
925114,965823,2
943667,965839,1
901218,965842,2
903812,965927,2
915782,965929,1
957081,966121,1
921271,966254,2
921459,966440,1
920293,966442,2
935450,966445,1
944107,966450,1
949386,966473,1
946800,966477,2
924322,966490,1
914517,966497,3
943814,966774,1
928752,966807,1
922098,966876,1
914901,967007,1
944057,96704,1
929960,967080,1
900361,967093,2
897668,967100,1
943255,967191,2
920840,96721,1
933790,967217,1
943390,967263,1
942971,967379,2
935520,967393,1
906595,967399,2
909400,967404,1
929274,967463,1
942712,967494,1
935547,967498,1
934880,967510,1
934882,967557,1
937359,967564,2
907378,967713,1
952674,967757,1
943916,967791,1
953235,967800,1
933797,967875,1
918920,967892,1
956753,968055,1
915095,968120,1
905696,968402,1
951258,968501,1
942960,968546,1
939941,968559,1
957143,968610,1
898713,968615,1
958896,968630,1
943995,968869,1
944133,968872,1
907174,968917,2
922547,96895,1
911294,969014,1
932296,969055,1
927872,969056,1
941299,969059,1
940498,969092,1
934576,969123,1
933968,969184,1
917557,969238,2
943164,969250,3
945499,969279,1
947785,969343,1
928269,969349,1
929630,969395,1
937978,969433,1
922027,969500,1
851356,969511,1
943512,969581,1
951953,969598,1
912658,969637,1
907885,969774,1
954974,969840,1
912173,96989,1
935016,969909,1
851112,969915,2
919240,969931,1
953738,969941,1
925551,969943,1
932687,969961,1
925022,970002,1
944099,970006,1
928209,970047,2
954113,970070,1
918327,970072,3
918234,970096,1
941306,970098,1
908989,970343,1
924938,970359,1
930563,970390,1
942356,970459,1
896024,970565,1
905183,970579,1
906357,970583,3
910338,970614,1
937282,970819,1
941046,970820,1
851545,970835,1
944076,970882,1
938271,970935,2
941801,971000,1
937044,971095,1
919280,971145,1
938326,971148,1
929697,971258,1
897701,971261,1
924391,971269,1
938588,971310,1
954706,971352,1
918869,971354,1
930532,971534,1
953254,971627,1
939970,971666,1
952534,971729,1
938456,971731,2
937629,971808,1
943757,971984,2
932596,972029,1
952221,972155,2
952607,972239,1
939274,972279,1
939053,972468,3
956754,972480,1
942621,972626,1
944155,972662,1
953897,972753,1
908189,972784,1
927980,972810,2
929321,972927,1
942513,972928,1
943810,973003,1
939353,973053,1
944156,973311,1
935816,973342,1
923088,973457,1
899306,973499,1
955277,973579,1
924357,973598,1
929328,973643,1
922196,973677,2
949026,973680,2
901160,973691,2
944174,973696,1
898191,973788,1
937001,973838,1
941362,973847,1
953912,973855,1
946098,973876,1
943156,973890,1
958987,973924,1
951614,974022,1
903994,974082,1
918586,974222,2
912318,974235,1
943701,974255,1
909679,974354,1
915005,974366,1
954793,974431,1
906698,974480,1
940599,974501,1
941889,974584,1
940849,974640,1
933323,974728,1
940118,974840,1
937598,974900,1
949020,974914,1
928512,974923,1
916590,975043,1
942661,975139,2
941236,975282,1
936528,975294,1
924209,975369,2
928377,975547,1
928053,975732,1
942068,975827,1
954336,975890,1
933727,975960,1
933497,975965,1
927931,976275,1
950633,976332,1
942382,976368,1
902533,976404,1
955128,976764,1
919449,976773,1
943367,976842,1
944192,976846,1
901277,976918,1
959721,976947,1
939304,976954,1
943204,97714,1
928418,977215,1
946348,977336,1
907485,977401,1
918406,977439,1
896172,977444,1
915029,977549,1
939674,977624,1
921888,97766,1
951101,977677,2
932449,977680,1
920617,977714,1
927123,977768,2
926032,977832,1
906643,977884,1
943892,977955,1
910506,978110,1
917204,978122,1
955142,978132,1
939499,978160,1
896520,978253,1
920097,978324,1
941697,978329,1
945952,978335,2
949453,978374,1
922807,978586,3
941448,978734,1
938447,978742,1
920046,978763,3
942683,978875,2
951251,978882,1
959297,978999,1
909798,979138,1
923438,979189,1
959508,979215,1
939058,979217,1
930620,979220,2
899988,979266,3
932899,979320,1
928548,979389,1
944127,979764,1
944055,979783,1
943952,979887,1
898421,979927,1
937686,979930,1
904085,979967,1
899110,980100,1
921182,980155,1
944144,980190,1
850749,980213,1
944197,980345,1
959467,980347,1
942181,980392,2
927075,980400,1
955193,980437,1
938132,980452,1
929539,980584,1
943789,980585,1
941790,980618,1
943862,980644,1
943974,980987,1
930253,981268,1
943790,981422,1
930293,981437,1
927510,981626,1
939708,981772,1
939876,981887,1
927215,981905,2
942391,981927,2
940674,982085,2
927002,98210,1
932774,982212,1
899618,982322,1
954147,982494,1
943214,982597,1
945546,982687,3
914782,98269,1
928082,982801,1
958666,982862,1
905377,982927,1
944216,982936,1
931167,982937,1
851087,983127,2
944198,983153,1
943976,983222,1
943567,983234,1
940095,983239,1
906337,983520,1
923783,98353,1
936153,98355,1
942546,983580,1
941814,983627,1
931784,983650,1
923846,983904,1
942384,983942,1
901881,984043,3
953984,984062,1
925336,984072,1
931188,984085,2
900562,98416,1
928940,984267,1
951515,984282,1
949126,984300,1
850733,984320,1
896010,984478,1
929589,984560,1
944220,984564,2
927943,98463,1
934646,984685,1
941545,984795,2
908268,984855,2
943819,98486,2
910539,984907,1
936213,98500,1
944217,985097,1
953996,985206,1
939223,985256,1
904210,985261,1
941059,985263,1
924656,98538,1
922937,985713,2
929769,985737,1
940486,985780,1
929528,985789,1
918377,985826,1
898160,985981,1
952561,986036,1
900705,354462,1
900815,354755,1
900713,354775,1
900949,354807,1
900820,354847,1
900570,354990,1
900572,355043,1
895201,355243,1
899525,35526,1
955311,355323,1
900587,355596,2
900595,355881,1
895202,35594,1
948643,356042,1
901117,356076,1
901122,356178,1
901261,356210,2
901126,356299,2
900609,356318,3
900853,356329,1
901274,356632,1
900715,356678,1
901000,356815,1
900862,356857,2
901400,356983,1
901011,357208,2
901165,35737,1
901424,357617,2
901307,357858,1
901434,357943,1
901038,358025,1
901440,358088,1
901196,358098,1
899932,35812,1
901041,358124,1
901444,358268,1
959302,358423,1
901210,358682,1
947769,358713,1
901058,358821,1
901463,358832,1
901064,358986,1
901221,358999,1
901351,359097,1
898838,359124,1
901227,359257,1
901477,359325,2
901362,359379,1
901364,35940,1
901367,359429,1
901082,35943,1
901085,359459,1
901241,359480,1
901490,359491,1
901090,359666,1
901498,359721,1
901252,359848,1
901097,359887,1
901385,359904,2
901255,359916,2
901100,359933,1
901256,359934,2
901391,360041,1
901678,360108,1
949720,360337,1
901519,360415,2
901693,360706,1
901695,360725,1
901696,360807,2
901531,360827,1
901949,361133,1
901557,361142,1
901951,361175,1
901839,361178,1
901567,36140,2
901720,361420,4
901723,361499,1
901724,361535,1
900854,361606,2
959516,361739,1
901861,361825,1
901733,361831,1
901980,362026,1
901741,362091,1
901875,362243,1
901985,362296,1
901590,36231,1
901747,362317,1
901752,362428,1
950157,362467,1
901890,362637,1
901893,362759,2
901611,362822,1
901897,362869,1
901898,362914,1
902010,362981,1
902013,363038,1
901775,363085,1
901622,363312,1
946834,363353,1
901792,36351,1
901248,363588,1
901628,363590,1
902031,363603,1
901929,364096,1
901806,364105,1
944234,364326,2
901658,364426,2
902213,364676,1
902054,364689,1
902217,364782,1
902463,364807,1
902471,365178,1
902079,365283,1
902475,365396,3
900304,365551,1
899251,365748,1
850629,365877,2
902098,366195,2
902099,366298,1
902489,366399,2
902101,366406,1
902255,366414,1
902335,366423,1
902256,36643,1
902342,366602,1
902497,366697,1
959787,366699,1
902263,366732,1
902344,366745,1
948646,366879,1
895206,366949,1
902123,367026,1
902358,367131,1
959868,367225,1
902274,367237,1
902359,367242,1
902364,367310,1
902517,367556,1
902519,367803,1
902376,367892,1
902378,367968,1
902382,368168,1
902145,368247,1
902389,368350,1
902392,368522,1
902295,368547,1
952479,368757,1
902300,368960,1
902554,369103,1
902304,369107,1
902179,369174,1
902417,369342,1
902564,369353,1
952079,369536,1
902196,369563,1
902446,369872,1
902451,369958,1
902846,370015,1
900523,37004,1
902602,370092,2
902457,370093,1
902603,370122,1
902853,370147,2
902607,37024,1
902614,370325,1
900360,370358,2
902615,370411,1
902976,370538,1
902977,370557,1
902625,370616,2
902751,37067,1
902752,370759,1
902631,370787,2
948651,370812,1
902756,370825,1
902757,370869,1
902637,370885,1
902990,370892,1
902639,370913,2
902761,370940,2
902881,370950,1
953467,370981,1
959762,370989,1
902765,371016,1
902768,371077,1
902891,371240,1
902654,371375,1
902896,371523,1
902657,371531,1
902782,371558,1
922232,9861,1
928423,986111,1
905716,986455,1
949036,986460,1
937496,986480,1
900574,986498,1
942920,986664,1
928639,986672,1
943491,98676,1
933646,986796,1
959894,986825,1
943793,986880,1
914618,986881,1
951094,986882,1
939342,987069,1
939416,987145,1
941726,987222,1
925202,987223,1
937078,987423,1
899581,987426,3
941468,987483,1
939654,987494,1
925712,987577,1
919681,987645,1
954689,987746,1
929211,987913,1
943926,988295,1
922194,98832,2
944046,988371,1
944125,988398,2
938337,98840,1
943813,988429,1
918410,988612,1
938120,988647,1
902875,988695,2
920536,988698,1
927432,988754,1
921604,988924,1
947433,989023,1
940812,989055,1
904591,98910,1
943570,989120,1
933936,98917,1
898412,989260,1
904841,989291,1
922216,989504,1
949807,989752,1
946520,989807,2
921988,989883,1
920454,989963,2
943633,990071,1
950025,990204,1
942362,990252,1
902706,990280,1
938293,990333,1
929824,990379,2
943938,990405,1
920012,990437,1
943571,990491,1
943693,990546,2
907180,990671,1
943802,990682,1
943586,990690,2
943641,990705,1
901213,990916,2
943798,990947,1
935515,991017,2
898017,991031,3
905031,99106,1
942889,991112,1
920173,99117,1
921895,991206,2
897271,991247,1
941735,991362,2
935725,991387,1
958440,991439,1
907259,991514,1
950997,991610,1
941586,991658,2
927461,991664,1
917198,991761,1
925188,991763,2
911736,991775,1
923379,991798,1
933346,991803,1
939236,991823,1
896191,991909,1
932572,991973,2
938826,991991,1
901194,991993,2
908952,992010,2
918260,992112,3
923117,992121,2
933265,99214,1
924338,992140,1
912806,992191,1
896012,992257,1
919434,992359,1
925958,992378,2
954863,992395,1
947274,992458,1
940122,992744,1
926006,992750,1
951279,992831,1
903707,992905,1
944240,992926,1
943073,992992,2
930841,993195,1
944226,99339,2
908381,993431,1
900470,993491,1
927079,993573,1
950614,993833,1
920294,993844,1
918989,993858,2
908670,993875,1
940539,993939,1
933201,993995,1
896592,99409,1
920028,994332,2
944011,994362,1
911090,994443,1
942116,994456,1
945623,994515,1
928961,994534,1
921389,994551,1
952120,994560,1
905173,994608,1
939476,994673,1
904464,994694,2
898047,99494,1
942687,995052,1
955499,995081,1
933538,995095,1
935815,995131,1
922272,995331,2
922556,995354,1
851053,995407,1
943246,99542,2
920798,995459,1
911964,995528,1
938931,99555,1
921791,995583,2
931864,99562,1
942560,995767,1
924645,995851,2
936628,995935,1
906514,995983,1
930259,996146,1
920597,99618,1
941315,996221,1
930899,996240,1
953403,996242,1
920111,996305,1
925166,996362,1
924123,996395,3
942405,996403,1
933640,996406,1
927301,996415,1
897064,996416,2
949316,996500,1
905961,996513,1
914755,996581,1
943627,996700,1
940867,996718,1
943103,996767,1
931732,99682,1
929918,996939,1
907862,99697,3
959630,996986,1
921939,997020,1
944050,997028,1
919917,997147,1
928728,997152,1
944237,997278,1
959797,997538,1
941896,997643,1
935926,997685,1
907606,997806,1
928438,997856,1
912761,997943,1
940651,998049,2
910140,998114,1
929345,998246,1
957099,998492,1
934461,998526,2
908435,998617,1
901829,998661,1
939042,998865,1
922704,998906,1
924331,99893,1
950140,371565,1
901710,371699,1
850615,371765,2
903029,371771,2
902905,371783,1
902668,371793,2
902796,371799,1
903037,371869,1
903043,371985,4
902676,372096,2
902690,372503,2
902825,372569,1
902934,372577,1
902698,372631,1
902833,372780,1
902943,372781,1
903074,372897,1
956820,372901,1
902836,372904,1
902947,37291,1
903496,373081,1
902956,373097,1
959880,373120,1
902958,373171,1
903503,373320,1
903506,373382,1
903509,373428,1
903384,37357,1
903386,373627,1
903519,373755,4
903231,373770,3
903396,373997,1
903401,374166,2
903247,374206,2
903535,374254,1
903407,374324,2
903537,374396,1
903257,374403,1
903411,374406,1
903267,374759,1
903276,375136,1
903154,375162,1
903155,375187,1
896906,375288,1
903434,375292,1
903559,375314,1
903437,375388,2
903561,375468,2
903442,375483,1
903443,375565,1
903295,37580,1
903452,375803,1
903298,375842,1
903458,376052,1
903177,376063,1
903572,376070,1
903302,376080,2
903306,376258,1
903582,376341,3
903584,376380,1
899822,376381,1
903312,376436,1
903321,376808,1
895214,37741,1
903491,377618,1
903342,377811,1
959593,377857,1
903345,377928,1
903764,378045,1
903619,378226,2
959870,378264,1
903356,378680,1
895215,378681,1
903905,378860,1
903633,378867,1
948673,378893,1
903640,379119,2
897120,379161,1
903910,379180,4
903645,379186,1
897371,379404,3
903652,379529,1
903922,379929,1
903670,380098,1
904040,380175,1
903676,380201,1
903817,380234,1
895440,380407,1
947316,380422,1
903937,380493,1
904051,380526,1
903689,380540,1
903694,380694,1
904059,38071,1
903945,380713,1
903946,3808,1
903699,380918,1
899137,380989,1
903835,380995,1
903704,381119,1
903953,381149,1
904072,381187,1
903843,381298,1
945475,381305,1
903845,381359,1
948674,381367,1
904081,381438,1
903716,381627,1
903853,381676,2
904089,381681,1
903967,381685,2
903854,381700,1
903971,381843,1
899715,381852,1
903860,381892,1
903256,381973,1
903728,381974,1
903863,381982,1
904100,381991,3
903731,382012,2
903735,382313,1
904112,382325,1
904117,382414,1
903995,382554,1
851465,382621,1
903749,38269,1
904284,382693,2
951086,383094,1
904296,38310,1
904155,383216,1
949577,383328,1
896572,383412,1
904547,383424,1
904418,383977,1
896761,384015,1
959223,384164,1
904330,384168,1
897250,384204,2
904577,384384,1
948676,384552,1
904580,384573,1
895165,384580,1
904191,384625,1
904192,384679,1
952247,384760,1
904349,384772,1
904443,384773,1
904593,384868,1
904448,38496,1
904596,385038,2
901002,385058,1
904360,38518,2
904604,385269,1
904218,385293,2
904606,385309,1
904221,385356,2
904460,385437,1
904223,385470,1
904615,385554,2
904376,385583,1
904228,385617,1
904466,385708,2
904381,385745,1
904468,385800,1
902713,385901,1
900768,386031,1
904398,386179,2
904253,386191,1
904648,386212,1
904255,386228,1
898289,386360,3
904405,386364,1
904491,386387,1
904265,386431,1
904663,386575,1
905068,386742,1
904797,386745,1
905070,386762,1
904666,386825,1
904513,386850,1
905075,386854,1
904809,386966,1
904518,387023,1
905082,38710,1
904814,387237,1
905089,387360,1
904821,387404,1
904947,387437,1
904827,387652,1
905096,387679,1
904689,387684,1
904831,387722,1
959322,387801,1
904665,387845,1
904843,387993,1
949413,388041,1
904707,388104,1
895308,388114,1
904851,388144,2
902424,388165,2
895309,388294,1
905128,388465,1
904720,388537,1
904861,388550,3
904867,388626,1
904869,388799,1
904871,388945,1
904872,389012,1
895443,389185,1
904989,389188,1
904738,389270,1
905158,389399,1
904994,389444,1
905159,389461,1
905161,389527,1
904997,389539,1
904894,389559,1
896315,389950,1
904908,389963,1
904910,389993,1
905182,390120,1
904916,390130,1
905016,390253,1
949552,390378,1
904921,390386,1
904929,390619,1
905023,39068,1
905195,390782,1
905027,390821,1
904783,390881,2
905032,391021,1
905039,391396,2
905347,391477,1
958515,391523,1
905205,391533,1
905597,391582,1
905606,392156,1
905059,392189,1
905215,392254,2
905217,392270,1
905370,392517,1
905484,392520,1
905375,392642,1
897159,392656,2
905233,392736,1
905235,392805,1
905496,392815,1
905625,392826,1
905387,392934,1
905498,392942,1
895169,392995,1
905243,393110,1
905245,393210,1
905515,393452,1
953163,393453,1
905404,39352,1
905654,393675,1
905408,393693,2
905266,393714,1
905525,393827,1
905274,394048,1
952243,394068,1
898707,394078,1
905421,394199,1
905668,394316,1
905538,394452,1
899724,394491,1
905676,394496,1
905678,394574,1
850631,394617,3
905689,394835,1
905692,394897,2
905560,395216,1
905455,395318,1
905562,395356,2
905313,395393,1
949164,395415,1
905710,395429,3
905464,395523,1
905572,395604,1
897383,395617,1
959805,395619,1
905329,395749,2
905580,395950,1
946328,395986,1
905729,396227,1
905585,396271,1
905740,396481,1
906096,396509,1
851113,396512,1
851181,396789,1
905975,397117,1
903573,397498,1
953324,397554,1
906130,397560,1
905898,397760,1
905916,398175,1
905996,398190,1
906148,398232,1
947840,398242,1
905919,398272,2
906149,398329,1
906000,398337,1
904822,398461,1
905926,398483,1
905797,398566,3
900887,399091,1
906158,399097,1
906159,399139,1
905942,399238,2
906164,399368,1
905954,399586,1
906167,399631,1
905956,399657,2
906033,399662,1
905819,399696,1
947147,399913,1
954302,399921,1
906178,400031,1
905829,400137,1
906428,400151,1
906304,400325,1
959803,400355,1
906053,400356,1
898914,400366,1
906435,400413,1
906057,400455,1
950897,400742,1
906441,400796,1
906312,400808,1
906447,400897,3
906565,401073,2
906453,401160,1
906320,401224,1
906202,401233,1
899904,401449,3
906325,401476,1
906333,401670,1
906335,401774,1
906588,401968,1
906476,402197,2
906349,402241,1
906597,40233,1
906237,402368,1
906484,402386,1
906354,402415,1
906363,402734,1
900449,402901,2
906510,403082,1
906274,403205,1
906391,403387,1
906644,403460,1
906397,403562,2
906535,403594,1
906651,403629,1
906405,403747,1
906658,403753,1
946511,403902,1
906418,403911,1
905927,403927,1
906705,404055,1
902379,40409,3
906842,404103,1
897533,404164,1
907113,404179,1
906699,404347,1
900629,404419,1
907126,404475,1
900772,404495,1
900798,404600,1
906872,404604,1
907131,404639,2
907138,404776,1
906881,404795,1
906883,404852,1
905456,404883,1
906743,404972,2
900816,405168,1
902153,405184,1
946719,405190,1
907149,405291,1
954412,405438,1
943800,999028,2
925282,999116,1
895783,999149,1
903251,999206,1
936439,99925,1
938050,999290,2
922388,999417,1
905551,999561,1
942569,999594,2
923331,999643,1
928864,999687,1
919241,999811,1
906768,405662,1
947622,405780,1
900240,405797,1
906919,405993,1
906926,406271,1
907050,406622,2
907052,406666,1
906798,406680,1
907057,406791,1
906809,406962,1
907071,407043,1
907209,407044,1
906816,407155,1
907075,407184,1
906925,407318,1
906954,407378,1
907084,407582,2
906960,407644,1
946588,407730,1
900102,407772,1
903116,407796,1
950229,407816,1
906965,407879,1
899687,407958,1
907480,408138,1
897907,408201,1
948656,408262,1
907482,408311,1
907238,408327,1
907379,408374,1
907239,408383,1
907381,408391,1
907484,408394,1
907104,408406,1
907383,40841,2
907384,408459,1
907486,408460,1
907598,408711,4
907260,408908,1
907397,408938,1
907398,408984,1
898904,408997,1
949556,408999,1
945520,409033,1
907607,409083,1
907612,409169,1
907615,409200,1
907501,409311,1
907410,409355,1
907622,409449,1
953522,409560,1
959596,409645,1
907415,409718,1
907421,410002,3
907633,410030,2
946384,410177,1
907517,410211,1
907298,410223,1
907427,410335,1
907431,410615,1
907433,410706,1
898891,410872,2
907313,410913,1
907534,410954,1
907314,410964,1
907657,411026,1
907540,411132,1
906233,411155,1
950774,411171,1
907326,41128,1
907663,411415,1
899600,411445,1
907334,411597,2
907336,41163,1
907558,411756,1
907559,411902,1
907345,412033,1
907465,412052,1
850732,412098,1
907354,412207,1
907365,412512,2
907675,412517,1
907475,412519,1
907676,412547,1
900355,412550,1
903624,412554,1
907586,412681,1
907830,41270,1
908087,412763,1
907832,412918,1
907834,413040,2
908094,413064,1
908095,413121,1
908097,413167,1
907704,413193,1
907956,413353,1
908106,413447,1
907714,413780,1
907849,413854,1
904526,414035,1
907723,414068,1
908122,414149,1
907725,414186,1
907860,414257,1
907863,414304,1
903551,414317,1
908128,414354,1
907870,414509,1
908133,414527,2
907738,414622,1
900800,414682,1
907878,414767,1
897829,414799,1
907748,414878,1
907750,414925,2
950889,415018,1
908147,415031,2
908005,41507,1
907753,415114,1
908007,415183,1
958937,415430,2
907763,415675,2
908015,415693,1
907765,415778,1
949276,415800,1
907909,416308,1
907778,416554,1
908036,416668,1
907782,416716,2
907927,416823,1
908043,416839,1
907933,416971,1
905343,417006,2
908048,417009,1
907939,417091,1
908050,417095,1
901190,417216,1
907806,417489,1
907808,417553,1
908061,417558,2
904053,417562,1
907810,417571,1
850700,417664,3
908364,417844,1
908625,418088,1
904031,418213,2
908225,418249,1
908375,418258,1
908380,418328,1
908635,418423,2
908233,418542,1
908389,418572,1
948663,418654,1
908396,418689,1
908248,418801,2
908508,418840,1
908251,418885,1
908653,419007,1
908408,419016,1
908259,419103,1
901096,419107,1
908260,419149,1
908520,419170,1
908662,419417,1
908426,41982,1
908430,419930,2
908433,419996,1
908438,420139,1
908550,420205,1
908447,420507,1
908555,42052,1
905139,420635,1
902689,42065,1
908697,420675,1
908303,420678,1
908698,420708,1
908308,420797,1
908700,420860,1
908565,420888,1
908463,421058,1
908573,421226,1
908471,421355,1
945831,421446,1
908332,421551,1
908480,421703,1
908586,421884,1
908736,422184,1
908859,422349,1
898193,422720,1
901135,422818,1
899887,422838,1
908980,422988,1
901099,423025,1
908760,423059,2
908985,42311,1
908766,423209,1
908992,423301,1
908993,423355,1
908770,423366,1
908890,423371,1
945578,423435,2
908996,423491,1
908997,423507,1
908999,423636,1
909001,42369,1
909009,424019,1
908789,424036,1
909163,424061,1
947041,424117,1
908913,424139,1
907718,424146,1
909167,424154,1
908794,424169,2
909170,424278,1
952352,424384,1
902346,424649,1
908802,424698,2
946410,424773,1
908929,424847,1
908933,424957,1
908935,425020,1
908812,425075,2
908945,425405,2
905530,425562,1
909197,425668,1
908956,425702,1
850944,425797,1
908962,425822,1
948659,425875,1
908964,425903,1
909206,425958,1
909069,426093,1
909073,426298,1
908839,426466,1
909095,427048,1
909366,427068,2
909099,427103,1
904680,427113,1
907996,427369,2
909646,427419,3
909247,427440,2
909491,427514,2
900054,427538,2
909497,427636,1
909389,427705,1
909662,42790,1
909267,428261,1
909531,428559,1
909533,428624,1
909284,42871,2
952556,428770,1
909539,428850,1
903804,428893,2
909433,428981,1
909293,429054,1
909554,429281,1
909452,429284,1
908171,429413,1
909708,429511,2
909711,429605,1
909314,429665,1
909559,429693,2
909713,429732,1
909454,429771,1
909717,429931,1
909320,429948,1
909718,429989,1
909460,430010,1
945478,430151,1
909724,430228,1
909327,430235,1
909578,430353,2
904654,430395,1
909471,430409,1
909588,430536,1
948672,43066,1
896297,4307,2
909750,431020,1
909353,431032,1
909603,431077,1
909078,431079,1
947714,431183,1
909758,431358,1
910126,431460,1
896496,431607,2
910132,431779,1
910010,432693,1
910159,432779,1
909909,432824,1
910020,432960,1
909915,433127,1
900971,433185,1
955296,433268,1
909920,43333,2
902705,433338,1
910032,433340,3
909924,433595,1
901852,434026,1
910203,434091,1
909839,434113,2
910061,434178,1
910210,434242,1
910069,434343,1
910218,434362,2
909854,434375,1
910221,434409,1
909955,434414,1
898098,434422,2
952269,434484,1
953547,434486,1
907364,434521,1
910080,434574,1
850875,434585,1
909964,434619,1
909867,434732,2
952373,43480,1
909765,434852,1
910244,434875,2
953121,434892,1
902257,434923,2
909981,435031,1
905495,435175,1
910253,435177,1
910256,435189,1
909989,435196,1
910400,435200,1
904532,435223,1
910404,435279,1
948680,435401,1
910119,435589,1
910425,435659,1
910657,435682,1
958453,435722,1
910285,435776,1
910542,435814,1
910665,435815,1
910289,43583,1
910543,435834,1
910670,435922,2
910445,436009,1
910676,436018,1
910551,43606,2
910047,436226,1
910314,436318,1
910464,436386,1
910561,436410,1
910323,436450,1
905709,436460,1
910695,436494,4
895455,436631,1
910483,43672,1
910577,436725,1
910701,436727,1
910486,436779,1
910343,436848,1
910592,436893,2
910494,436915,1
910601,437055,1
905746,437138,2
910507,437195,1
910366,437320,1
910514,437334,1
910367,437361,1
910722,437380,1
910724,43742,1
910372,437455,1
952209,437582,1
910623,437621,1
906459,437679,1
905276,437707,1
910828,437716,1
910389,437739,1
910959,437923,1
910963,437986,1
910843,438061,1
910742,438135,1
910849,438215,1
905288,438262,1
905094,438293,1
901742,438336,1
910754,438454,1
951801,438473,1
917341,523289,2
917492,523347,1
906143,52343,1
917336,523518,1
917349,523583,1
917207,523615,1
917565,523667,1
917499,523671,1
917351,523691,1
917352,523720,1
917360,524037,1
917508,524229,1
917438,524232,1
917440,524274,1
917367,524480,1
917446,524489,1
901591,524590,1
917451,524651,2
917584,524694,1
917521,524760,3
947381,524776,1
917591,524860,1
917527,524973,2
917382,524977,2
917460,52515,1
913396,525156,2
895260,525346,1
910225,525366,1
917401,525664,1
958851,525669,1
917614,525683,1
917475,525752,2
917542,525859,2
917407,525919,1
917620,525932,1
917481,526044,1
901659,526108,1
895361,526160,1
917487,526289,1
913790,526382,1
917555,526387,2
949217,526583,1
917562,526675,1
917781,526714,1
917717,526719,1
917783,526749,2
917646,526893,1
903825,526946,2
917647,526975,1
950754,527001,1
850876,527059,1
904205,527291,1
917725,527403,1
917850,527454,1
917727,52755,2
917730,527666,1
917797,527702,1
956613,527744,1
917668,527780,1
917670,527971,1
895366,528031,1
909146,528040,1
905013,528076,1
917673,528293,1
917858,528336,1
917805,528365,1
899929,528413,1
917861,528450,1
946684,528489,1
898594,528842,1
949266,528895,2
917812,528900,1
917742,528965,1
917743,529002,1
917683,529035,1
917684,529086,1
911759,529090,2
917871,529146,1
917872,529210,1
917687,529218,2
914258,52934,1
904693,529386,2
917877,529571,1
917691,529603,1
917751,529851,1
917885,529968,1
901182,530006,1
917888,530151,1
917826,530264,1
917890,530367,1
917891,530486,1
917701,530499,2
917831,530529,2
917832,530586,1
917894,530588,1
897756,530607,2
917704,53069,1
899256,530699,3
917839,531025,1
917765,531035,1
917710,531041,1
917766,531077,1
917711,531084,1
917841,531240,1
917714,531277,1
917769,531370,1
906229,531506,3
917770,531595,1
918053,531663,1
945485,531672,1
958505,531697,1
917774,531728,1
917999,531765,1
910660,532028,1
910679,532206,1
917925,532450,1
918133,532542,2
918066,532576,1
918006,532589,1
901450,53266,1
918137,532671,1
904722,532828,1
896372,532902,1
918071,53294,2
918010,532991,3
906173,533005,1
918144,533107,3
918012,533110,1
917939,533155,1
918145,533162,1
917942,533356,2
918077,533527,1
917944,533538,2
918081,533829,1
917951,533858,1
918020,533884,1
851548,533922,2
907690,533958,1
917955,534016,1
918158,534067,1
896488,534136,2
918023,534144,1
917957,534157,1
918087,534243,3
918164,534303,1
901800,534439,2
917961,534739,1
918170,534740,1
915678,534970,1
918100,534992,1
918103,535063,1
918033,535115,1
918107,535295,2
947187,535316,1
947531,535339,1
918182,535346,1
917984,535737,1
918116,53578,1
917986,53581,1
911848,535834,2
918119,535977,1
917993,536118,1
918125,536271,1
850990,536341,1
918048,536373,2
918336,536442,1
897429,536468,1
918220,536515,1
909663,536625,2
945393,536711,1
918219,537114,1
918581,537126,2
908970,537151,1
918587,53724,1
918244,537269,1
950376,537322,1
918246,537334,1
898455,537338,2
947390,537439,1
911430,537478,1
904311,537498,1
918362,537518,1
918366,537624,1
959007,537650,1
918600,537657,2
850599,537711,1
918603,537732,1
918604,537781,2
918268,537954,1
918382,537969,1
896462,537973,1
911072,438523,1
959648,438535,1
957092,438564,1
910758,438640,1
910871,43871,1
910878,438839,1
910994,438872,1
910997,438916,1
910765,438929,1
911000,439010,1
910887,439021,1
910776,439190,1
911103,439225,1
910898,439266,1
903268,439334,1
911110,439385,2
905833,439404,1
910906,439432,2
910784,439508,1
949114,439625,1
910915,439689,1
911128,439788,2
902520,439841,1
910925,439861,1
910797,439929,1
951868,439993,1
911134,440027,1
910800,440043,2
910804,44016,1
911042,440221,1
910938,440226,1
911043,440246,1
909772,440370,1
954913,440406,1
911146,440421,1
895236,440549,1
910953,440559,1
911051,440580,1
910955,440605,1
910956,440644,1
911156,440807,4
911159,440834,1
907717,440890,1
911511,440950,1
911163,441057,1
911165,441160,4
911519,441165,1
911297,441176,1
911167,441204,1
948693,4414,1
946469,441551,1
911187,441583,1
911310,441587,2
911189,441681,1
911316,441723,1
911542,44174,1
911193,441746,1
911195,441778,2
895458,441817,1
907394,441829,1
951327,44187,1
911199,441900,2
911417,442006,1
911554,442033,1
911422,442093,2
911336,442280,1
911340,44240,1
951767,442475,1
911566,442577,2
911221,442592,2
911346,44260,1
898293,442656,1
911575,442878,1
911577,442913,2
911234,442931,1
949205,442940,1
911579,443010,1
911581,443043,1
906091,443294,1
911245,443303,1
911585,443344,1
911586,443433,1
909676,443665,1
911589,443684,1
911376,443702,1
911590,443746,1
911254,443794,1
911473,444119,1
958605,444140,1
911601,444193,1
911389,444242,1
911605,444397,3
947004,444435,1
911610,444750,1
911487,444901,1
911938,444972,2
895324,445008,1
945299,445010,1
911731,445271,1
949679,445507,1
911955,445585,1
911841,445619,1
911845,445911,1
907715,446205,1
911970,446218,2
911762,446305,1
911640,446451,1
949267,446578,1
907857,446807,1
911773,446926,1
911775,446960,1
911984,446998,2
911985,447079,1
911780,447119,1
911864,447149,1
904184,447164,2
851177,447400,1
911663,447444,2
911870,447555,1
911794,447568,1
911871,447581,1
912008,447997,1
908046,448137,1
911677,448143,1
911815,448314,1
905908,448324,1
912016,448427,1
908084,448619,3
911895,448628,1
911825,448674,1
911897,448689,1
911147,448861,1
906082,448895,1
912025,449064,1
911838,449252,2
897409,449308,2
911839,449329,1
911708,449385,2
912129,449400,1
899708,449506,1
850992,449742,1
912311,449744,1
911922,449831,1
912041,449967,1
912042,450075,1
912313,450095,1
912045,45020,1
911934,450235,1
956902,450239,1
912315,450248,1
912050,450311,1
912218,450327,1
912219,450404,1
907614,450451,1
905222,450505,1
912152,450555,1
912323,450632,1
912061,450662,1
912327,450768,1
895541,450769,1
912065,450851,1
912234,451142,1
912334,451176,1
911622,451266,1
910912,451402,1
912079,451606,2
912178,451611,1
912087,451833,1
912186,451920,1
912187,451992,2
948711,452049,1
912188,452052,1
912256,452054,1
912357,452113,1
912094,452118,1
912260,452280,1
912261,452311,1
912365,452340,1
912103,45252,1
945559,452922,1
912378,45295,1
911988,453121,1
912384,453169,3
908242,453330,1
912393,453538,1
912121,453544,1
912217,453563,1
903317,453570,6
954138,453656,1
912484,453821,2
912400,453921,1
918269,537977,1
918477,538010,1
918386,538034,1
918480,538035,1
918275,538050,1
918387,538093,1
918482,538126,1
904486,538267,1
918391,538280,1
899755,538336,1
918627,538416,2
918628,538505,1
918288,538510,1
918495,538601,1
907068,538651,1
907533,538717,2
946983,538721,1
918498,538913,1
918639,538940,1
851253,538979,1
918298,539047,1
903025,539107,1
918503,539239,1
918424,539341,2
918643,539375,1
918305,539462,1
901491,539532,1
918649,539728,1
918440,539961,2
948742,540005,1
918655,540022,1
918443,54013,2
918316,540328,1
959821,540345,1
918450,540416,1
951931,540420,1
957126,540443,1
918532,540529,1
918664,540652,1
918457,540846,2
918668,540929,1
953253,540945,1
918333,540982,1
918676,541062,1
959909,541181,1
918549,541191,1
918680,541196,1
919013,54135,1
918689,541380,1
918807,541572,1
918564,541591,1
919024,541760,1
918700,541830,1
918894,541855,1
957109,542147,1
918711,542261,1
898228,542265,1
919037,542373,1
918721,542428,1
918725,542554,1
909360,542622,1
913578,542645,1
918911,542700,1
919046,542770,1
918918,542938,1
898266,543044,1
919050,543046,1
918839,543052,1
896708,543054,1
919051,54306,1
918840,543097,1
919053,543127,1
902613,543152,1
918740,543213,1
918742,543318,2
918927,543369,1
918847,543537,1
918931,543727,1
918749,543754,1
918752,543803,1
918851,543810,1
918753,543856,1
918852,54388,1
918935,543948,1
918938,544048,3
918856,544118,1
918942,54418,2
945909,544261,1
918767,544312,1
919083,544336,2
911437,544428,1
900395,544471,4
919089,544491,2
918776,544588,1
910036,544627,1
898870,544667,2
918967,544820,1
918969,544878,1
918971,544929,2
918973,544992,2
946960,545028,1
918974,545034,1
919105,545125,2
918885,545135,1
906829,545384,2
918991,545571,1
904572,545581,1
919528,545784,2
959826,545838,1
919154,545861,1
919307,545873,1
919318,546129,1
912438,546137,1
919319,546186,1
919542,546350,1
919151,546466,2
919414,546469,1
949635,546583,1
919184,546589,2
919329,546654,1
919420,546655,1
919550,546694,3
919196,546705,1
899353,547014,1
919337,547076,1
919339,547132,1
919431,547158,1
919342,547318,1
896097,547595,2
919346,547623,1
919443,547686,1
949710,54783,1
919349,547873,1
919444,547876,1
919239,54812,1
919355,548177,1
950710,548382,1
919453,548518,1
919358,548564,1
919582,548701,1
919470,549132,2
919372,549434,2
919475,549477,2
919373,549526,1
919477,549643,1
919598,549707,1
919380,549720,1
919263,54977,1
919381,549797,2
919266,549834,1
955554,549852,1
919270,549915,2
919485,549959,2
919277,55036,1
919394,550489,2
919281,550625,1
949421,55077,2
918070,550832,1
919627,551281,1
919954,551326,2
919746,551375,1
919509,551382,1
919748,551561,1
919958,551574,1
912411,55170,2
919635,551754,2
898716,551972,1
899665,552131,1
919642,552141,1
919764,552351,1
919969,552445,1
900579,552506,1
950830,55253,1
948734,552562,1
919769,552664,1
919651,55271,1
919862,552778,2
919655,552848,1
919662,55323,2
919779,553234,2
919868,553298,1
919998,553636,1
919784,553663,1
895379,553668,1
900339,553681,1
920001,553797,1
909543,553847,1
919879,553946,1
954523,553969,1
920005,553971,1
919880,553992,1
912486,454078,2
912403,454098,1
912295,454134,1
850921,454218,1
912490,454224,1
912659,45426,1
948713,454363,1
912302,454369,1
899491,454460,2
912668,45456,1
905442,454588,1
912497,45461,1
912569,454615,1
908509,454629,2
912677,454869,2
912423,454880,1
912503,454881,1
912678,454894,1
912506,454983,2
912575,455001,1
912680,45501,1
912428,455060,1
912682,455174,4
896268,455286,2
908474,455287,2
912581,455340,2
912693,455568,1
908901,455577,1
901927,455683,1
912439,455686,1
912589,455690,1
898074,455729,2
912697,455772,1
912523,455784,1
912595,455892,2
912600,456158,1
912706,456202,1
912538,456328,1
850931,456376,2
912541,456470,1
912607,456472,1
912543,456511,1
912611,456604,1
956721,456635,1
912612,456674,1
912613,456716,1
912463,456742,3
912552,457000,1
951763,457007,1
912467,457115,1
912626,457223,1
912730,457226,1
912628,457280,1
912564,457346,1
850720,457393,1
912475,457468,1
912566,457502,1
912742,457661,1
912744,457776,1
909020,457821,1
913004,458084,2
912831,458213,1
897427,458285,2
954817,458305,1
850709,458336,2
897007,45843,1
913010,458478,1
912760,458708,1
897173,458825,1
907532,459013,1
913020,459139,1
912930,459308,1
912936,459503,2
954551,459674,1
900622,459721,1
913034,459729,1
912510,459993,1
900032,460067,1
912776,460163,1
912779,460276,1
903677,460496,1
956881,460538,1
912868,460682,1
912869,460767,2
912872,460864,1
912953,461018,1
913052,46102,1
912788,461060,1
912954,461070,1
912957,461178,1
906636,461222,1
909082,461234,1
913059,461652,1
912887,461836,2
900829,461901,1
912804,462130,1
913065,462195,1
913066,462292,1
907584,462472,1
912898,462509,2
913068,462545,1
912973,462824,2
912909,463046,1
912815,463141,1
950257,463383,1
898004,463393,1
908460,463535,2
910269,464065,2
913335,464113,1
913337,464214,1
912994,464268,1
913338,464272,1
913098,464539,1
898624,464776,2
913258,464831,1
913106,464873,2
908855,465087,2
913190,46511,1
913266,465201,1
913351,465202,1
913353,465267,1
901273,465337,1
913119,465372,1
897296,465375,3
913273,465414,1
913355,465442,1
902028,465516,1
913356,465524,2
913202,465551,1
913276,46603,1
913210,466196,1
898678,46633,1
899722,466340,2
913365,466398,1
947116,46686,1
913374,466988,1
913228,467131,1
913379,467155,1
898326,467277,1
913298,467478,1
913385,467540,1
913239,467726,1
913304,467757,1
913153,468023,1
851655,468062,1
913311,468100,1
948689,468296,1
913321,468471,1
913409,468522,1
895333,468682,1
913416,468816,1
895334,468908,1
909683,469085,1
904656,469091,1
903992,469108,1
913601,469297,1
913606,469579,1
913429,46959,1
913614,469968,1
913615,470026,1
913521,470153,3
910884,470169,1
903836,470196,1
913524,470278,2
904104,470677,1
913534,470722,1
910899,470751,2
913634,470836,1
913706,470916,1
913710,470972,1
901734,471072,2
948690,471082,1
913711,471107,2
913647,471291,1
913715,471313,1
913648,471347,1
913721,471468,1
913651,471495,1
913466,471609,1
910991,471657,1
913728,471684,1
913479,472139,2
913480,472176,1
913569,472219,2
913482,47226,1
895544,472342,1
913746,472349,1
913748,472393,3
913489,472488,2
913751,472495,1
913581,472688,1
919680,554015,1
899471,554059,1
953894,554068,1
904794,554137,1
919887,554256,1
919889,55428,1
919689,554295,1
919808,554331,2
919891,554337,2
950039,554702,1
919817,554895,1
952525,554915,1
919701,554962,1
904071,555027,2
919705,555247,1
949827,555389,1
919709,555429,2
919916,555518,2
920054,555911,1
919833,555931,1
956774,556076,1
919924,556095,1
902064,556128,1
946931,556352,1
919844,556534,1
919845,556600,1
917120,556656,1
919936,556702,1
920074,556776,1
920078,557063,1
919944,557160,1
920211,557220,1
851277,557227,1
920080,557272,1
920081,557306,1
919946,557395,1
920082,557438,1
920215,557455,2
903969,557676,2
920088,557745,1
898337,557897,1
950716,558158,1
920355,558171,1
920571,558209,1
920094,558228,1
920357,5583,1
920228,558353,2
920102,558529,1
919162,558628,1
920234,558994,1
920374,559006,1
895578,559203,1
912095,559214,1
920595,559269,2
920113,559289,1
920116,559422,1
920596,559493,1
920386,559612,1
918907,559791,1
917311,559831,1
910615,559898,1
920406,560169,1
920409,560407,1
920129,560452,1
945600,560490,1
920252,560512,1
953587,560676,1
920417,560771,1
920632,560776,1
912469,560794,1
920638,560839,1
901679,561041,1
919767,561159,1
920144,561451,1
920284,56149,1
920149,561633,1
920151,561670,2
920671,561769,1
920456,561994,1
920311,562192,1
920466,562197,1
920470,562296,1
953725,562359,1
946463,562439,1
920170,562550,1
901091,562586,2
920175,562654,1
920334,562731,1
920181,562813,1
920186,563011,3
920188,563085,2
920346,56327,1
920506,563294,1
958529,563403,1
920198,563446,1
920924,563450,1
920524,56366,1
920742,563721,2
920745,563840,1
920537,563904,1
920748,563916,4
901239,563980,1
920946,564061,1
921313,564070,2
920949,564095,1
921130,564100,1
921325,564349,1
919962,564548,1
900720,564627,1
921001,565158,1
921005,565224,1
920811,565319,2
921361,565372,1
899900,565440,1
902870,565515,4
952752,56558,1
921019,565598,1
921032,565856,1
921037,565882,1
919336,56592,1
921043,565934,1
919854,565942,1
906386,56596,1
920857,566257,2
921398,566436,1
905776,566648,1
921213,566657,1
920883,566917,1
921234,566983,1
921411,566994,1
920898,567220,1
921247,567262,1
916814,567269,1
898129,567436,1
921257,567463,1
851228,567497,1
921264,567630,1
921600,567749,3
916995,567827,1
921772,567836,1
956688,567967,1
921784,568102,1
921454,568202,1
903875,568595,1
919309,568700,4
850730,568801,3
921496,569177,1
921658,569188,1
850815,569206,1
921667,569339,1
921511,569406,1
951266,569443,1
921830,569455,1
904404,569533,1
921519,569650,1
921847,569879,1
920950,570012,1
959608,570248,1
921533,570271,1
898504,570418,1
921859,570440,1
897512,570694,1
921545,570796,1
959319,570892,1
921549,570945,1
909453,571283,2
908017,571291,1
900516,571295,1
898988,571326,1
947050,571364,1
921566,571404,1
921577,571789,1
914622,571910,1
901568,572038,1
922040,572136,1
921465,572490,1
921761,572566,1
921764,57268,1
910674,572718,1
921766,572734,1
922248,572756,1
903164,572807,1
913888,572943,1
895484,572954,1
922087,572990,1
900743,573034,1
911642,573063,1
917447,573309,1
922081,573626,1
922405,573759,1
949358,574073,1
905090,4727,2
913758,472717,1
913681,47274,1
913760,472772,1
913763,472891,1
913873,47299,1
913876,473076,2
913788,473262,1
913789,473336,1
913772,473367,2
910877,473424,1
913775,473507,2
911037,473600,1
913886,473663,1
913949,473670,1
908934,473737,1
913802,473861,1
913896,473876,2
913898,474069,1
913809,474159,2
899298,474225,1
913965,474288,2
907233,474423,1
914084,474602,1
953077,474621,1
949846,474789,1
913827,474897,1
913829,475002,2
913920,475073,1
947238,475075,1
913835,475101,1
913991,475146,2
897048,475195,1
904246,475217,1
907892,475283,1
911079,475345,1
913933,475360,1
914001,475377,1
914113,47566,1
913850,475665,1
912340,475709,1
913941,475710,1
914012,475764,1
913854,475773,1
913856,475819,1
914015,475832,2
946385,475864,1
914018,475928,1
913948,475999,1
914129,476086,2
913863,47611,1
914213,476230,1
914367,476343,1
911099,476347,1
914368,47641,1
914028,476447,1
914035,476552,1
914036,476649,2
914375,476694,2
906387,476724,1
914142,476731,2
914227,476738,1
914040,476752,1
906495,476883,2
914379,476887,1
914290,476897,1
914236,477182,1
914389,477289,1
914390,477309,1
914240,477335,1
914300,477336,1
914391,47736,2
914162,477631,1
914249,477672,1
914399,477696,1
948696,477698,1
914251,477705,1
903119,477708,1
914312,477805,1
914254,477842,1
895463,477956,2
911036,478153,1
914177,47821,1
954654,478385,1
902801,478485,1
910875,478788,1
914278,478869,1
914421,479052,1
914422,479090,1
914283,479248,1
914425,479402,1
914426,479440,1
914286,479527,1
911064,479569,1
914345,479651,1
914204,479674,1
909109,479678,1
914208,479867,3
914501,47987,1
914433,48011,1
954418,480288,1
914679,480643,2
914515,480919,1
914445,481236,1
914686,481342,1
949216,481424,1
914586,481517,1
914589,481649,1
914689,481664,1
914452,48194,1
850693,482168,2
914533,482231,1
850710,482431,3
914697,482455,1
914601,48261,1
914698,482620,1
914461,482700,1
850754,482920,1
914604,483,1
914467,483173,1
948704,483515,1
901292,48357,1
899431,483576,1
914551,484028,1
914624,484131,1
914478,48438,1
914565,484643,1
914636,484713,1
908692,485072,1
914574,485146,1
914734,485161,1
904778,485399,1
914646,485459,3
914651,485642,1
914749,485924,1
895552,486088,1
908258,48616,1
914757,486253,1
914900,486500,2
896617,486560,1
954175,486619,1
949946,486986,1
914912,487022,1
914764,487103,1
914914,487118,1
914844,487202,1
914846,48732,1
914768,487442,1
915006,487540,1
914770,487562,1
914851,487613,1
914771,487631,1
915008,487690,1
896535,488033,3
915011,488127,1
915012,488210,2
899628,488356,1
908833,488575,1
901483,488682,1
915023,488874,1
914788,48906,1
914936,489072,1
914793,489378,1
949248,489393,1
915031,489442,1
914944,489457,1
914797,489497,1
914873,489529,1
915039,48983,1
952248,489927,1
914955,490007,1
958291,490032,1
953039,490051,1
914811,490142,1
914812,490224,1
915049,490230,1
915059,490631,1
915060,490659,1
915218,490700,1
898208,490769,1
915062,490790,1
908904,490842,2
900508,490871,1
914970,49094,1
915302,491050,1
915226,491052,1
915069,491055,1
915227,491080,1
957069,491126,1
915305,491162,2
952130,491246,1
915309,491292,3
922281,574141,1
922122,574231,2
922283,574232,1
921661,574271,1
850719,574337,1
922538,574338,1
922126,574423,1
922291,574803,1
916418,574814,1
922292,574861,1
921094,574875,1
922434,574924,1
950058,575108,1
922436,575190,1
915993,575614,1
922310,575735,1
922570,576132,1
922573,576266,1
922165,576299,1
951023,576334,1
922453,576388,1
904855,576805,4
922583,576953,1
895581,57701,1
922586,577133,1
912213,577531,5
922188,577703,1
922337,577741,1
922340,578206,1
949586,578445,1
922608,578517,1
922609,578619,1
922497,578680,1
922349,578725,1
922613,578966,1
952399,579085,1
905170,579238,1
922217,579344,1
922220,579407,1
922509,579500,1
922370,579902,1
946470,580023,1
922377,580289,1
959871,580361,1
948752,580588,1
922796,580722,1
922648,580724,1
901319,580816,1
923112,581269,1
920810,581295,1
949479,581296,1
922810,581427,1
922924,581488,1
922928,581722,1
922816,581781,1
922939,581941,1
922825,582048,1
901034,582090,1
959568,582492,1
922834,582495,1
922959,582867,1
923144,582892,1
923152,583364,1
920015,583421,1
898409,583476,3
922718,583579,1
904946,583747,1
922945,583965,2
922732,584043,1
920358,584068,1
922737,584310,1
922739,584436,1
952433,584476,1
923181,584504,1
923012,584533,1
922744,584568,1
923183,584625,1
922747,584636,1
922892,584699,1
923190,584744,1
955086,585030,1
922175,585059,1
923201,585152,2
922901,585207,2
923203,585300,1
923033,585404,1
922761,585441,1
851494,585517,1
922765,585626,1
923043,585732,2
923221,585814,1
923052,585839,1
923223,585881,2
949855,585949,1
923062,586174,2
923227,586193,1
907797,586228,1
916341,586235,1
923651,586369,1
850914,586404,1
923381,586437,3
922554,586523,2
923070,586537,1
911715,586711,1
948755,586855,1
923386,586862,1
923079,586923,3
903466,586936,1
923668,587060,1
923252,587072,1
923670,587094,1
923268,587556,1
923403,587562,3
923405,587601,1
903090,587957,1
896056,587983,1
909014,588281,1
919187,588540,1
923433,588711,2
923298,588772,1
952940,588792,1
923548,588877,1
923302,588971,1
923555,589111,1
922617,589381,1
946844,589443,1
923567,589559,1
923460,589655,1
923462,589702,1
923575,589778,2
953222,58980,1
923472,589873,1
923333,589985,1
923335,590035,2
923590,590098,2
923482,590123,1
923754,590274,1
910204,590448,1
901102,590496,1
923610,590655,2
896788,590780,1
923771,5911,1
923620,591171,1
923366,59121,1
923509,591213,1
923624,591277,1
951209,591305,1
923950,591724,1
919625,591950,1
923962,592019,2
946991,592100,1
924236,592116,1
921762,592335,2
924249,592370,1
900318,592379,2
924073,592486,1
920364,592671,1
923984,592813,1
923832,59286,1
924086,592930,1
895590,593011,1
908940,593056,2
924088,593060,1
910167,593171,1
923842,593176,1
945593,593271,1
907861,593285,1
921998,593373,1
924100,593482,1
923865,593763,1
913001,593821,1
924013,593849,1
910671,593932,1
923873,593942,1
924020,593996,1
924115,594028,1
924319,594036,1
924118,594080,2
923882,594230,1
924128,594335,1
914613,594417,1
924033,594436,1
952728,594458,1
920782,594475,1
921184,594651,1
924139,594678,1
924043,594792,1
951165,594947,1
923904,594949,1
953397,59498,1
948760,595021,1
915074,491371,2
904589,491372,1
915313,491429,1
915148,491719,1
915242,49174,1
946862,491800,1
915321,491832,1
915323,491884,1
959495,492080,1
946169,492119,1
915097,492399,1
915257,492730,2
915174,49305,1
915344,493052,1
915113,493202,1
897860,493229,1
915115,493241,2
915116,493284,1
915348,493336,1
915271,49337,1
948719,493445,1
895464,493531,1
915351,493557,1
915353,493684,1
905739,49369,2
915279,493714,1
915281,493736,4
915192,494242,2
915194,494284,2
915195,494302,1
915366,494305,1
915136,494354,1
948725,494414,1
957089,49454,1
915201,494618,1
955483,494786,1
898220,494877,1
915603,494911,1
915206,494957,2
915468,495149,1
905228,4953,1
915382,495337,2
915384,495387,1
898786,495420,1
915472,495448,1
915215,495571,1
915475,495681,2
915477,495721,1
915528,495740,1
901356,495845,1
908115,495917,1
915616,495936,1
948726,495987,1
915397,496085,2
915481,496098,1
915621,496236,1
915539,496344,2
915541,49657,1
959187,496815,2
915634,496890,2
915416,49695,1
903721,49701,1
915549,497046,1
915496,497202,2
915646,497541,1
915502,497550,2
915561,497751,1
915656,497834,1
915658,497880,1
915660,497914,2
915433,49803,1
915567,498081,3
908196,498154,1
915571,498344,1
915439,49843,1
915135,498558,2
912835,498659,1
909225,498681,1
915666,498846,1
915520,498867,1
954398,498987,1
915523,499075,1
898370,49910,1
915524,499188,1
907219,499319,1
948729,499332,1
909321,499378,1
915383,499470,1
915456,49950,1
915589,49966,1
915680,499689,1
915592,49974,1
915685,499852,1
951986,499881,1
915686,499999,1
915689,500103,1
915690,500177,1
915924,500255,1
915701,500564,1
915708,500993,1
915864,501041,1
915867,501202,1
915712,501215,1
915714,501281,1
912542,501452,1
915717,501464,1
915788,501492,1
915873,50150,1
915877,501630,1
915950,501729,2
915951,50183,1
915725,501908,1
915800,502014,1
915888,502347,2
915965,50252,2
915733,502558,1
915809,502611,1
915735,502635,1
951369,502662,1
915813,502791,1
906542,502798,1
915899,50284,1
915739,502867,1
915814,502883,2
915740,502891,1
915972,50290,1
900375,50291,2
915818,503056,1
915819,503104,1
915821,503218,1
912544,503464,1
898267,503571,1
915749,503668,1
915829,503677,1
950475,503725,1
915833,503982,1
915918,504020,1
954686,504098,1
896658,504307,2
916088,504397,1
897347,504523,1
916245,504669,1
916002,504672,1
916003,504698,2
908824,50473,1
916021,504734,1
908155,504918,1
907003,504970,1
916167,505353,1
904183,505535,1
916256,505574,1
916036,505690,3
916171,505711,1
914650,50595,1
916111,506010,1
916266,506164,1
911456,506258,1
916272,50644,1
910284,506553,1
851220,506558,1
899074,506604,2
916274,506613,3
901223,506663,1
916050,506677,1
916190,506688,1
916277,506708,1
916057,506988,2
895350,507261,1
916136,507268,2
916291,507466,1
906640,507502,1
916293,507529,1
916209,507722,1
915593,507735,1
916214,507955,1
916302,507978,1
959944,508102,1
916075,508123,1
916082,50850,1
916086,508640,1
898186,508677,1
909616,508703,2
916316,508785,1
916157,508872,1
902211,508967,1
916323,508973,1
916326,509112,1
916328,509193,1
895352,509207,1
916411,50925,1
916588,509373,1
924369,595107,1
923913,595308,1
904517,595455,1
924385,595467,1
924736,595487,2
924387,595517,2
924388,595616,1
924181,595696,2
924748,595812,1
958800,595876,1
924752,595914,1
946759,596072,1
924571,596076,1
924407,596266,1
948761,596335,1
924417,596626,1
924772,596640,2
924874,596680,1
924420,596697,1
924597,596750,1
900612,596830,2
912066,596843,1
910993,596859,1
904850,596872,2
924432,596891,2
904857,596923,1
924614,597006,1
924438,597015,1
924898,597021,1
924618,597065,1
924791,597115,1
904012,59717,2
924446,597240,1
924629,597383,1
921324,597391,1
954677,597535,1
949609,597606,1
924804,597695,2
924807,597740,1
903086,597880,1
948772,598049,1
924948,598068,2
898677,598375,1
907305,598519,1
901456,598554,2
924833,598590,1
920963,598951,1
924845,599039,1
901625,599103,1
850880,599216,1
924525,599531,1
901636,599664,1
924527,599729,1
924702,599789,2
924862,600036,3
901574,600090,1
925011,600103,1
924534,600177,2
895489,600200,1
924871,600483,1
909255,600620,1
924732,600735,1
924733,600782,1
911041,600784,2
925251,600831,2
925070,600990,1
925443,600995,1
925073,601013,1
914037,601137,2
925454,601184,1
925086,601390,1
925056,601415,1
923673,601555,1
911327,601631,2
902147,601754,1
925588,601815,1
925103,601855,1
925476,601856,2
925596,602002,1
907827,602085,1
925601,602215,1
925483,602291,1
925484,602405,1
951021,602473,1
925607,602512,1
925616,602706,1
902411,602798,1
925317,602928,1
920672,602987,1
925407,602998,2
912923,603059,1
911656,603296,1
925330,60335,1
925137,603419,1
915722,60349,1
925513,603499,1
925145,603615,1
896109,603660,2
925345,60381,1
918722,603819,1
948775,604181,1
925661,604269,1
850653,604284,1
925665,604379,1
919395,604400,1
909757,604468,1
945989,604531,1
917945,604534,1
925374,604640,1
918579,604813,2
909583,604831,1
925680,604861,2
925190,604900,1
904647,604907,1
924609,604973,1
925391,605162,2
925207,605227,1
901850,605264,1
925692,605278,1
925209,605324,1
925560,605401,2
925695,605412,2
896850,605447,2
925219,605630,1
925222,605704,1
925702,605743,1
947507,605763,1
901514,60597,1
895393,606059,1
925415,606094,1
919505,606351,2
925246,606360,2
921004,606435,1
895593,606575,1
918228,606647,1
926090,606832,1
926092,606893,3
925929,606988,1
925931,607202,1
915530,607419,2
926103,607424,1
919899,607702,1
925780,607736,1
926241,607746,1
915760,608197,2
925788,608244,1
925960,608647,1
925963,608663,1
959531,608738,1
952121,608755,1
925968,608832,1
926145,608925,1
925980,609200,2
925998,609923,1
926002,610008,1
908701,610143,1
925846,610379,1
926016,610503,1
921722,610525,1
920819,610624,1
926020,610712,1
949836,610733,1
926322,610996,1
926190,611179,1
926030,611210,1
926036,611367,2
926201,611528,1
925872,611563,1
925877,611743,1
926346,611765,1
926048,611980,1
926051,612122,1
926362,612387,2
926063,612454,1
926364,612510,1
959828,612650,1
926071,612707,1
925477,612789,1
926567,613013,1
926378,613105,1
926936,613179,1
911824,613249,1
926579,613427,1
926942,613518,1
926409,613529,1
926580,613535,1
926944,613540,1
926410,613542,1
918550,613592,1
926686,613658,1
921077,613750,2
916414,509432,1
916589,50950,1
910933,509509,1
916233,509518,1
916417,509722,1
916489,509769,1
916592,509793,1
916492,509945,1
916343,510126,1
916496,510138,1
905229,510288,3
951656,510414,1
916603,510421,2
959772,510664,1
916606,510732,1
916612,510998,1
916360,511238,1
916443,511334,1
904734,511405,1
895249,511579,1
916618,511870,1
916450,512013,1
916619,512019,1
916452,512079,1
916623,512237,1
916458,512744,1
901466,512864,1
909218,512884,1
916460,512894,1
898980,513038,1
916462,513065,1
916542,513160,2
916387,513181,1
916639,513229,1
916547,513400,1
904755,513405,2
899967,513555,1
916647,513654,1
908010,513714,1
916470,513770,1
916650,513800,1
916555,51394,1
916654,513958,1
916402,514228,2
916565,514421,1
916407,514501,1
916747,514749,1
916570,514751,2
916486,514780,1
916749,514810,1
916488,514872,1
851302,515167,1
916577,515187,1
916675,515480,1
916582,515723,3
916928,515964,1
916771,516258,2
916933,516286,1
916774,516540,2
916939,516717,2
916777,516747,2
916852,516849,2
916941,516850,1
916692,516952,1
916693,517005,1
916945,517017,2
916695,517018,1
916947,517097,1
906504,517125,1
916788,51715,2
896893,517151,2
906893,517154,1
951533,517236,1
916704,517287,1
916791,517305,1
908329,517407,2
916957,517450,1
948702,517473,1
916958,517509,1
957070,517732,1
916805,517906,2
916809,518103,2
916879,518122,1
916717,518172,1
916974,518231,1
945518,518419,1
909900,518553,2
916726,518567,2
916822,518629,1
916980,518696,1
910070,518728,2
916823,518759,1
916983,518795,2
916732,518898,1
916895,519041,1
916738,519082,1
916739,51911,1
916996,519242,1
916840,51926,1
899293,519328,3
916902,519362,1
916904,519435,1
895254,519436,1
917003,519540,1
905686,519556,1
917000,519612,1
917167,519672,1
900490,519692,1
916907,519705,1
895256,519772,1
917171,519781,1
917084,519802,2
917245,520113,1
917089,520127,2
917019,520256,1
917187,520363,2
917024,520383,1
917254,520435,1
895469,520468,2
950031,520597,2
895562,520617,1
917033,520700,1
917196,520706,1
945579,520725,1
917101,520744,1
948705,520759,1
917036,520822,1
917262,520827,1
907965,520932,1
917266,520933,1
954799,521000,1
904508,521054,1
917269,521079,1
947135,521199,1
903708,521219,1
958885,521396,1
917277,521471,1
917279,521656,2
954829,521763,1
917052,521799,1
917218,521983,1
917222,522064,1
959644,522095,1
954966,522187,1
917059,522220,1
917292,522245,1
917135,522276,1
917138,522328,2
908735,522426,1
917238,522571,1
917306,522588,2
917144,522619,2
955000,522634,1
917071,522645,1
948707,522670,1
917072,522789,1
899088,522836,1
917075,522902,1
904350,523024,1
917079,523047,1
917325,523148,1
908819,523245,1
908385,523301,2
917330,523334,2
917331,523358,2
905793,523717,1
945884,523802,1
917356,523871,1
917506,524006,1
917507,524067,1
917436,524075,1
958307,524121,1
909781,524170,1
917574,524281,1
917575,524334,1
917442,524349,1
958393,524392,1
895259,524443,2
917366,524448,1
917577,524475,1
909942,524477,1
900445,524578,2
917374,524704,2
904582,524817,1
917523,524849,1
917525,524933,2
917383,525029,1
917531,525154,1
913891,525181,1
917389,525245,1
917391,525269,1
926594,613867,1
926971,614402,1
923042,614497,1
926751,614533,1
922139,614771,2
926437,614825,1
926440,614888,1
926618,614914,1
895281,614976,1
926444,614997,1
926624,615085,1
926991,615130,2
926010,615289,2
926453,6153,1
926648,615568,1
926791,615575,1
927017,615580,2
905743,615769,2
923452,615780,2
921597,615857,3
926805,615883,1
926811,616001,1
927038,616045,1
925900,616073,1
901006,616223,1
950015,616482,1
926832,616514,2
915363,616541,2
926695,616684,2
926848,616704,2
949102,616727,1
947469,616746,1
905629,616871,1
921052,616889,1
926538,617078,1
926756,617134,1
907998,617203,1
927094,617437,1
950231,617456,1
917104,617582,1
956784,617702,1
927103,617705,1
927109,617735,1
898676,617881,1
927424,617886,3
927120,618045,1
927433,618125,1
927435,618192,1
907371,618225,1
921233,618231,1
924832,618334,2
927442,618381,2
915929,618414,1
910288,618426,1
927138,618500,1
927252,618708,2
896423,619056,1
927266,619110,1
919831,619241,1
958920,619252,1
920248,619271,1
952270,619589,1
906127,619594,1
927636,619634,1
927283,619690,1
927289,619809,1
904303,619868,2
927649,619960,2
906135,620018,2
927169,620020,1
922433,620051,1
927498,620247,1
909721,620283,1
927662,620411,1
927663,62054,1
927314,620545,1
927666,620601,1
927509,620629,2
927321,620908,1
916657,621117,1
958550,621200,1
927186,621208,2
851496,621229,1
945651,621341,1
919977,621601,1
897571,621608,3
902596,621658,1
927200,621694,1
953041,621763,1
927551,621773,1
927352,621812,1
851402,621815,1
927700,621816,1
927355,621865,1
916979,622093,1
919472,62220,1
946172,622272,1
927020,622384,2
927727,622410,1
927730,622470,2
927244,622473,3
927388,622647,1
927590,622648,1
903987,622656,2
920271,622658,1
927898,622677,1
928051,622705,1
922866,622772,1
927399,622865,1
927403,622911,3
900836,623016,1
928064,623039,1
927756,623092,1
927759,623130,1
928072,623140,2
898391,623309,1
928208,623446,1
922479,623614,1
920065,623675,1
927932,623818,2
915280,623889,1
911443,623931,1
927939,623937,1
928234,623950,1
927942,624021,1
958719,624127,1
958861,624143,1
927791,624168,2
927950,624367,1
916848,624370,2
928122,624390,1
927952,624408,3
904847,624467,2
927803,62449,1
895398,624505,1
918635,624570,1
927961,624576,1
895599,624584,1
928256,624684,1
927965,624696,1
928259,624777,1
951777,624862,1
927974,624936,1
925006,625010,1
895492,625061,1
912551,625109,3
909243,625111,1
900267,625160,1
928153,625265,2
927986,625273,1
927994,625430,1
928285,625473,1
928173,625701,1
928297,625769,1
949200,625982,1
928179,625996,2
928304,626031,1
928306,626050,1
928309,62613,1
927231,626390,1
951772,626407,1
928317,62647,1
928031,626557,1
928202,626700,1
928037,626819,2
928044,626916,1
927893,626960,2
950417,627032,1
928644,627049,1
928337,62715,2
926765,627186,1
928354,627257,1
928503,627280,2
956915,627288,1
908302,627370,2
928346,627640,1
928659,627644,1
898324,627650,2
928516,627742,1
905923,627819,1
905465,627868,1
928521,627934,1
928792,628510,1
899437,628550,1
958852,628745,1
914647,628907,1
928543,629080,1
928684,629411,1
928555,629512,1
920523,629583,1
895403,629606,1
917604,525342,2
895563,52537,1
917606,525382,1
917609,525501,2
917610,525567,1
917400,525611,1
917472,525614,2
917473,52567,1
901960,525707,1
917406,525863,1
917479,525951,1
951507,526115,1
917483,526124,1
900861,526125,1
917553,526278,1
917625,526413,1
917556,526428,1
917491,526447,1
917560,526529,1
908068,526539,1
950457,526550,1
917629,526584,1
917640,526601,1
917779,526649,1
913272,526671,1
917644,526703,1
917634,526933,2
917720,527103,1
917790,527267,1
917653,527294,1
957140,527310,1
917724,527356,1
959708,527517,1
917661,527628,2
917665,527748,1
917854,527913,2
917734,527915,1
901558,527955,2
917802,52800,2
917856,528176,1
917672,52823,1
917737,528282,1
959306,528288,1
917675,528347,1
917807,528485,1
899952,528596,2
917678,528614,1
917809,52862,2
917864,52863,2
917738,528668,1
917810,528696,1
917680,528764,1
917866,528787,1
903751,528975,1
917815,529142,2
953534,529229,1
917874,529497,1
906744,529499,1
917818,52952,1
917690,529544,1
917754,530184,1
917755,530314,1
917756,530385,1
917758,530519,1
957104,530553,1
917834,530783,1
917764,530938,1
917709,531001,1
917840,531061,1
907908,531086,1
917713,531132,2
900185,531288,1
915533,531289,1
917842,531336,1
917904,531660,1
917916,531720,1
918001,531836,1
954191,531995,1
918003,532109,2
917923,532187,1
917924,532271,1
949845,532394,1
915652,532443,2
918007,532640,1
917929,532666,1
947206,532766,1
917936,532956,2
918072,533066,1
918073,533171,1
917940,533185,1
918015,533249,1
917941,533276,1
918150,533379,1
918016,533404,1
917943,53348,1
918078,533562,1
918079,533635,1
918154,533657,2
917948,533806,1
918083,533853,1
917952,533945,1
904190,533968,1
918021,533998,1
918157,534022,1
913954,534043,1
917958,534257,1
918088,534420,1
918165,534438,2
916251,534475,1
918167,53448,1
918026,534533,1
918092,534628,1
918169,534725,1
917962,534753,1
918174,534890,1
917965,534995,1
916432,535078,1
918179,535101,2
918181,535234,1
918035,535390,1
958594,535499,1
918112,535595,1
918113,535633,1
918190,535667,1
918114,535684,1
912293,535831,1
918194,536007,1
902171,53603,1
951502,536086,1
917997,536209,1
918199,536247,1
917998,536392,1
918129,536409,1
918335,536421,1
914226,536490,2
900776,536570,1
918208,53663,2
918225,536719,3
918571,536824,1
954442,536891,1
918238,537108,1
918458,537146,2
918583,53715,1
918585,537194,1
918355,537228,1
918589,537332,1
918592,537415,1
918360,537475,1
918597,537563,1
906318,537632,1
918369,537716,2
918468,537719,1
951065,537729,1
918371,537740,1
918475,537932,1
918384,538004,2
918618,538042,1
907582,538058,1
958959,538309,1
918286,538418,2
918493,538528,1
918400,538536,3
918293,538713,1
912579,538859,1
918500,538959,2
918300,539111,2
918301,539221,1
918505,539316,1
918642,539320,1
918304,539441,1
918646,539511,1
913308,539545,1
918513,539579,1
918517,539722,1
948740,539743,1
918650,539759,1
918439,539903,1
918656,540181,1
918657,540301,1
904530,54050,1
916962,540521,3
896418,540575,1
918453,540650,2
918323,540654,1
918455,540716,1
918667,540746,1
951560,541173,1
895267,541253,1
918554,541323,1
952991,541361,1
918558,541438,1
918805,541483,2
918806,541504,1
907567,541698,1
906790,541787,1
919028,541870,1
918896,541977,1
912175,541992,1
918814,542037,2
896129,5422,2
950711,542258,1
918902,542326,1
918715,542355,1
918903,542366,1
918904,542396,1
919038,542409,3
918827,542417,1
918723,54252,1
918908,542540,2
900135,542584,3
919042,542592,1
904600,542609,1
918832,542695,1
895479,542725,1
919044,542734,1
918913,542742,1
903898,54276,2
918836,542804,1
900848,542907,2
918737,54307,1
918924,543232,1
906557,54329,1
948743,543315,1
895268,543465,1
918849,543757,2
919069,543840,1
901746,543959,2
918755,544027,1
918757,544105,2
919074,544167,1
918759,54417,1
918858,544195,1
918866,544389,1
919088,544445,2
918956,544489,1
918872,544604,1
918960,544615,1
919093,544697,1
919095,544787,2
918780,544797,1
918878,544871,1
918881,544971,1
914069,545024,1
953962,54503,1
895270,545040,1
918785,545096,1
918883,545111,1
919112,545358,1
898516,545403,1
919122,545404,1
918988,5455,1
919298,545558,1
917501,545643,1
901193,545810,1
919003,545923,1
900198,546041,1
919164,546078,1
919535,546119,1
901225,546123,2
919323,546312,2
919544,546535,1
919548,546657,1
919192,546662,1
919333,546830,1
948720,546862,1
899344,546929,1
904484,546940,2
919557,547102,1
919209,547127,1
919211,547230,1
919433,547248,1
919435,547350,1
904586,547493,1
945635,547906,1
919571,548001,2
906110,54802,1
911631,548099,1
909280,548501,1
919246,548538,1
850877,548644,2
919359,548646,1
851313,548667,2
919248,548736,1
919460,548745,1
896528,548746,1
919585,548792,1
897077,549024,2
919589,549094,1
919253,549107,1
919368,549111,1
919471,549255,1
919377,549637,1
945919,549662,1
919262,549664,1
919268,549855,1
946084,549995,1
919491,550402,1
919613,550559,1
950172,550683,1
919615,550689,1
913556,550718,1
919402,550889,1
919620,550906,1
919403,550985,1
919498,550994,1
919499,551096,1
919500,551152,2
919293,551169,1
919501,551182,2
919294,551233,1
919633,551589,1
896291,552154,1
919647,552340,1
919852,552362,1
919649,552458,1
899630,552468,1
919768,55257,3
898463,552661,1
919863,552895,1
919987,553223,1
919665,553328,1
904892,553763,1
919874,553834,2
919674,553870,1
919875,553893,1
920002,553922,1
919794,553945,1
919797,553989,2
919881,554075,1
911365,554128,1
909435,554177,1
920020,55426,1
920025,554447,1
920027,554511,1
902753,554526,1
898616,554602,3
920035,55469,1
919700,554877,3
909664,554919,1
919908,555183,1
901896,555378,1
919826,555433,2
919713,555703,1
920052,555772,1
920059,556110,1
850651,556112,1
919926,556139,1
919725,556346,1
919732,556743,1
946497,556867,1
919738,557134,2
920558,557437,1
920083,557494,1
920216,557497,1
920560,557589,1
910974,557835,1
920565,557905,1
919952,558004,1
957080,558104,1
920100,558416,1
920581,558682,1
920372,558753,1
920377,559152,1
920236,559308,1
920385,559477,1
920238,559591,1
920241,559813,1
920611,559934,1
920125,560096,1
920127,560245,1
920131,560709,1
920259,560740,2
920425,56099,1
920640,560991,1
919523,56110,1
951423,561282,1
920435,561435,1
920655,561469,1
920660,561529,2
907988,561533,1
920662,561566,1
920445,561591,2
851480,561787,3
928806,629705,1
928402,629759,1
928810,629814,1
928700,629848,2
928566,629876,1
928817,629981,1
911748,63001,1
897313,630203,2
928822,630273,1
928713,630496,2
910619,630510,1
959773,630541,1
950399,630805,1
928433,630915,1
916029,631119,1
922168,631146,2
928589,631168,1
928591,631221,1
928845,631421,1
927370,631561,1
924358,631570,1
928609,631964,1
928862,632002,2
901384,632068,1
921842,63208,1
921470,632209,1
920926,632457,1
928625,632488,1
928629,632553,1
948786,632723,1
952925,632776,1
913457,632781,1
928471,632816,1
947756,632982,1
928479,633110,1
923011,633165,1
924721,633182,1
928901,633331,1
928491,633430,1
899160,633432,1
897084,633664,2
913824,634061,1
929363,634131,1
955303,634217,1
928952,634263,1
929109,634265,1
897821,634338,1
929113,634380,1
929239,634905,1
914926,635092,1
959258,635273,1
929390,635403,1
922660,635628,1
929256,635693,1
851544,635749,1
928986,635787,1
929407,635849,1
946196,635850,1
929260,635875,1
929409,635900,1
922738,635921,2
925882,635934,1
928992,635984,1
929416,636072,1
925631,636110,2
905403,636411,1
921383,636554,1
911533,636583,1
929173,636656,1
907799,636753,1
927985,636819,1
927652,636892,1
920010,637099,2
929029,637110,1
911813,637325,1
913208,637369,1
929199,637417,1
909953,637431,1
956835,637455,1
946534,637492,1
958659,637521,1
929206,637526,1
950057,637564,2
929052,63757,1
921137,637577,1
928335,637593,1
923243,637597,1
929214,637643,2
929456,63777,1
929059,637779,1
924344,63778,1
929322,637896,1
908324,637972,1
929072,638110,1
929075,63816,1
907229,638296,1
929725,638321,1
929083,638395,1
911723,638504,1
929730,638546,1
929471,638550,1
929125,638738,1
906250,638819,1
929479,638845,1
929611,638862,2
929740,638917,2
904498,638978,1
929350,639035,1
918473,639094,1
929744,639144,1
925784,639437,1
929623,639542,1
895495,639721,2
929631,639844,1
929512,639884,1
959604,639896,1
929847,639926,1
851576,640022,1
929285,640025,1
895605,640186,1
929640,640223,1
929764,640266,1
929642,640319,2
929856,640324,1
947693,640564,1
929652,640680,1
929865,640831,1
928204,640911,1
929543,640980,1
895497,640987,1
907604,641098,1
929779,641130,2
929876,641205,1
947055,641357,1
896058,641500,1
929558,641644,2
929795,641725,1
929892,641823,2
929897,641968,1
958351,642031,1
919080,642376,2
929812,642466,1
924198,642648,1
907621,642675,2
925427,642715,1
929822,642796,1
929917,642824,3
929823,642840,1
927543,642876,1
929921,643080,2
925878,643236,1
929924,643246,2
947541,643412,1
929934,643627,1
899889,643674,1
909661,643699,1
929940,643763,1
930187,643922,1
928318,644198,1
926857,644224,1
930199,644264,2
948813,644314,1
930209,644568,1
948814,644602,1
930096,644603,1
930100,644723,1
930101,644739,1
930220,644819,2
901817,644888,1
946894,644988,1
925239,645272,2
930232,645291,1
948815,645314,1
929996,645322,1
925292,645334,1
851611,645355,1
901717,645376,1
930358,645416,1
930360,645459,1
930364,645513,3
930241,645532,2
901813,645542,1
920717,645582,2
850786,645736,1
905060,645780,1
930373,645883,1
930019,646015,1
909093,646064,2
930378,646102,1
930141,646114,1
930024,646205,1
926073,64622,1
929124,64625,1
930025,646260,1
922448,646308,1
955019,646333,1
923961,646401,3
930033,646494,1
930152,646542,2
912301,646653,1
905036,646732,1
930275,646751,1
930277,646868,2
930047,646875,1
897518,646894,1
930049,646902,1
930406,646913,1
930167,646982,1
959025,647088,1
917628,647164,1
930415,647196,1
930057,647259,2
901786,647262,1
930419,647294,1
930296,64735,1
952049,647410,1
930432,647663,1
930683,647684,1
930531,647703,2
950816,647753,1
930450,647892,1
928221,648054,1
906616,648077,1
905509,648201,1
930696,648249,1
955506,648270,1
902842,648277,2
930602,648505,1
930453,648545,1
930701,648549,1
930548,648708,1
919986,648718,1
930464,648729,1
930615,648814,1
930706,648832,2
951078,649019,1
921484,649198,1
930470,649207,1
930621,649255,1
915886,64932,2
910612,649350,1
925605,649352,3
953017,649400,1
922809,64942,1
927225,649493,1
902459,649732,1
930571,649780,1
930632,649798,1
951728,649887,1
930576,649940,1
930579,650146,1
947438,650153,1
930642,650384,1
930492,650495,2
903832,650521,1
930493,650526,1
895503,650583,1
924564,650660,1
930157,650707,1
949320,650721,1
930745,650758,1
903859,650765,1
953394,650776,1
930746,650821,1
902818,651135,1
902874,651175,1
910327,651193,1
930749,651248,1
952651,651307,1
899156,65141,2
925599,651410,1
930505,651442,1
930667,651660,1
950070,651757,1
930762,651758,2
930757,65178,1
929899,651792,1
930764,651793,1
930422,651854,1
930514,65186,1
930669,651962,1
930901,651964,1
930766,651988,1
930111,652013,1
926186,652190,1
946689,652208,1
928356,652448,1
952544,652483,1
949821,652532,1
929677,652665,1
930911,652668,1
910996,65284,1
930981,652956,1
930779,652966,1
930917,653047,1
899326,653087,1
930785,653406,1
930839,653643,1
895611,653667,1
930928,653684,1
901199,653960,2
930846,654043,1
924925,654113,1
930848,654192,1
930849,654268,1
930937,65435,1
930791,654360,1
930997,654374,2
923279,654512,1
930941,65461,1
930858,654641,1
929798,654652,1
930795,654719,1
922891,654782,3
951284,654866,1
930950,655038,1
931003,655060,3
900210,655136,2
899607,655184,1
930806,655361,1
928417,655541,1
930869,655696,1
927095,655767,1
945528,655803,1
931017,655849,2
930813,655994,1
931023,656250,1
945917,656269,1
901682,656306,1
926910,656585,3
930881,656599,1
930883,656741,1
959379,656848,1
929066,656995,2
930970,657040,2
926852,657048,1
926267,657053,1
930972,657167,1
930888,657249,1
928358,657325,1
930889,657352,2
930891,657511,1
918871,65763,1
931104,657678,1
899869,657687,1
898978,65774,1
931054,657876,1
930900,657992,1
926979,658631,1
931254,658688,2
931203,658696,2
931064,658747,1
931065,658775,1
931124,659071,1
946608,659138,1
931072,659574,1
931264,659582,1
931213,65966,1
931133,65989,1
952132,659908,1
949092,660055,1
903062,660065,1
931137,660107,1
931081,660140,1
895291,66025,2
931222,660515,1
946059,660533,1
947542,660940,1
920414,661043,1
931229,661089,1
931282,661186,1
931152,661289,1
931091,661298,1
925449,661518,1
931157,661607,1
925979,661620,3
946814,661665,1
931159,661669,1
931237,661739,1
931161,661742,1
948806,661763,3
931240,661968,2
920298,561902,1
920300,561986,1
918324,562208,1
920313,562267,1
920315,562478,1
919796,562604,1
920328,562662,1
955214,562693,1
920720,562956,1
900761,563118,1
898899,563147,1
920190,563185,1
920344,563223,3
920504,563235,2
920513,563429,1
920514,563473,1
921294,563533,1
920739,563609,1
900316,563626,1
912750,563681,1
920529,563700,1
895382,563743,2
920938,563759,1
958285,563992,1
921311,564016,2
920761,564186,1
921322,564231,1
921139,564334,1
920964,564405,1
921142,564417,1
920775,564424,1
920785,564642,1
919968,564711,2
920789,564857,1
900554,564902,1
920792,564922,1
920799,565077,1
921166,565200,1
921360,56529,1
920815,565400,1
921364,56543,2
921367,565500,1
851190,565565,1
900892,565651,1
921027,565813,1
920834,565876,1
916377,565900,1
949189,565966,1
918778,566123,1
948747,566148,1
920849,566156,1
921054,566167,2
921065,566342,1
913630,566578,1
902493,566686,1
921401,566711,1
921220,566761,1
921409,566931,1
920886,566936,1
918638,56702,2
919300,567213,2
921415,567215,1
953948,567239,1
921248,567279,1
921416,567287,1
920903,567292,1
921419,567325,1
902684,567337,1
921420,567372,1
920911,567482,1
920914,567545,3
948745,56759,1
920918,567643,2
921435,567648,1
920921,567698,1
921605,56786,1
956704,567894,1
921444,567925,1
921450,568068,1
921460,568358,1
921632,568626,1
921469,568631,1
919278,56870,1
950964,568764,1
921647,568938,1
921655,569079,1
921493,569084,1
921823,569163,1
921500,569270,1
911786,569273,1
953361,569355,1
921977,569407,1
921672,569408,1
921676,569467,1
921837,569535,1
921686,569691,1
921688,569741,1
921986,569791,1
921690,569797,1
903643,569810,1
904331,569890,1
921694,569898,1
947277,570194,1
921535,570364,1
912686,57039,1
910147,570618,2
922006,570725,3
954638,570937,1
897560,570959,1
921552,571043,1
921555,571123,3
905273,571132,1
921875,571228,1
921877,571290,2
921723,571337,1
921724,571395,3
905466,571609,1
921573,571725,2
908193,571836,1
921579,571839,1
905638,571866,1
921738,571867,1
959399,571900,1
952388,572106,1
921742,57212,1
912491,572154,1
921906,572159,1
921585,572220,1
921588,5724,2
921592,572581,1
912862,572899,1
909766,573003,1
922090,573036,1
910098,573059,1
922096,573206,1
922257,573223,1
922392,573267,1
917771,573269,1
909633,573341,1
947690,573363,1
922264,573412,1
922079,573418,1
922109,573740,1
922112,573837,1
922409,573952,1
907838,574014,2
922537,574268,1
922287,574439,1
851549,574721,1
922427,574767,1
895579,574965,1
947005,575041,1
922555,575157,1
922299,575301,1
922562,575452,1
922565,575600,1
903988,575711,1
904545,575867,1
919186,576232,1
896166,576412,1
914344,576453,1
922319,576470,1
916795,576473,1
922459,576487,1
922321,576500,1
901922,576867,1
904088,577164,1
922329,577230,1
922472,577274,1
922594,577662,1
922596,577775,1
948750,577864,1
947106,577948,1
898626,57806,1
922486,578090,1
910950,578289,1
922493,57853,1
908804,578710,1
922612,578807,1
922206,578838,1
901118,57921,1
922363,579346,1
947398,579676,1
895388,579751,1
922228,579857,2
907649,580337,2
922526,580385,1
955198,580442,1
922787,580503,1
923093,580520,1
922673,580886,1
948753,581050,1
905655,581256,1
902837,581304,1
896718,581331,1
913406,581333,1
922920,581356,2
902855,581368,2
949452,581429,1
923121,581648,2
850981,581708,1
923124,581813,1
959024,582067,1
922941,582087,1
923131,582089,1
922828,582094,1
922935,582110,2
922947,582322,1
922288,582397,1
954433,582404,1
918096,582713,1
921828,582729,3
907642,583005,3
923146,583060,2
922909,583189,1
922712,583190,1
950453,583245,1
922713,583278,1
922974,583304,1
914406,583530,1
922863,583638,1
922728,58382,1
922992,583883,1
922877,584146,2
923001,584148,1
909579,584571,1
922888,584638,1
923018,584649,1
922752,584894,2
912421,585245,2
922904,585445,1
922763,585503,2
922906,585571,2
851492,585651,2
910138,585736,3
906715,585744,1
923045,585759,1
947188,585836,1
904375,585884,1
922917,585924,1
923380,586381,2
923666,586953,1
923085,587093,1
923397,587296,1
923678,587391,1
923266,587487,1
923517,587574,1
923519,587604,1
923524,587791,1
904041,587857,1
923689,587898,1
923277,587986,1
917152,588162,1
923535,588374,1
920324,588474,1
923701,588498,1
923710,588599,1
923293,588661,1
922189,588689,1
923545,588736,1
923437,588872,1
923720,588952,1
923449,589182,2
959716,589263,1
923565,589435,1
901079,589437,1
923568,589612,1
923570,589668,1
923740,589888,1
917886,589942,1
923592,590128,1
923484,590150,1
923596,590171,2
923342,590226,1
923491,590493,2
923760,590497,1
923492,590571,1
921546,59066,2
914067,590713,2
923767,590877,1
923499,590889,1
923616,590939,1
920689,590950,1
946467,591041,1
923770,591059,2
923360,591061,1
912683,591218,1
923367,591235,1
920607,591237,1
923932,591272,1
923461,591322,1
924215,591369,1
923782,591383,1
949175,591401,1
919143,591493,1
920511,591505,1
923633,591511,1
901460,591688,2
923641,591713,2
917365,591808,1
924228,591819,1
923955,59184,1
906351,591920,2
923938,592107,1
923039,592159,1
922536,592204,1
923814,592254,1
901629,592277,1
924068,592391,1
898543,592483,1
908118,592617,1
951636,592674,1
908908,592741,2
923991,593042,1
918171,593049,2
851328,593205,1
924001,593356,1
919618,593360,1
924300,593680,1
902456,593702,1
914186,593882,1
919867,593915,1
923871,593923,1
924314,593941,1
896238,593954,1
924324,594147,2
908309,594386,1
924030,594398,1
896661,594500,1
924040,594599,1
924136,594609,2
911795,594734,1
923896,594783,1
945897,594932,1
924154,594957,1
923907,594975,1
950903,594996,1
924052,595250,1
924164,595273,1
924376,595277,1
924381,595427,1
924740,595578,2
924177,595608,1
924754,595962,1
924568,595992,2
924406,596010,1
906582,596245,2
924578,596392,1
924207,596468,2
924412,596504,1
924765,596515,1
918794,596645,1
901821,596745,2
924426,596806,1
914507,597395,1
907139,597557,2
898500,597562,3
904880,597576,1
913061,597735,1
924930,597797,1
903027,597808,1
924468,597861,1
924650,597948,1
924817,598021,1
924654,598029,3
851598,598065,1
951959,598074,1
911049,598134,3
921819,598203,1
909760,598218,1
924667,598269,1
924673,598409,1
904909,598617,1
905479,598626,1
924502,598771,1
924682,598883,1
850795,598894,1
924508,599015,1
923207,599104,1
952535,599119,1
924693,599185,1
923501,599218,1
931241,662035,1
905592,662104,1
931299,662167,1
931246,662342,2
908911,662383,2
895412,662586,3
931310,66270,2
931410,662735,1
948821,662920,1
901181,66303,1
931568,663126,1
931417,663244,1
901472,663264,1
931571,663305,1
952122,663379,1
922419,663395,2
931340,66354,1
931487,663544,1
905244,663797,1
922076,663798,1
931348,66385,1
931494,663947,1
948770,663949,2
931579,663974,1
929503,664076,1
931499,664088,1
900238,664164,1
949868,664287,1
931437,664369,1
931506,66440,1
925386,664487,1
931359,664499,1
922341,664503,1
931439,664504,1
931365,66467,1
931366,66474,1
910237,664904,1
953990,665032,1
925496,665037,1
931452,665108,1
909326,66532,1
925289,665416,1
931529,665626,1
928316,665643,1
931398,665910,1
895414,666051,1
931708,666316,1
911654,666386,1
927956,666429,1
931547,666503,1
931715,666597,2
901408,66660,1
928137,666626,2
927854,666695,1
931550,666709,1
850924,666738,1
931639,666765,1
946642,666809,1
908387,666818,2
931726,666834,2
926708,666885,2
906371,66696,1
922151,667009,3
931793,667017,1
911689,667209,1
922308,667248,1
931798,667387,1
931650,667402,1
931800,667448,1
948779,667480,1
922589,667508,1
931885,667818,1
931660,667904,1
907941,667915,2
924467,667997,1
927584,668078,2
922817,66823,1
931818,668253,1
946579,668345,1
896132,668355,2
931769,66848,1
952454,668502,1
931832,668659,1
959290,668738,1
931834,668748,1
931676,668861,2
931911,668891,2
901584,66891,1
931678,669065,1
931841,669076,1
931680,669156,2
899451,669217,2
931847,66927,1
911902,669490,1
931789,669533,1
931856,669565,3
921012,669642,1
931859,669729,1
932005,669737,1
921862,669777,1
931861,669779,1
924401,669851,1
905350,669989,1
910152,670032,1
932155,670034,1
932157,67008,1
932015,670086,1
947030,67017,1
931392,670179,1
909625,670192,1
931946,670278,1
932021,670281,1
958849,670346,1
909972,670468,1
932083,670519,1
932030,670576,1
929332,670590,1
948784,670702,1
932173,670703,1
932036,670757,1
908328,670774,1
932094,671080,3
932179,671106,1
959501,671219,1
932184,671293,1
932049,671489,1
907761,671545,1
932104,671598,2
946268,671705,1
932108,671729,1
932055,671752,2
932200,671874,1
899364,671903,1
932057,671909,1
932203,672021,1
923177,672144,3
932114,672194,1
931974,672257,1
920478,672657,3
949268,672974,1
955354,673030,1
931981,673165,1
954356,673274,1
932228,673330,1
926742,673367,1
931985,673375,1
926471,673465,1
932138,673560,1
920286,673575,2
932232,67361,1
931993,673669,1
928896,673717,1
921778,673730,1
917681,673786,2
932144,673788,1
931465,673821,1
927752,673889,1
932310,674055,2
950327,674078,1
951797,674107,2
850632,674128,1
932311,674144,1
932151,674152,1
895422,674240,1
932251,674388,3
926771,674417,1
932317,674448,1
932375,674450,3
932446,674530,1
932255,674541,1
952431,674554,1
932447,674575,1
850862,674598,2
932450,674637,1
931889,674644,1
920378,674688,1
932324,674735,1
895509,674772,1
909299,674800,2
915791,674854,1
919575,674941,1
905925,67503,1
932384,67511,1
926396,675132,1
899898,675174,1
932230,67531,1
959252,675400,1
945260,675501,1
932270,675526,1
954952,675551,1
932457,675579,1
951398,599314,1
924696,599337,1
924855,599583,1
903322,599648,1
924860,599851,1
924705,599877,2
924530,599901,1
925004,599956,1
921159,600047,1
958343,600082,1
953987,600176,1
925017,600351,1
922672,60037,1
924541,60042,1
924722,600468,1
924549,600524,1
925439,600845,1
925262,601098,1
925049,601259,1
905798,601330,1
919755,601447,1
925089,601499,1
925091,60154,1
896642,601705,2
920399,601706,1
905568,601783,1
925105,60189,1
925593,601896,1
947064,601997,1
918479,60201,2
953755,602509,1
919049,602643,2
925495,602785,1
925313,602800,1
925498,602846,1
925621,602917,1
850600,603010,1
925127,603101,2
925505,603147,1
913135,603149,1
925325,603151,1
925132,603177,1
925642,603535,3
925341,603612,1
850608,603790,2
925520,603853,2
925654,604044,1
925368,604422,1
925175,60453,3
904093,604591,3
925675,604692,1
925377,604696,1
925184,604732,1
925545,604747,1
925548,604859,1
911880,604986,2
920122,605005,1
925387,605075,2
925694,605354,1
955428,605374,1
925699,605623,1
907201,605680,1
905516,605780,1
923635,605826,1
925579,606121,1
922186,60620,2
925419,606249,1
947817,606285,1
925424,606378,1
925717,606471,1
925913,606681,1
896434,606688,1
925758,606712,1
925917,606787,2
925922,606867,1
904301,606896,1
925925,606953,1
925742,606986,1
907401,606989,1
948748,60762,1
850742,607808,4
925942,607867,2
925947,608330,1
925005,608355,1
898254,608378,1
905550,608494,1
948749,608616,1
926262,608661,1
926143,60884,1
925812,608881,1
920996,609091,2
923559,609120,1
925977,609129,1
905708,609294,2
950942,609429,1
946997,609470,1
926160,609655,1
910272,609694,1
925835,609932,1
909873,609975,1
946522,610007,1
925839,610059,2
926009,610352,1
926308,610490,1
926311,610653,1
926324,611152,2
921674,611209,2
926192,611247,1
926328,611278,1
926040,611546,1
851084,611932,1
926215,611985,2
925893,612135,1
926354,612155,1
926220,612164,1
926055,612219,1
896127,612259,1
926066,612533,1
920460,612569,1
957025,612583,1
926564,61263,1
926368,61280,1
906348,612928,1
926397,612992,1
926403,61312,1
926941,613314,1
925326,613586,1
895491,613882,1
925046,613924,1
926965,614010,1
953658,614027,1
926743,614120,1
915063,614201,1
924208,614314,1
926608,614515,1
920420,614739,2
926758,614761,2
906808,614845,4
926982,614879,1
915098,614921,2
952681,615010,1
926776,615227,1
916487,615334,1
912646,615403,1
926460,615427,1
926646,615530,2
921263,615565,1
926653,615714,1
927032,615961,3
959537,616147,1
927043,616199,1
905920,616207,1
926828,616442,1
927056,616524,2
927057,616555,1
905893,616581,1
926520,616626,2
926689,616639,1
926693,616655,1
926845,616657,1
948763,616678,1
926702,616813,2
927073,616830,1
926707,616894,1
926861,616897,1
922516,617034,1
926868,617086,1
926874,617330,1
926729,617407,1
926887,617583,1
920448,617812,1
927117,618003,1
927427,618028,1
927600,618068,1
902839,618134,1
927605,618194,1
927439,618286,2
926917,618369,2
958878,618372,1
927444,618436,2
897240,618556,1
927447,618570,1
851199,618645,1
955118,618933,1
941704,619052,1
924542,619150,1
917458,619235,1
927277,619487,1
925417,619588,1
906131,619598,2
907696,619879,1
958332,675610,1
932392,67563,1
914046,675688,1
932393,675706,1
932334,675729,3
930455,675816,1
918373,675923,1
932398,675956,1
932283,676133,1
913483,676203,1
932341,676261,1
928816,676281,3
932467,676367,2
918380,67642,2
932468,676421,1
904151,676467,1
932469,676491,1
907576,676699,1
932406,676808,1
903238,676971,1
932354,677070,1
932356,67720,2
932478,677201,1
932410,677210,1
929910,677390,1
932481,67742,1
932300,67762,1
948794,677728,1
932484,677754,1
920227,677827,2
932306,677839,1
905505,677946,1
932494,678009,1
898808,678100,1
921945,678191,1
932418,678260,1
932421,67838,1
932700,678436,1
900156,678534,1
932425,67858,1
925376,678729,1
902507,678828,2
932625,67889,1
924225,679011,2
931652,679088,2
932629,679291,1
920735,679333,1
932579,679502,2
932633,679657,1
932718,679660,1
932634,679707,1
932518,679800,1
932522,679973,1
932583,68001,2
932639,680047,1
929151,680082,1
898418,680129,1
932644,680377,2
922529,680509,1
908912,680514,2
932533,680657,1
900586,68079,1
932734,680841,2
932595,680876,1
932535,680912,1
932599,681020,1
932650,681050,1
932538,681066,1
931990,681304,1
932654,681305,1
953806,681363,1
897773,681381,2
921839,68150,2
932657,681524,1
906717,681525,1
932658,681655,2
932659,68177,1
909062,68194,1
932748,682126,1
932553,682282,1
932612,682311,1
932669,682351,1
931458,682738,1
932675,682797,1
932561,682807,3
932676,682835,1
924955,682842,1
932624,683025,1
932764,68323,1
932768,683545,1
951727,683661,1
931476,683834,1
930332,683849,1
932691,683885,1
924660,683951,1
932978,684167,1
932775,684188,1
950746,684212,1
926869,684298,1
920349,684378,1
932917,684398,2
932920,684544,1
905578,684659,1
932991,684737,2
916871,684991,2
948807,685006,1
932926,685047,1
945800,685103,1
932927,685174,1
932790,685217,1
932929,685402,1
909657,685451,3
932931,685489,1
947018,685590,1
926099,685605,1
918950,685657,1
932858,685688,1
932804,686129,3
932938,686184,1
910645,686198,1
932805,686199,1
932868,686211,1
932808,686471,2
953125,686497,1
932810,686512,1
851516,686546,2
911440,68659,1
921482,686620,2
850900,686665,1
910783,686680,2
920831,686787,1
900283,686796,1
905337,686945,1
897275,686966,2
932948,686995,1
932820,687030,1
922169,687073,1
922316,687102,1
919197,687127,1
921196,687421,1
932954,687481,2
932885,68752,1
920305,687588,1
924605,687718,1
915320,687790,2
932961,687823,2
930196,687858,1
925344,687966,1
911305,688093,1
933145,688119,1
933055,688164,1
959491,688288,1
918013,688307,1
933057,688316,2
933272,688356,1
933275,688464,1
851167,688473,1
897541,688501,1
933155,688646,1
902173,688810,1
927640,688814,1
916857,689104,1
933075,689185,1
926849,689214,1
933077,689339,1
933078,689378,2
933291,689454,2
933164,689505,1
933217,689521,1
931076,689532,1
951708,689568,1
895618,689764,1
933169,689777,1
933220,689829,1
933174,689948,1
933175,689989,1
895427,69003,1
951738,690051,1
933095,690098,1
910891,69013,2
949127,690148,1
949187,69019,1
898783,69022,1
920845,690248,1
921659,690301,1
933228,690302,2
933110,690382,2
959506,690490,1
933234,690566,1
922212,690753,1
904063,690783,1
927645,619893,1
927296,619936,1
906133,619947,1
927656,620226,1
950411,620369,1
927179,620800,1
927515,620853,1
948765,620895,1
916495,620983,1
927520,621080,1
912741,621264,1
926704,621284,1
927189,621386,1
957010,621488,1
906536,621602,1
927343,62163,1
911828,621690,1
927548,621705,1
905259,621845,1
902847,621962,1
907303,621977,1
927219,622026,1
911634,622036,1
850781,62212,4
906888,622127,1
927226,622129,1
908437,622168,1
927483,622213,1
948766,622256,1
927385,622486,1
927585,62249,1
928046,622558,1
921751,622713,3
927744,622771,1
921388,622801,2
914463,622866,1
925656,62291,1
927751,622935,1
911820,623181,2
950623,623258,1
927766,623303,1
927770,623454,1
928079,623478,1
927925,623652,1
928220,623710,1
909600,623757,1
908069,623761,2
926284,623812,1
927784,623822,1
928228,623847,1
927937,623885,1
955274,623949,1
913847,624297,1
928247,624403,3
920932,624439,2
916472,624525,1
928255,624607,1
927812,624761,1
928263,624887,1
927821,624910,1
914206,62492,1
949153,625080,1
899004,625137,1
927835,625263,1
927843,625385,1
926018,625444,2
928293,625631,1
914137,625705,1
910405,625859,1
927858,625974,1
910847,626041,1
928014,626106,1
928186,626204,1
927869,626234,1
928024,626340,1
909680,626410,1
928029,626491,2
927883,626518,1
928197,626520,2
927318,626534,1
911400,626571,1
908292,626599,1
928321,626636,1
913101,626646,1
927890,626894,1
897379,626899,1
927891,626923,1
928499,627149,1
928352,627188,1
909805,627286,1
928652,62736,1
928518,627861,1
928666,627997,1
922661,628013,1
928669,628132,1
922997,628309,2
946772,628348,1
952278,628552,1
926005,628564,1
948778,628694,1
928537,628852,1
958629,628904,1
928556,629594,1
927771,629633,1
928400,629672,1
918560,629824,1
928445,62995,2
928411,629977,2
928572,630259,1
928710,630307,1
928823,630367,3
928711,630378,2
951211,630733,1
928828,630748,1
928431,630784,1
928579,630808,1
928581,630888,1
928836,630949,1
928434,630997,1
928839,631122,1
949690,63123,1
959490,631270,1
924923,631329,1
928734,631341,2
952092,631375,1
945607,631635,2
928449,631720,2
927425,631853,2
928452,631862,1
947680,632040,1
928623,632215,1
957079,63229,1
907942,632345,3
906414,632580,2
928468,632726,1
928475,632901,1
928637,632912,1
928477,632942,1
928891,633025,1
929089,633307,1
926641,633424,1
896940,633898,1
928920,634012,1
929360,634055,1
953289,634256,1
928927,634290,1
909016,634351,2
905056,634444,1
928473,634448,1
929117,634453,1
929237,634754,1
929379,63486,1
929380,634917,1
928969,634984,1
929134,635073,1
901387,635076,1
900669,635160,1
929388,635317,1
928976,635340,2
921509,635350,1
851445,635429,1
929394,63545,1
929396,635530,1
929253,635544,1
909268,635567,1
929402,635632,1
950928,635733,1
921474,635869,1
929154,635944,1
922265,636006,1
929412,636011,1
929275,636257,1
929166,636330,1
929277,636335,2
929423,636339,1
929167,636352,1
929430,636666,1
923759,636744,2
955082,636835,1
929292,636884,1
922223,636960,2
928604,637166,1
929034,637171,1
956837,637276,1
895404,637302,1
908593,637427,1
929312,637479,1
929053,637596,1
946883,637714,1
929061,637870,1
926901,637873,1
933191,690788,1
931196,690839,1
947722,691099,1
933123,69110,1
949804,691223,1
927995,691464,2
921801,691479,1
933248,691540,1
959484,691658,1
918863,691971,1
922564,692023,1
933339,692064,1
909892,692077,3
933426,692573,1
949774,692645,1
933357,692662,1
927360,692746,1
929327,692803,1
933432,692967,1
955488,692978,1
933435,693129,1
933366,693136,1
925296,693144,1
933436,693172,1
930572,693222,1
933368,693258,2
928576,693309,1
913091,693361,1
933520,693475,1
925453,693492,1
933439,693507,2
933372,693511,1
933441,693671,1
933530,693830,2
929035,693883,1
933531,693888,1
896861,693898,1
897683,694132,1
921803,69417,1
933534,694170,1
933452,694186,1
920389,694271,1
933387,694360,1
951084,694377,2
933458,694434,1
933394,694439,1
933548,694543,1
933555,694771,1
921750,694816,1
933406,694937,1
918724,69501,2
947119,695018,1
911095,69550,1
906860,695506,1
929006,695535,1
925288,695548,1
927669,695574,1
933490,695736,1
915569,695742,1
928991,695773,1
903508,695867,1
933707,696037,2
923315,696051,1
924697,696298,2
915585,696318,1
925852,696383,1
932091,696437,1
948829,696595,1
922821,696606,1
928933,696661,2
908168,696854,1
913972,696925,1
928302,697025,1
933774,697127,1
933837,697303,1
933783,697538,1
902066,697616,1
947538,697622,1
953392,697625,1
933668,697738,1
922689,697774,1
933793,698014,1
926732,698100,2
898276,698199,1
933854,698312,1
900608,698432,1
924553,698433,1
920437,698577,2
923151,698588,2
933802,698606,1
933744,698621,1
933677,698739,1
933806,698929,3
952408,699056,1
933861,699169,1
902644,699171,1
933863,699330,1
930898,699377,1
918855,699390,1
931330,699395,1
908984,69950,1
924703,699541,1
933689,699889,1
933692,700152,1
933760,700153,1
851612,700164,1
905213,700512,1
904583,700855,1
933828,700898,1
949183,701144,1
957100,701209,1
903739,701536,2
908394,701566,1
933896,701589,1
914340,701616,1
956806,701673,1
925732,701694,1
903121,701806,1
933580,702105,2
933991,702231,1
923627,702390,1
924596,702391,1
913745,702457,1
934124,702514,1
934049,702774,1
934127,702874,2
934007,703007,1
898502,703041,1
934131,703073,2
934009,703265,1
926660,703274,1
928936,703556,1
895855,70358,1
934065,703643,1
959567,703661,1
914675,703673,6
952028,703714,1
934070,703839,1
933932,703928,1
933480,703943,1
907051,704083,1
912007,704277,1
932699,704428,1
925180,704465,1
897544,704498,1
921745,704554,1
934027,704678,1
929787,704715,1
934083,704744,1
934152,704814,1
934085,705016,2
929699,705031,1
904108,705286,2
919975,705557,1
934168,705748,1
926086,705754,1
934178,705830,1
959261,705866,1
927717,705933,1
934099,705954,1
930166,706036,1
934101,706159,1
934176,706160,1
924559,706238,1
932302,706453,1
920613,706540,1
915895,706830,2
919429,706903,1
908777,706965,1
925658,70700,2
934320,707002,1
926377,707262,1
934197,707343,1
930361,70741,1
934332,707620,1
934410,707763,2
912537,707957,2
926896,708010,1
928808,708114,2
934273,708125,1
910643,708194,1
899327,708278,1
934215,708460,1
948845,708474,1
934418,708544,1
899205,708619,1
934420,708625,1
898597,708650,1
934355,708679,1
934290,708768,1
934357,70878,2
929222,637947,1
909492,638012,1
951227,638044,1
925124,638168,1
929335,638375,1
929316,638432,1
924899,638673,1
851131,638761,1
952583,639014,1
929485,639087,1
902804,639141,1
907890,639216,2
929747,639340,1
929493,639354,1
924998,639577,1
929499,639600,1
910554,639601,1
929627,639652,1
929753,639689,1
929851,640069,1
929762,640185,1
920866,640187,1
911958,640225,1
929644,640341,1
850659,640355,1
895607,64036,2
907770,640463,1
850747,640473,1
926457,640557,1
929649,64059,1
929862,640594,1
929533,640629,1
923621,640663,1
929653,640796,1
923165,640909,1
929870,64103,1
928538,641131,1
929874,641164,1
905447,641263,1
919699,64134,1
895285,641554,1
925530,641556,1
911531,641582,1
929553,641583,1
929881,641592,1
922625,641593,1
929555,641609,1
929885,641654,2
929887,641709,1
929890,64175,1
929796,641757,1
900976,641785,1
922597,641791,1
929563,641831,2
924392,641994,2
914510,642102,1
927930,642128,1
918205,642147,2
921333,642162,1
921786,642202,1
955485,642220,1
929904,642253,2
929809,642287,2
929703,642446,1
929911,642592,1
926257,642604,1
929578,642638,1
945715,642704,1
907070,642813,1
929721,642978,1
955550,643098,1
902198,643131,1
929829,643223,1
908937,643230,2
929944,643242,1
921995,643309,1
929948,643396,1
929596,643403,1
929952,643444,2
922030,643519,1
901977,643642,1
899329,64367,1
930076,643821,1
930189,643964,1
851102,643977,2
930223,644056,1
930082,644079,1
930317,644099,1
918816,644121,1
930326,644297,1
955134,644318,1
930210,644625,1
902062,644626,1
930097,644657,1
930212,644682,2
930104,644864,1
930221,644867,1
924704,644890,1
951571,644906,1
929991,645075,2
909865,645095,1
913982,645111,1
918949,645162,1
924461,645288,1
909561,645342,1
930125,64540,1
930236,645401,1
951529,645408,1
920178,645493,1
924352,64561,1
930013,645753,1
930251,645891,1
930017,645899,1
922417,645995,1
930254,646129,1
930380,646150,1
926859,646364,2
930390,646411,1
930265,646478,1
952123,646544,1
921053,646613,1
930393,64662,1
930155,646622,2
930037,646636,1
930158,646639,1
930039,646647,1
906404,646661,1
930043,646817,1
921975,646855,1
930051,646954,1
930408,646962,1
921113,647002,1
927816,647021,1
921662,647039,1
930286,647051,1
851289,647080,1
930411,647083,1
930168,647086,1
959838,647091,1
959714,647273,1
949360,647283,1
930178,647344,1
930679,647381,1
930299,647391,1
895406,647401,2
930681,647470,1
919304,647648,2
930434,647681,1
930533,647801,1
902426,647810,1
926253,648026,1
924135,648124,1
906688,648288,1
907955,648332,1
930550,648731,2
927193,648769,1
922711,648770,2
903976,648844,1
930554,649040,1
929755,649200,3
930559,649292,1
930719,649462,1
957091,64947,1
920071,649636,1
947496,649739,1
903730,649740,1
930635,649902,1
909828,649921,1
930733,650180,1
899191,650203,1
903381,650265,1
930580,650367,2
930643,650429,1
929682,650588,1
953288,650768,1
930655,65082,1
930499,651010,2
930658,651142,1
930592,651224,1
930502,651324,1
930503,651369,1
930663,651474,1
930506,651536,1
895610,651642,2
930756,651665,1
930510,651672,1
930516,652046,2
930905,652228,1
930975,652317,1
930770,652328,1
921706,652670,1
934358,708814,1
934291,708880,1
911034,708928,1
926012,709097,1
934229,709110,1
950388,709159,1
926136,709161,1
925489,709189,1
934428,709199,1
903147,709233,1
918496,709328,2
906526,709407,1
934371,709510,1
934240,709515,1
948846,709703,1
922157,709829,2
928613,709844,1
934505,710018,2
906962,710026,1
930992,710049,1
895514,710061,1
920661,710105,1
931658,710213,1
934546,710361,1
932507,710497,1
920405,710566,1
933134,710570,1
932906,710609,1
959073,710615,1
933037,710653,1
934606,710773,1
934512,710888,2
932832,710932,1
934558,710940,1
895858,710962,1
934455,711034,1
934518,711035,1
934519,711203,1
926568,711283,2
930742,71131,3
934611,711326,2
927597,711369,1
928216,711391,1
925434,711397,2
928834,711432,2
904050,711438,1
934524,711502,1
946783,711521,1
947441,711673,1
934470,711693,1
934529,711698,1
907790,711734,1
934530,711736,2
901955,711779,1
909477,711787,1
926912,711904,1
948817,711907,1
896731,711993,1
926431,712009,3
929385,712033,1
934622,712168,1
895860,712200,1
950100,712265,1
931261,712356,1
911393,712441,1
934626,712481,1
917384,712487,1
928372,712595,1
928818,712654,1
930028,712886,1
908019,712964,1
919600,713162,1
920327,713300,1
934495,713362,1
921874,713419,1
934647,713433,1
908979,713463,1
927818,713545,1
914784,713739,1
947098,713877,1
934653,713923,1
934690,713999,1
934787,714070,1
934788,714123,1
934790,714233,1
934693,714270,2
906032,714374,1
934793,714450,1
914089,714524,1
946199,714777,1
934746,714838,1
934701,714842,1
912063,714951,1
934752,715068,1
934705,715167,1
932880,715202,1
850621,715308,1
934756,715379,1
934757,715436,1
903701,715441,3
934671,715510,1
919347,715691,1
898756,71577,1
908453,71586,1
904662,715936,1
934473,715957,1
934809,716063,1
949725,716127,1
934765,716143,1
934716,716173,1
934811,716241,1
933200,716317,1
934769,716419,2
912620,716568,1
956705,716676,1
934721,716747,1
912875,716752,1
934820,716854,1
903636,716872,1
896393,716877,2
905787,716954,1
934685,716972,1
934730,717009,1
934825,717065,1
934826,717122,1
922671,717125,1
934827,717166,1
926666,717169,1
934828,717228,1
919388,717333,1
934126,71738,1
934920,717590,1
934921,717611,1
934922,717718,1
925982,717780,1
934886,717807,1
926447,717866,1
911515,717888,1
908419,717897,1
934887,717916,2
898241,71800,1
933453,718026,1
930604,718041,1
898714,718073,1
909502,718109,1
931406,718151,1
922725,718188,1
934839,718234,1
920679,718249,1
932953,718252,3
927737,718257,2
930924,718287,1
934890,718314,1
900201,718574,2
932782,718605,1
932086,718621,2
934845,718730,1
955468,718785,1
927659,718791,1
930204,718795,1
906600,718922,1
934984,718927,2
934944,718933,1
934904,718977,1
925360,719091,1
934847,719095,1
900420,719354,1
947763,719374,1
927793,719383,1
950883,719405,1
934991,719427,1
934908,719493,1
934993,719495,1
917184,719678,1
928200,719770,2
930649,719788,1
934999,719813,1
902850,719818,2
919749,719826,1
929613,719872,1
934956,719873,1
935001,719938,2
906682,719939,2
933144,719996,2
934959,720,1
920976,720059,1
903975,720129,1
912651,72032,1
935058,720326,1
919019,720384,1
935062,720480,1
930678,652680,1
898889,652788,1
899616,652937,1
926957,653093,1
930984,653137,1
948798,65321,1
930783,65329,1
930836,653294,1
922611,653306,2
930837,653357,1
906497,653363,1
930306,653652,1
911727,653670,1
930786,653840,1
930930,653882,1
930932,653983,1
930933,654054,1
930788,654126,1
930792,654576,2
930945,654828,1
931002,655040,1
930952,655134,1
906773,655157,1
906622,655173,1
930804,655235,1
930128,65534,2
931011,655398,1
931012,655478,2
898801,655491,1
930809,655567,1
930868,655606,1
931016,65564,1
950660,655870,1
897515,655935,1
905141,656021,1
911056,656238,1
923115,656268,1
930959,656358,1
930879,656498,1
931028,656521,1
897304,656544,2
931030,656616,1
951948,656626,1
930882,656700,1
900689,656851,1
922465,656883,2
909405,656981,1
925794,656994,1
931043,657025,1
904683,657146,1
930887,657213,1
947088,657218,1
931040,657261,1
930890,657418,2
931185,657528,1
921637,657579,1
900325,657690,2
931190,65773,1
930894,657788,1
931191,657793,1
911086,657862,2
928394,658216,2
925825,658343,1
931060,658364,1
931204,658766,1
931205,658926,3
909394,659067,1
931207,659284,1
931069,659331,1
922930,659350,1
931208,659524,1
921480,659553,1
931210,659560,1
931211,659585,2
905076,659594,1
931214,659745,1
931270,659968,1
931271,660049,1
899609,660234,1
931276,660405,1
931142,660431,3
923790,660537,1
927904,660766,1
931087,660823,1
930666,660965,1
918714,661027,1
918838,661029,1
931230,661122,1
899970,661167,1
928692,661287,1
931233,661304,2
931287,661554,1
851300,661689,2
923475,661731,2
931293,661734,1
931295,661767,1
928769,662257,1
931302,662331,1
931247,662468,1
931557,662500,1
931325,662561,1
931326,66261,1
922972,662694,1
931312,662765,1
931564,662918,1
931315,662984,1
909845,663249,1
922052,663289,1
931335,663300,1
928245,663349,1
923510,663454,1
949814,663485,1
922636,663562,1
925547,663652,2
931343,663686,2
896798,663783,1
931428,663804,2
950890,663902,1
951926,663980,1
926898,664007,1
921924,664015,2
931497,664064,2
897392,66407,1
931431,664074,1
911476,664187,1
924643,664338,1
931436,664345,1
931581,664368,1
959500,664420,1
922576,664473,1
931509,664502,1
895293,664525,1
931443,664662,2
931446,664739,1
931591,664862,1
931513,664896,1
927423,664954,1
931601,66537,1
921642,665372,1
931602,665393,1
922990,665405,1
928858,665509,1
910121,665544,1
931528,665607,1
931608,665614,2
905546,665769,1
931393,66580,1
920999,66592,1
931543,66614,1
931545,66632,1
931631,666423,2
931634,666469,1
931870,66651,1
921902,666553,1
931549,666623,1
911670,666716,1
931724,666746,1
931556,666961,2
913377,667004,1
946393,667011,1
924906,667038,1
926199,667045,1
931646,667059,1
905725,667156,1
931733,667268,1
924183,667320,1
958847,667464,1
910581,667495,1
906297,66750,1
931803,667549,1
931805,667702,1
908796,667759,1
931657,667762,1
924395,667857,1
931751,66788,1
907322,667900,1
931754,667937,1
931810,667958,2
948781,667989,1
931812,668017,1
931757,668039,1
931893,668158,1
931815,668210,1
850750,668214,1
931894,668221,1
931896,668262,1
931764,668336,1
931822,668337,3
931824,668398,1
931901,668419,1
911873,668487,2
896064,720678,1
935065,720686,1
935014,720688,1
920791,720696,2
924613,720725,1
903760,720749,1
933700,720778,1
935069,720876,1
916925,721107,2
905987,721144,1
935163,721235,1
946543,721247,1
935164,721255,1
925204,721508,1
911951,721523,1
904584,721597,2
935080,721640,1
924524,721673,1
935083,721706,2
897524,721747,1
918602,721777,2
908724,721863,1
935177,721887,1
935178,721906,2
913628,721938,1
935040,721964,1
932915,721969,1
904930,722080,1
934931,722313,2
951153,722332,1
935183,722344,1
959502,722351,1
935095,722474,1
935132,722484,1
935097,722545,1
949507,722627,1
922471,722651,1
935101,722669,1
935191,722696,1
935192,722708,1
935143,722835,1
929710,722840,2
932980,722878,3
935200,722970,1
935054,723050,1
935057,723140,1
923407,723157,2
935336,723231,1
935259,723240,1
921689,723345,1
935285,723399,2
935339,723401,1
921680,723437,2
925647,723486,1
935288,723518,1
935212,72365,1
933905,723707,1
907631,723744,1
933097,723789,1
919892,723808,1
935298,723961,1
925708,723998,2
935355,724000,2
935299,724021,1
910832,724059,1
935356,724135,2
922729,724169,1
928118,724186,1
935222,724210,3
935301,724222,1
951270,724224,1
900103,724327,1
935224,724340,2
906303,724377,1
897919,724403,1
935227,724420,1
926920,724450,1
946549,724508,3
921249,724560,2
923889,724591,1
935309,724694,1
907731,724745,1
935311,724907,2
919788,72505,1
933502,725053,1
935313,725086,2
935280,725154,1
929529,725156,1
900812,725318,1
935282,725354,1
909022,725383,1
931488,725438,1
935242,725449,1
928568,725452,1
925171,725459,1
908451,725537,2
935284,725552,1
935244,725645,1
918393,725767,1
935325,725769,1
935327,725832,2
912773,725838,1
907008,725887,2
906492,725915,1
935384,725930,1
923495,725979,1
924080,726128,1
927988,726172,1
935388,726174,1
935472,726239,2
922965,726358,2
924972,726400,2
920158,726499,1
915424,726624,1
935531,726685,1
932271,726811,1
935532,726823,1
921539,726861,1
921275,726888,1
917100,726949,1
912968,726984,1
935398,727044,1
922727,727045,1
915654,727063,1
851003,727084,1
925191,727095,1
954495,727153,1
949497,727172,1
935400,727177,1
935538,727267,1
921483,727557,1
935544,72766,1
922978,727738,2
934475,727745,1
957118,727756,1
920803,727855,1
935455,727928,1
925757,728080,2
919408,728121,1
925815,728174,1
902609,728192,1
925346,728261,1
934526,728306,1
921783,728470,1
931038,728508,1
935491,728537,1
923066,728546,2
928561,728670,1
898974,728729,1
935563,728732,1
935513,728734,1
921827,728742,2
935417,728766,1
895666,728787,1
935565,728906,1
935570,729115,2
929581,729210,1
935572,729219,2
935694,729259,2
935575,729312,1
920974,729400,2
906380,729554,2
908672,729712,1
935589,729732,1
921817,729760,1
909816,729815,1
935646,729845,1
910133,729848,3
935755,729851,1
955130,730118,1
935762,730122,1
935703,730127,1
935599,730197,1
935706,730230,1
904673,730274,1
947191,730306,1
929494,730313,3
935603,73040,1
924120,730402,1
935605,730482,1
920724,730658,1
935660,730768,1
924552,730953,1
946916,731003,1
935726,731011,3
935614,731086,2
932092,731177,2
935778,731306,1
959218,731380,1
935734,731479,1
922428,731510,1
946099,668508,1
919172,668552,2
931674,668689,2
931675,668725,1
900258,668734,1
931909,66879,3
956775,668858,1
931777,668902,1
895418,668958,1
931917,669103,1
931679,669114,1
931781,669179,1
931844,66920,1
904455,669207,2
931782,669252,1
923300,669416,3
955155,669541,1
931790,669610,1
931525,669632,2
931860,669752,1
932008,669840,1
931503,669943,1
931703,670035,1
908626,670059,1
931707,670117,1
928679,670143,1
929490,670224,2
902648,670260,1
931866,670284,1
932160,670293,1
951025,670303,1
904261,670309,1
932161,670329,2
913795,670355,1
932027,670465,1
920296,670487,1
922476,670524,2
947320,670541,1
932032,670597,1
929920,670853,2
947645,670943,1
910257,670957,1
932041,671055,1
924604,671109,2
931961,671144,1
959607,671177,1
932183,671236,1
932101,671337,1
929308,671594,1
923359,671626,1
932106,671650,2
932192,671658,1
932107,671698,1
921214,671733,1
901220,671751,1
932196,671775,1
929273,671804,1
932198,671814,1
932056,671856,1
932111,671865,1
951155,671899,1
920630,671946,5
919590,672078,1
922110,672085,2
932060,672142,1
930822,6722,1
924877,672230,1
932116,672252,1
932207,672256,1
915506,672421,1
904469,672565,2
909604,672646,1
921072,672726,1
923919,672875,1
931978,672902,1
932070,672906,1
923860,673033,3
908153,673039,1
921947,673102,1
951241,673252,1
932074,673328,2
932075,673364,1
925422,673371,1
956979,673513,1
928462,67352,1
932231,673567,1
932081,673601,1
896474,673649,1
932141,673673,1
851552,673684,1
932236,673692,1
932237,673755,1
932001,673809,3
932244,673817,1
932148,673967,1
923930,674086,2
929951,674146,2
915998,674241,1
896989,674256,1
932313,674307,1
932315,674353,1
932154,674404,2
900192,67441,1
932253,67445,1
932376,67447,1
932321,674474,1
950756,674566,1
932380,674672,1
932329,675123,1
905001,675188,1
932388,675250,1
932331,675417,1
932395,675807,1
923933,675824,1
955464,675835,1
923534,675847,1
928291,675873,1
907332,675876,1
926916,675931,1
932280,675955,1
916325,675964,2
929523,675984,2
951272,676007,1
932285,676184,1
932465,676273,1
913999,676275,2
925423,676337,1
923123,676415,1
911675,676563,2
926671,676691,1
932353,676848,1
923717,676901,2
899879,677061,1
896570,677141,1
932479,677276,1
932299,677433,1
907639,677521,1
932358,677651,1
957271,677713,1
932359,677748,1
932486,677796,1
932365,677993,1
932415,678043,1
903296,678146,1
930394,678172,1
904805,678478,1
932424,678549,1
932701,678567,1
945975,679145,1
949574,679295,1
932578,679346,2
932632,679469,1
932580,679592,1
932581,679695,1
906030,679746,1
932635,679754,1
851540,679866,1
932725,680050,1
922691,680183,2
932097,680267,1
929295,680334,2
909187,680430,1
932645,680442,2
932730,680476,1
932593,680507,1
926461,680895,1
932736,68096,1
932597,680984,1
932649,680989,1
929751,680998,2
912482,681121,3
929116,681251,2
908527,681382,1
932546,681626,1
851389,681788,1
921329,681836,1
924204,681928,1
932608,682035,1
951887,682116,1
932749,682304,1
932668,682313,1
932613,682384,1
920636,682410,1
948803,682448,1
932558,682525,2
925020,682633,1
956948,682651,1
923005,682710,1
931470,682736,1
926955,682757,1
929504,682841,1
953314,731562,1
915826,731614,1
935737,731633,1
922064,731735,1
904696,731761,1
851410,731780,1
935741,731918,1
921135,731919,1
935786,731975,1
935682,731978,1
935788,732088,1
935790,732373,2
934951,732636,2
935799,73266,1
958808,732671,1
935801,732681,1
923847,732714,1
924018,732884,1
933313,732899,1
930131,732994,1
935919,732995,1
900171,73302,1
924031,733110,1
909592,733159,1
935806,73325,1
935846,733350,1
920961,733426,1
935887,733435,1
927786,733436,2
935808,733464,2
921408,733471,1
924905,733485,1
895870,733504,1
905673,733667,1
935795,733698,1
935927,733747,1
935928,733779,1
912034,733802,1
935931,733973,1
927687,734035,1
935935,734149,1
921051,734346,1
916085,734347,1
922852,734420,2
935859,734543,1
899919,734641,1
948851,734678,1
903487,73470,1
926473,734747,1
932672,734795,1
935941,734827,1
935905,734950,1
901426,735129,1
935834,735327,1
935866,735330,1
933238,735451,1
935908,735465,3
913781,735525,2
935869,735590,1
916917,735753,1
923784,735846,1
935948,735863,1
900262,735908,1
908752,735947,1
935875,736047,1
935912,736067,1
935950,736104,1
917293,736179,1
905369,736192,2
922199,736273,1
903742,736475,2
921306,736692,1
936060,736892,2
953633,736911,1
959265,736926,1
921968,736972,1
927242,73700,1
945694,737077,1
934116,737202,1
924806,737269,1
901279,737424,1
934086,737512,1
927789,737579,1
936072,737606,1
936132,737607,1
926511,737658,1
851401,737783,1
936014,737821,1
922399,737870,1
936079,737956,2
935220,738052,1
898301,738120,1
926823,738151,1
959597,738305,1
921728,738465,1
936146,738530,1
936085,738616,1
936025,738691,1
924897,738767,2
914881,738812,2
915223,738832,2
935986,738833,1
936152,738918,1
935988,738936,1
921235,738938,1
921195,738984,1
929742,739087,1
897644,739093,1
948861,739112,1
930119,739142,1
950772,739261,1
936160,739348,1
935028,739360,1
935993,739385,2
936040,739431,1
936042,739486,1
935996,73951,1
936107,739532,1
935997,739554,1
927658,739568,1
925115,73961,1
926434,739691,1
957031,739756,1
932513,739851,2
936048,739875,1
950839,739907,1
936172,73994,1
925948,740093,1
921174,740105,1
902222,740218,2
927260,740266,1
901533,740352,2
932646,74036,3
936347,740495,1
931309,740521,1
947028,740530,1
953748,740544,1
917950,740626,1
936298,740635,1
904095,740637,1
936299,740657,1
936186,740662,1
936354,740673,2
955261,740734,1
936300,740736,3
926782,740760,1
897535,740834,1
929258,740861,1
928439,740979,1
955457,740984,2
931851,741010,1
927620,741074,2
904749,741119,1
936305,741176,1
921663,741192,2
925409,741215,1
936199,741283,1
920732,741362,2
901559,741481,2
910717,741506,1
936370,741529,2
919345,741536,1
936267,741567,2
923813,741586,1
921256,741635,1
930539,741637,1
936209,741718,1
925765,741726,1
925131,741846,1
933671,741851,1
932043,741984,1
936219,742074,1
936283,742192,1
922571,742196,2
907903,742269,1
936330,742288,1
910502,742352,1
928741,742356,1
925013,742357,1
936332,742365,2
925584,742405,1
936385,742460,1
936387,742483,1
904651,74252,1
930857,742594,2
950086,742689,1
936230,742765,1
917063,742803,2
913200,742968,1
936395,742996,1
936513,743001,1
850624,682869,1
932562,683021,1
913836,683081,1
915303,683227,2
920756,683332,2
932766,683427,1
932760,683586,1
932690,683840,1
932692,683948,1
922401,683983,1
907716,684026,1
932694,684075,1
932911,684085,1
907373,684103,1
932698,68432,1
952157,684406,1
932918,684412,1
932919,684478,1
932987,684583,2
926932,684597,1
932922,684600,1
932989,684614,1
923569,68462,1
932990,684698,1
913707,684778,1
910459,684785,1
951553,684790,1
932925,684908,1
922424,684986,1
928563,685060,1
930640,685065,1
932844,685066,1
932846,685196,1
916826,685220,1
959034,685321,1
920517,685337,1
921134,685426,1
932854,685466,1
924059,685553,1
929792,685581,1
933009,685586,2
908873,685775,2
932798,685838,2
932862,685839,1
932934,685840,1
928056,685888,1
920678,685902,1
933016,685916,1
924017,68599,1
911649,686089,1
929700,686230,1
932940,686453,1
933026,686645,2
932877,686696,1
932816,686723,2
932878,68673,1
932879,686785,2
896599,68692,2
919640,687189,1
932826,687501,1
895510,687660,1
932959,687724,1
924463,688114,1
921705,688127,1
933269,688287,1
932902,688300,2
933274,688403,1
933283,688700,1
933156,688706,1
950845,689023,1
907273,689102,1
933073,689107,3
931045,689138,1
906986,689184,1
933161,68919,1
933289,689218,1
905512,68955,1
933166,689581,3
949819,689610,1
933167,689651,1
933298,68969,1
915057,689700,2
933300,689707,1
904942,689739,1
933221,689869,2
901963,689997,1
933093,690014,2
900635,690054,1
905210,69011,1
921618,690121,1
933226,690150,1
933308,690157,1
933098,690208,1
933102,690268,1
933104,690299,1
933231,690373,1
933317,690379,1
925865,690438,2
925098,690461,1
947657,690483,1
920391,690545,1
933112,690591,1
921084,690722,1
933114,690748,1
916731,690757,1
933235,690838,1
933120,691007,1
901386,69103,1
933122,691059,1
912745,691436,1
933332,691711,2
933252,691744,1
933207,691786,1
933336,691829,2
933135,691842,1
911912,691854,1
925763,691881,1
933347,691969,1
926001,692020,1
897158,692099,1
933257,692114,1
933353,692134,2
933356,692440,1
933259,692465,1
909986,692566,1
933600,692643,1
933429,692701,2
933603,692960,1
933268,692981,1
919720,693000,2
933363,693031,2
921462,693061,2
933515,693115,1
933367,693221,1
901819,693254,1
933369,693311,1
925021,693459,3
933611,69358,1
907999,693669,1
922393,693750,1
933526,693755,1
933613,693769,1
918542,693778,1
902592,693791,2
933445,693860,1
954276,693908,1
933379,694041,1
946798,694094,1
922361,694130,1
932007,694272,1
917559,694287,1
932268,694413,1
933392,69442,2
933626,694520,2
911778,694556,2
933468,694650,1
912072,694821,1
925962,694993,1
904757,695052,1
923553,695068,1
933634,695098,1
919604,695282,1
933415,695307,1
933638,695413,1
933639,695516,1
932257,695540,1
920180,695709,1
922715,695767,1
933423,695864,1
933647,695952,2
933498,695961,2
929817,696012,2
933648,696028,1
933650,69607,1
896769,696077,1
945913,696162,1
955088,696189,1
948827,696217,1
933508,696323,2
930126,696345,2
933589,696375,1
908345,696450,2
922068,696463,1
933712,696465,1
929155,696480,1
929536,696548,1
948828,696555,1
933595,696589,1
933596,696615,1
925633,696651,2
933717,696658,1
925472,743024,1
946371,743047,1
934256,743207,1
899991,743218,1
920516,743522,1
911490,743523,1
951717,743535,1
903163,743624,1
954806,743648,1
923255,743658,1
926479,743662,1
936588,743663,1
929737,743684,1
910918,743744,1
936407,743876,1
897339,74393,1
923924,743946,2
948868,744014,1
936463,744160,2
899751,74419,1
936527,744263,1
902780,744272,1
936594,744312,1
924026,744377,2
936595,74444,1
906637,74448,1
936310,744497,1
936469,744568,1
951798,744641,1
936274,74467,1
936599,744694,1
925797,744729,1
923679,744732,1
936538,744995,2
927746,744998,1
914427,745004,1
914202,745238,1
936482,74527,1
921970,745354,2
936615,745398,1
934591,74540,1
933278,745437,1
950345,745438,1
850611,745587,4
936551,745663,1
925390,745713,1
936553,745722,2
936555,745819,1
936434,745826,1
898736,745876,1
936436,745932,1
895528,745934,2
923742,74600,1
895638,746016,2
936496,746040,1
924340,746064,1
927624,746075,2
921665,746152,1
936499,746210,2
936442,746435,1
920695,746475,2
936506,746812,1
932208,746866,1
954283,746868,1
902436,746923,1
936716,747061,2
898181,747147,1
936636,747270,1
936143,747307,1
919092,747340,1
936771,747407,2
895670,747465,1
907957,747472,1
954403,747518,1
936641,747553,1
924448,747579,1
936774,747789,1
945685,747802,1
920722,747814,1
927187,747835,1
936730,747883,1
851293,747897,1
850807,748125,1
926065,748288,1
954701,748339,1
904065,748438,1
905295,748594,1
911113,748758,1
920069,748843,1
936661,748858,2
850830,748859,1
921956,748909,1
952542,749067,1
959946,749087,1
935623,749203,1
936806,749219,3
950102,749264,1
918484,749386,1
904252,749400,1
936670,749425,2
936752,749440,1
936435,749470,1
851429,749522,1
919405,749544,1
951783,749616,1
900634,749686,1
918159,749719,1
936875,749744,1
936674,749749,1
936876,749794,2
851260,749833,1
936677,749917,2
850455,749940,1
936678,750045,1
936882,750095,1
959532,750372,1
909333,750386,1
936687,750408,1
935144,750434,1
936895,750488,1
913116,750489,2
936830,750547,1
936696,750600,1
927808,750673,1
936893,750680,1
932212,750739,1
901790,750806,1
933066,750935,1
929964,750936,2
949170,751226,1
936905,751236,2
954844,751249,1
930416,751260,1
935239,751283,1
926363,751287,1
937055,751300,1
905871,751501,1
910363,751594,2
896621,751673,1
935368,751687,1
929955,751761,1
937062,751846,1
937006,751886,1
916769,751929,1
930054,751966,1
934605,751980,1
924439,751987,1
899782,752057,1
936919,752131,1
936967,752336,1
921654,752477,1
951309,752482,1
901365,752693,1
936970,752713,1
904131,752853,1
937080,752977,1
937021,753015,2
934514,753077,1
927272,753080,1
897723,753166,1
936977,753202,1
936983,753486,2
936985,753586,1
937030,753671,1
936987,753707,1
923799,753719,1
901660,753749,1
895672,753834,1
954197,753902,1
899692,753955,1
920422,754038,1
936995,754118,1
937037,754129,1
919646,754146,1
937093,754149,1
895875,754170,1
936954,754184,1
937040,754276,1
921161,754337,2
937099,754485,1
919959,754570,1
904862,754723,2
937100,754849,1
937102,754961,1
907048,755012,2
907387,755051,1
937256,755264,1
913218,755271,1
899455,755313,1
906027,755348,1
899883,755555,1
924649,755685,1
922686,755757,1
937152,755796,1
937153,755855,1
937116,756218,3
924092,756266,1
904013,756352,1
935974,756353,1
927402,756363,1
952515,756594,1
937273,756719,1
937234,756789,1
954056,756916,1
937163,756931,1
937165,756984,1
957003,757052,1
937170,757110,1
937240,757136,1
951938,757305,1
923063,757309,1
926952,757383,1
910017,757591,2
913345,757672,1
922706,757674,2
937180,757686,1
934133,757696,1
937136,757699,1
925664,757752,1
908842,757771,1
937292,757809,1
929033,757854,1
905682,757939,1
904306,757976,1
895534,757981,2
925771,758023,1
928567,758110,1
918756,758205,1
900333,758246,3
955178,758385,1
928368,758539,1
952235,758692,1
895644,758727,1
933484,758830,1
937470,758863,1
937361,758959,1
895675,759034,1
929056,759079,1
924179,759085,1
930143,759110,1
898197,759124,2
937476,759212,2
932853,759220,1
936797,759339,2
937370,759521,1
929571,759613,2
937478,759727,1
908159,759775,1
937480,759780,1
919459,759935,1
937483,759944,1
913474,759983,1
909555,760024,1
895535,760028,1
927512,760054,1
937487,760147,1
937447,760208,1
907899,760271,1
899051,760307,1
923650,760319,1
905088,760341,1
927839,760368,4
937337,760403,1
937453,760408,1
937497,760437,1
901435,760475,1
937454,760487,1
933173,76054,2
957277,760631,1
924836,760708,1
925293,760717,1
922943,760737,1
948856,760746,1
937347,760773,2
937460,760775,2
937504,760785,1
926821,760832,2
937510,760907,1
949568,760933,1
924170,760939,1
920077,760973,1
917439,761138,1
910355,761149,1
936185,761256,1
929164,761280,1
920356,761340,1
947054,761789,1
905126,761952,1
896218,761959,1
948857,761966,1
896021,761999,1
922783,762046,1
950476,762051,1
947796,762101,1
937620,762132,1
909493,762135,1
930616,762146,1
900691,762174,1
926598,762190,4
934486,762192,1
937548,762345,1
937624,762450,2
937680,762517,1
912639,762590,1
937733,762633,1
923951,762636,1
937632,762651,3
937684,762662,1
937736,762673,2
931523,762676,1
937685,762686,2
937687,762700,1
937560,762702,1
933907,762708,2
953790,762743,1
937738,762772,1
910806,762825,1
937739,762838,1
921097,762840,1
937565,762843,1
956690,762906,1
935343,762942,1
895649,763067,4
928043,763104,1
924622,763130,1
919938,763138,1
937695,763153,1
937576,763159,1
922335,763166,1
937745,763196,1
926871,763216,2
909536,763238,1
918986,763285,1
935181,763287,1
927900,763289,1
937698,763309,2
937699,763332,1
937650,763355,1
918859,763358,1
919820,763410,2
937701,763481,1
922522,763502,3
937759,763603,1
920339,763629,1
923906,763676,1
928689,763703,1
927563,763744,1
937856,763764,1
937762,763770,1
937763,763777,2
901482,763799,1
929610,763833,1
952168,763891,1
907653,763905,2
937767,763909,1
937862,763973,1
937863,764012,1
958603,764051,1
937804,764073,1
924688,764110,1
910206,764141,1
919155,764147,3
937912,764160,2
937913,764213,1
922375,764309,1
945349,764324,1
946756,764333,1
919864,764402,1
937867,764427,1
931915,764438,1
920965,764490,1
937783,764633,1
937819,764637,1
923964,764689,1
903326,764741,1
923056,764812,1
937927,764858,1
929247,764868,1
937880,764914,1
915167,765103,1
895650,765155,2
931919,765200,2
896086,696675,4
933722,696934,1
910638,697073,1
925010,697111,1
933776,697260,2
933658,697277,2
918768,697332,1
920993,697445,1
933661,697478,1
955276,697524,1
933730,69753,1
920664,697578,2
933732,697699,1
933734,697712,1
933847,697751,1
850976,697823,2
933848,697886,1
928580,698035,2
933794,698042,1
922823,698150,1
945672,698198,1
919951,698345,1
933798,698350,1
954537,698442,1
950499,698601,1
933745,698764,1
933089,698790,1
903880,698828,1
933679,698888,1
933513,699072,2
933748,69916,1
912288,699565,1
902810,699672,2
933871,699735,1
924919,699786,1
933687,699809,2
933688,699862,1
933673,699865,1
949621,699912,1
933758,699945,1
933875,699996,2
946856,700202,1
933822,700221,1
902437,700378,1
951961,700411,1
933694,700439,1
933696,700643,1
933701,700938,1
933972,701076,3
896869,701080,1
933703,701155,1
951563,701321,1
933893,701353,1
931691,701425,1
922129,701608,1
896582,701657,1
933983,701785,2
933985,701839,2
898151,701972,1
933899,702017,1
922049,702141,1
934120,702287,1
933906,702348,2
934045,702409,1
933910,702433,1
933999,702612,3
904490,702631,1
918294,702780,1
925905,702872,1
897827,702883,1
934050,702898,1
951454,702928,1
906949,702988,2
934052,702991,1
934130,702994,1
934055,703322,1
934057,703373,1
925595,703381,1
933926,703416,1
934058,703463,1
924485,703504,1
907001,703642,2
934073,703985,3
934075,704018,1
921219,704111,1
934077,70421,1
925827,704350,1
919594,704364,1
956677,704424,1
921293,704431,1
923726,704436,3
904708,704533,2
851000,704737,2
918329,704820,1
933949,70489,1
951766,704913,1
951604,704982,1
934032,705034,1
908074,705121,1
934162,705293,1
934164,705417,1
909567,705465,1
934035,705469,1
947500,705510,1
934039,705717,1
922769,705738,1
923137,705786,1
922444,705851,1
934183,706002,1
934391,706291,1
934395,706420,1
923653,70659,1
911174,706719,1
934190,706728,1
934102,706766,2
934192,706960,2
923118,707220,2
934258,707250,1
934324,707272,1
919763,707275,1
929453,707407,1
934261,707489,2
934335,707814,1
948844,707864,1
919071,708004,1
934413,708035,1
934270,708067,1
949815,708203,1
920768,70825,2
934279,708321,1
899406,708416,2
934283,708450,2
934216,708524,1
850628,708796,1
930219,708893,1
934359,708978,1
932345,708980,1
934294,708987,2
934225,708994,1
934297,709109,1
934362,709112,1
934299,709155,1
934429,70924,1
904201,709301,1
934366,709363,1
952653,709436,1
916699,709441,1
922743,709518,1
959938,709579,1
906817,709594,1
927886,709640,1
934380,709822,1
851454,709905,1
934439,709962,1
920274,709991,1
920443,71013,2
924924,710170,1
919694,710248,1
907924,710274,1
948816,710298,1
934545,71031,1
917662,710340,1
934602,710463,1
929020,710565,2
934604,710758,1
934607,710828,1
934513,71094,2
851305,711009,3
919925,711030,2
934560,711050,1
934613,711445,1
921090,711520,1
905869,711568,2
907445,711601,1
934617,711604,2
934618,711628,2
910342,711666,1
928755,711761,1
926505,711858,1
934474,711899,1
934533,712125,2
903420,712268,1
934483,712360,1
925563,712398,1
907937,712435,2
895861,712532,1
934487,712586,1
934489,712629,1
928628,712823,1
922389,712855,1
932756,712858,1
924995,71289,1
930080,712949,2
908374,713280,2
934588,713306,1
927171,713377,1
934589,713412,1
934637,713417,1
899683,71347,1
924087,713482,2
924070,713524,2
907177,713604,2
934686,713692,1
934649,713706,1
932867,713728,2
954500,713751,1
910099,713892,1
851527,713944,1
934786,713984,2
952477,714193,1
934739,714219,1
934658,714256,1
934791,714282,1
934740,71432,1
934659,714341,1
904195,714446,1
949962,714537,2
908953,714602,2
903399,714670,1
921740,714709,1
934795,714713,1
895863,714726,1
913433,71475,1
934666,714835,1
925369,714929,1
934751,71497,2
934703,714984,1
934753,715134,1
851117,715289,3
934754,715331,1
934709,715354,1
934710,715396,1
922532,715475,1
934759,715515,1
934760,715800,1
897222,715879,1
922036,715927,1
934675,71595,1
934808,716013,1
921908,716035,1
909446,716118,1
934766,716206,1
896364,716256,2
928997,716431,1
934770,716454,1
932811,716502,1
934771,716532,1
934773,716607,1
932656,71669,1
952654,716744,1
924106,716774,1
912091,716793,1
911349,71680,1
925108,716815,1
934724,716828,1
930751,716858,1
934727,71686,1
930490,716931,1
927592,717105,1
904004,717109,1
934731,717155,1
907913,717337,1
950474,717375,1
934881,717482,2
927070,717487,2
934831,717538,1
907473,717742,1
934834,717938,1
934971,717997,1
949239,718024,1
922574,718054,1
953247,718306,1
934840,718311,1
918274,718316,1
934975,718416,1
902228,718464,1
910497,718474,1
916113,718559,1
934979,718592,1
949085,718708,1
851284,718756,1
921006,718784,1
905040,718911,1
920916,719059,1
934848,719117,1
916641,719150,1
918222,719161,1
904147,719188,1
934987,719375,1
934851,719379,1
934989,719390,1
934950,719391,1
924363,71944,1
918865,719601,1
934995,719620,1
934858,719664,1
919007,71969,1
910430,719735,1
897377,719823,1
934911,719877,1
935003,720054,1
934961,720121,1
930445,720268,1
952008,720285,1
934965,720291,1
925967,720314,1
906781,720370,1
919017,720379,2
948835,720402,1
935060,720410,1
931681,720444,4
934968,720506,1
935011,720525,1
913299,72053,1
948836,720532,1
934873,720547,2
935015,720592,1
919961,720665,1
953853,720849,1
923758,720926,1
935110,721020,1
952996,721021,1
919311,721089,1
935025,721200,1
935112,721215,2
927420,721234,1
935114,721241,1
919382,721286,1
919036,721296,2
935116,721298,2
935027,721331,1
935074,721336,2
958846,721362,1
895865,721444,1
935031,721480,2
935033,721529,1
914893,721531,1
935174,721592,1
935034,721624,1
935121,721644,1
920612,721688,1
935035,721704,1
935175,721802,1
954567,721811,1
935176,721868,1
929280,721883,1
898575,721904,1
935179,721970,1
931637,721971,1
921149,721980,1
903505,721981,2
935089,722021,1
909494,722068,1
935092,722246,2
935043,722275,1
935045,722355,1
903798,722402,1
920361,722450,1
933815,722485,1
933455,722502,1
935133,722516,1
935098,722613,1
935137,722661,1
900908,722737,1
927825,722767,1
935142,722779,1
935250,722823,2
931369,722845,1
935252,722907,1
916679,722920,1
935253,722965,1
935147,722967,1
914875,723006,1
931143,723121,1
924172,723154,1
935337,72325,1
949620,723299,1
925802,723357,1
935340,723501,1
935341,723527,1
935289,723537,1
916336,723559,1
937794,765267,1
923130,765297,2
929834,765412,2
904415,765439,1
937888,765468,1
937840,765494,1
937890,765523,1
937944,765644,1
921923,766135,2
937902,766158,1
920482,766212,1
937956,766220,1
902674,766298,1
937968,766329,1
937855,766334,2
938062,766337,1
931819,766340,1
937969,766352,2
931125,766365,1
936759,766368,1
924507,766381,1
937970,766438,1
927632,766506,2
905489,766690,1
919128,766742,2
913282,766750,1
938108,766827,1
947205,766835,1
901798,766900,2
937981,766957,1
937986,767219,1
937987,767310,3
938031,767447,1
938034,767560,1
925936,767581,1
926299,767674,1
950700,767712,1
950856,767861,1
938083,767953,1
920379,767982,2
954498,768086,1
938134,768218,1
921362,768232,1
935991,768245,1
938140,768549,1
938088,768623,1
938008,768645,1
850465,768691,1
909956,768723,1
896106,768813,1
922280,768949,1
925923,769001,1
925081,769020,1
923060,769055,1
936491,769181,1
938019,769210,1
938049,769235,1
938097,769254,1
954700,769317,1
902832,769354,1
938149,769384,1
959941,769425,1
922621,769500,2
938104,769595,1
910609,769663,1
951202,769789,1
920575,769807,2
959029,769852,1
923738,769945,2
938193,770079,1
938163,770080,1
938194,770145,2
938241,770288,1
938242,770318,1
937343,770360,1
931389,770485,1
938289,770489,1
928939,770593,1
915995,770620,1
924778,770805,1
928464,770868,1
927660,770925,2
918958,770979,1
919454,771002,1
920945,771038,1
938304,771107,1
922934,771160,1
938306,771195,1
897864,771252,1
898604,771301,1
949780,771328,1
938309,771343,1
938170,771401,3
930282,771464,1
900775,771559,2
938317,771694,1
924560,771703,1
934323,771722,1
938220,771766,1
938265,771860,1
922854,771985,1
945624,772029,1
938181,772149,1
909513,7722,1
938323,772260,1
951893,772272,1
938324,772285,1
938227,772353,2
923944,772356,1
938270,772437,1
938327,772448,2
953773,772457,1
903133,772611,1
928832,772697,1
938272,772729,1
895680,772889,1
922296,772966,1
907529,773100,1
922091,773114,2
938390,773165,1
953091,773194,1
938275,773269,1
950692,773334,1
938237,773374,1
902322,773496,1
906422,773502,2
928615,773536,1
909814,773551,1
930425,773573,2
915597,773655,1
938239,773684,1
925867,773740,1
938282,773780,1
938402,773802,1
928087,773923,2
938452,773975,1
921468,774100,1
938453,774137,1
909564,774268,1
926156,774279,2
924491,774358,1
897791,774391,1
899632,774394,1
896913,774430,1
904477,774583,1
920307,7746,1
950571,774614,1
925639,774657,1
933004,774734,1
937321,774737,1
927779,774876,1
899730,774970,1
922412,774971,1
938510,774973,1
927867,774992,1
923132,774993,1
928776,775146,2
934805,775165,1
931628,77524,1
938358,77531,1
929925,775341,1
897928,775366,1
938517,775487,1
930874,77553,1
930345,775530,1
921572,77572,2
938524,775806,2
955857,775818,1
926841,775896,1
926621,775922,1
938477,776026,1
932026,776063,2
934632,776071,2
938483,776254,2
938440,776270,1
938526,776292,1
933208,776335,1
850471,776473,1
938487,776646,1
938381,776649,2
938489,776716,1
938534,776781,1
921697,776794,1
952324,776812,1
930384,776813,1
949644,776847,1
938491,776885,2
938590,776905,1
938493,776913,1
917482,776962,2
938540,776968,1
923356,777007,1
903297,723560,1
935342,723576,2
922215,723579,1
908631,723587,2
933267,723643,2
935350,723795,1
949087,723799,1
935351,723812,1
920552,723843,1
926467,723877,1
935352,723878,2
951791,723889,1
923188,723934,2
895663,723935,1
915729,723941,3
921918,723963,1
935218,724007,1
932190,724008,1
931216,724028,2
933894,724187,1
913591,724190,2
906479,724229,1
923617,724313,1
918630,724344,2
909927,724348,2
933859,724385,3
919321,724426,1
949258,724575,1
918341,724629,1
930362,724711,1
948838,724744,1
933841,724770,1
923942,724842,1
898245,724845,1
958380,724849,1
919697,724931,1
935363,724955,1
934346,724998,1
935364,725016,1
933569,725073,1
922527,725290,1
935238,725338,1
925298,725344,1
935317,725355,2
935321,725497,1
945505,725520,1
907061,725565,1
935323,725655,2
935376,725656,1
927554,725724,1
910129,725736,1
926749,725737,2
918945,725738,1
959119,725869,2
935248,725889,2
919827,725898,2
931291,725901,1
935432,725941,1
935331,725942,1
928495,725948,1
935333,725995,1
925389,726099,1
921119,726123,1
935436,726160,1
935334,726163,1
934349,726177,1
935470,726187,2
935389,726188,1
921675,726280,2
949281,726284,1
902604,726329,2
935390,726366,2
911231,726408,1
935477,726429,1
924240,726435,1
914745,726466,1
935479,726479,1
918844,726502,1
935530,72656,2
910224,726606,1
954353,726761,1
935444,726812,1
935486,726917,1
922496,727014,2
919534,727022,1
956605,727103,1
935492,727170,1
927363,727228,1
922118,727287,1
928531,727450,1
895521,72746,1
900512,727493,1
921795,727532,1
924679,727581,1
851599,727622,1
935454,72769,1
935546,727699,1
949800,727837,1
903385,727930,2
921028,727949,1
925224,727982,1
928696,728031,1
935499,728072,1
935458,728086,1
949729,728141,1
935504,728183,1
935505,728223,2
905361,728308,1
935507,728357,1
935411,728434,1
921717,728484,4
930276,728494,1
924634,728627,1
935562,72870,2
908808,728741,1
935418,728797,1
927013,728955,1
935635,729236,1
900778,729245,1
850594,729359,1
935576,729367,1
935585,729494,1
935644,729663,1
935697,729718,1
935698,729747,1
899055,729787,1
921883,729790,1
933697,72984,2
935592,729866,1
935756,729879,1
954506,729912,1
935700,730021,1
948843,730103,1
914983,730237,1
926232,730262,2
923646,730298,1
929522,730320,1
935709,73041,1
909703,730472,1
933921,730481,1
956913,730483,1
916651,73062,1
920474,730669,1
935717,73067,1
951175,730740,1
924140,730882,1
911785,730988,2
935668,731067,1
935776,731103,1
935731,731280,1
926687,731464,1
907952,731603,1
950547,731646,1
925643,731674,1
935739,731782,2
935679,731791,2
935740,731890,1
935744,731971,1
918830,731977,1
912728,732100,1
957142,732147,1
926111,732188,1
917294,732189,1
905605,732378,2
934783,732387,1
918276,732517,1
935798,732605,1
908597,732659,1
924842,732680,1
923428,732691,1
923469,732864,2
921602,732885,2
935839,732897,1
945608,732932,1
901184,733072,1
935886,733108,1
919153,733156,1
933940,733175,1
935844,733253,1
903369,733300,1
925231,733310,1
906849,733509,3
950143,73354,1
935925,733614,1
935891,733640,1
934406,73370,3
905342,733767,3
921927,733862,1
923822,733900,1
935851,733913,1
851049,733919,1
923396,777016,1
909995,777034,1
895682,777174,1
935225,777179,1
909681,777181,2
927137,777334,1
938633,777399,1
918733,777448,1
932622,77751,1
948892,777650,1
923841,777698,1
933472,777714,2
919896,777869,2
938690,777872,1
938555,777961,3
938691,777978,1
938647,778022,2
938611,778059,1
938649,77806,1
919830,778064,1
938652,778100,1
926402,778128,1
910396,778155,1
936855,778165,2
938615,778183,1
938693,778223,1
923752,778269,2
938701,778366,1
936783,778530,1
919592,778634,1
926243,778711,1
932438,77876,1
923155,778905,1
933838,778934,4
916985,779005,1
933956,779008,1
927567,779036,1
926656,779104,1
938708,779160,1
938577,779172,1
938626,779207,1
922518,779270,1
926258,779276,1
938583,779418,1
914625,77942,1
937166,77950,2
925533,779555,1
937671,779608,1
938714,779619,1
938584,779637,1
937202,779709,1
938674,779764,1
938586,779796,1
933560,779809,1
906819,779926,1
924315,77995,1
921845,780088,1
902598,780161,1
905884,780274,3
927251,780297,2
938855,780302,2
938811,780323,1
920856,780359,2
933374,78038,1
952439,780397,1
925141,780483,1
927542,780498,1
919984,780532,1
932335,780652,2
937020,780816,2
925405,780835,1
931656,780911,2
959180,780936,1
938732,780965,2
933485,780992,1
938864,781023,1
938735,781076,2
930379,7811,1
938821,781241,1
929867,781304,1
922832,781356,1
938871,781399,1
938094,781547,3
927212,781685,1
938745,781743,1
954073,781778,1
937154,781921,2
938748,781950,1
938749,781998,1
933205,782038,1
938878,782085,1
938751,782104,1
938880,782261,1
938679,782353,1
936392,782371,1
908458,782412,1
900128,782563,1
938884,782589,1
938798,782602,1
938839,782815,1
959749,782916,1
930827,782928,2
949896,782963,1
895951,783105,1
898760,783117,2
896074,783447,1
938898,783590,1
938899,783664,1
926436,783882,1
938942,784043,1
939037,784050,1
911122,784069,1
917674,784196,1
923684,784250,1
938907,784253,1
926441,784951,1
938994,785047,1
924187,785175,1
938996,785289,1
935036,785389,1
951396,785458,2
936340,785525,1
938917,785629,1
936994,785654,1
938955,785700,1
929208,785768,1
938921,785891,2
938923,785919,1
911238,785935,1
938176,786110,1
938928,786170,1
939064,786197,1
850486,786279,1
939067,786352,1
925512,786380,1
938964,786470,1
931148,786521,1
925673,786598,2
959100,786629,1
937761,786963,1
933027,786991,1
937231,786995,1
924402,787131,1
918146,787162,1
896594,787165,1
938934,787201,1
912756,787306,1
938974,78733,1
939083,787405,1
938938,787468,1
898886,787531,1
903387,787625,1
912702,787697,1
919340,787817,1
939145,787903,1
939225,788019,1
905843,788061,2
916227,788078,1
939096,788265,2
939183,788311,2
939184,788365,2
939100,788461,1
903796,788487,1
939188,788579,2
939101,788602,1
939155,788680,1
919139,788806,1
908261,788886,1
903827,788978,1
939160,789011,1
926786,789083,1
939106,789138,1
938180,789157,1
939242,789325,1
923383,789330,1
939108,789352,1
850488,789384,1
908960,789434,1
939196,789535,1
920650,789568,1
939199,789632,1
939110,789639,1
937484,789748,2
953584,789821,1
924390,789920,1
923792,789928,2
937575,789961,1
939173,789985,1
939175,790044,3
939207,790133,1
920503,790188,1
952523,790217,2
939208,790229,1
903850,790239,1
939118,790277,2
952145,790359,1
938563,790460,2
896711,790488,1
919001,790558,1
924723,790774,1
939212,790777,2
926990,790783,1
910232,790784,1
909535,790947,1
930817,791006,1
939262,791589,1
903586,791623,1
936779,791630,1
939265,791705,1
920733,791741,1
938476,791841,1
898753,792394,1
930508,792511,1
939415,792580,1
939315,792697,1
919702,792730,1
939317,792842,1
939375,792871,1
939318,792901,1
904027,792950,1
938030,793184,1
939328,793578,1
920951,793698,1
939381,793708,1
934312,793848,1
896745,793860,1
921999,793968,1
924081,793974,1
939385,793981,1
930525,794061,1
922833,794065,1
933777,7941,1
931873,794154,1
923582,794170,1
936817,794411,1
937350,794482,1
950865,794731,1
939437,794827,1
921757,794863,1
920150,794869,1
921633,794878,1
939440,794883,2
921781,794921,1
945296,794988,1
938866,795027,2
850494,795040,1
939292,795297,1
925097,795303,2
953937,795341,1
925295,795360,1
908060,795568,1
927874,795684,1
905188,79572,2
939364,795878,1
919927,795984,1
928672,796094,2
939165,796136,2
951111,796194,1
928326,796195,2
939368,796196,1
934868,796317,2
919538,796352,1
906964,796403,1
904222,796476,1
939408,796501,2
922138,796825,1
939582,79686,2
903066,796887,3
931114,796906,1
895793,797090,2
924793,797145,1
928551,797174,1
929690,797357,2
939497,797512,1
896246,797560,1
953495,797861,1
934042,797903,1
918979,798004,1
951194,798076,1
939506,798345,1
949331,798362,1
939553,798403,1
938986,798501,1
939471,798518,1
922336,798542,2
932477,798626,1
913838,798708,1
897568,798720,1
918163,798877,1
928227,798949,1
901235,798972,2
932967,798979,2
930433,798991,2
904766,798996,1
939516,799058,1
959869,799118,1
928387,799200,1
939607,799328,2
939563,799437,1
939483,799486,2
954568,799490,1
939611,799512,2
926327,799562,1
925623,799813,1
935821,799873,1
948874,799916,1
909833,800008,1
920674,800038,1
928138,800081,2
920786,800139,1
939489,800179,3
899169,800204,1
936748,800325,1
939638,800373,1
939632,800512,1
939574,800706,1
953352,800719,1
939575,800758,1
937172,800809,1
939647,800863,1
932544,800900,1
937228,800918,1
929060,800988,2
939812,801092,2
950146,801166,1
901983,801255,1
929439,801433,1
938160,801455,1
899881,801498,1
939818,801526,2
924312,801558,1
898427,801582,1
939698,801617,1
951822,801666,1
930763,801709,1
948875,801794,1
895797,801815,1
939700,801849,1
938431,801884,1
939746,801887,1
905349,801934,1
939666,801947,1
939749,802005,1
939701,802009,1
928036,802023,3
939702,802027,1
925428,802087,1
939703,802159,1
931350,802361,1
938529,802531,1
937910,802562,1
939759,802671,1
939832,802743,1
939239,802754,1
939438,802825,3
926294,802861,1
958882,802993,1
920651,803011,2
926812,803037,2
934635,803040,1
939764,803168,1
950926,803180,1
939775,803219,1
949193,803228,2
905190,803308,1
924185,803323,1
959307,803331,1
933763,803387,1
920489,803397,1
907776,803458,1
924403,803523,1
952146,803537,1
928852,803549,1
939899,803592,2
938861,803601,1
901469,803615,2
930864,803623,1
933351,803637,1
939902,803645,1
938473,803742,2
935525,803791,1
939946,803793,1
939905,803804,1
927606,803811,1
930948,803868,2
937401,803896,1
939853,803909,1
939948,803949,2
916224,803952,3
939783,804044,1
907190,804059,1
928964,804061,1
930919,804224,2
929766,804280,1
939787,804286,1
936241,804337,1
920820,80440,1
935733,804419,1
921808,804448,2
928598,804455,2
939865,804478,1
927329,80451,1
903712,804525,1
939867,804598,2
907975,804615,1
935624,804671,1
937120,804677,1
923401,804725,1
959114,804774,1
935586,804792,1
939792,804855,1
939961,804898,1
948887,804899,1
946081,804959,4
925858,804965,1
939875,804991,1
924658,805030,2
939343,805039,1
947168,805081,1
930566,805120,1
952237,805193,1
939925,805228,1
926031,805273,1
939803,805472,1
902601,805522,1
939973,805582,2
936461,805657,1
933951,805688,1
905660,805700,1
929482,805714,2
947612,805799,1
938993,805810,2
939935,805835,1
901131,805853,1
908202,805951,2
924592,805969,1
924498,806050,1
926726,806125,1
928398,806146,1
939896,806306,1
927182,806337,2
918280,806366,1
898548,806635,1
922633,806640,3
902920,806710,1
933503,806729,1
939882,806796,1
912873,806892,1
939997,806976,1
921455,807078,1
929532,807122,2
937900,807172,1
940093,807265,1
940002,80746,1
936612,807480,1
919813,807496,2
916772,807504,1
927096,807515,1
939129,807537,1
945415,807576,1
948891,807584,1
928196,807820,1
898989,807935,2
904067,807943,1
850505,807957,1
940146,808070,1
921788,808123,1
950069,808161,1
937456,808355,1
939372,808365,1
940052,808388,1
940150,808411,1
918647,808454,1
939320,808610,1
940019,808617,1
912352,808631,1
914382,808731,1
940061,808767,1
934089,808779,1
940065,808994,1
934729,80912,1
954937,809290,1
895798,809357,2
939030,809483,1
931831,809502,1
940163,809638,1
940164,809667,1
940075,809702,2
954117,809749,1
910493,809792,1
920744,810046,1
933667,810081,1
907616,810137,1
937491,810157,1
899405,81027,1
912919,810305,1
929092,810347,1
940209,810397,2
931688,810530,1
940324,810570,1
901113,810633,1
940181,81090,1
940213,810910,1
936709,811300,1
940273,811347,1
928211,811508,1
940216,811513,1
897599,811567,1
940276,811568,2
939898,811689,1
930334,811725,1
911220,811782,1
940221,811923,4
920237,811936,1
925033,812066,1
906433,812100,1
939544,812171,1
850511,812184,1
938975,812199,1
938639,812232,1
937083,812241,1
897851,812297,1
946087,812549,1
940339,81273,1
940293,812790,1
954511,812804,1
940195,812817,1
915642,813048,1
937843,813122,1
940299,813163,1
907768,813344,1
947475,813350,1
905485,813367,1
925644,813409,2
908339,813664,1
940306,813670,1
940361,813814,1
940252,813996,2
904691,814005,1
922368,814180,3
937825,814240,2
931193,814348,1
921431,814561,2
940496,814563,2
914654,814597,1
940497,81471,1
924255,814753,1
927617,814832,1
938048,814917,1
900081,814924,1
934517,814956,1
957008,815001,1
920685,815077,2
928142,81513,1
937666,815161,1
940370,815214,1
940458,815218,1
906836,815222,1
905824,815278,2
931995,815344,1
936754,815372,1
940461,815485,1
939736,815529,1
918444,815609,1
940512,815909,1
949245,816008,1
925687,816020,1
912561,816030,1
928744,816162,1
918206,816163,1
933959,816192,1
940470,816266,1
940406,816392,1
931603,816486,1
940474,816524,1
938092,816745,1
930812,816895,1
909699,817190,1
934456,817232,1
922498,817260,1
940400,817274,2
929259,817392,1
925506,817530,1
924967,817734,1
929284,817834,1
940438,817892,1
924349,817924,1
938122,818047,1
940447,818061,1
928168,818193,1
901026,818218,1
940560,818304,1
940597,818312,1
904918,818415,1
952984,818420,1
940561,818557,1
940638,818718,1
929408,818823,1
952309,818933,1
938103,818938,1
940565,819012,2
932088,819052,1
938429,819057,1
940567,819088,1
940678,819143,1
902677,819163,1
901552,819164,1
920648,819285,2
939659,819381,1
940647,819482,3
951198,819539,1
920416,819615,1
924021,819635,1
937134,819679,1
940615,819692,1
937798,819846,1
940684,819913,3
912406,819931,1
903777,820050,2
939978,820088,1
948914,820154,1
940478,820176,1
930266,820196,1
930414,820305,1
940688,820315,1
949195,820445,1
934586,820537,1
906741,820720,1
949746,820734,1
939576,820743,1
938172,820815,1
952859,820879,1
911307,821126,1
937518,821128,3
940663,821199,1
940590,821224,1
907108,821235,1
925672,821306,2
908350,821363,1
922285,821375,1
930164,821455,1
928225,821479,1
940705,821652,1
945569,821681,1
902461,821695,1
940668,821740,2
934082,821817,1
930438,821912,1
940708,821926,1
939543,822067,1
940709,822154,1
952727,822192,1
928275,822211,1
935764,822241,1
940823,822257,1
938667,822411,1
931816,82242,1
950197,822452,1
936161,822618,1
909584,822677,1
940749,822681,1
901838,822706,1
925946,822885,1
940793,822895,1
940716,822976,1
939920,823008,2
921191,823034,1
946576,823062,1
940796,823065,1
929152,823107,1
938190,823217,2
919561,823263,1
932586,823308,1
940801,823348,1
898335,823389,1
927393,823393,1
921896,82340,1
940724,823520,2
920363,823576,3
934062,823595,1
926548,823671,2
954874,823750,1
940759,823802,1
921507,823822,2
905118,823871,1
940005,823966,1
926278,824066,2
928507,824168,1
946434,824296,1
916759,824382,2
940850,824473,2
923172,824700,1
902820,824768,1
940769,824903,1
938159,824917,1
923370,824926,1
927785,824949,1
938988,825054,1
913517,825132,1
934694,825159,1
919442,825222,1
929752,825244,2
940816,825264,2
926470,825400,1
940746,825414,1
922603,825456,1
922819,825563,1
940818,825584,2
958511,825692,1
940911,825749,1
931796,825752,2
947138,825769,1
897801,826010,1
923089,826026,1
940864,826041,1
940957,826115,1
940780,826127,1
922875,826613,1
902926,826751,1
922240,826779,1
921129,826800,1
946516,826815,1
928427,827078,1
897205,827106,1
935577,827156,1
921078,827215,1
947488,827331,1
940882,827549,1
895702,827793,1
930347,828099,1
941056,828206,1
929813,828235,1
920018,828248,1
941058,828440,1
912316,828494,1
940982,828522,1
909298,828571,1
901065,828572,2
936892,828649,2
940983,828659,1
941061,82868,1
900034,828721,2
958597,828786,1
899442,828791,1
927892,828918,2
938066,829077,1
951447,829143,1
940946,829226,1
925589,829280,1
908543,829456,1
936031,829485,1
940899,829542,1
928956,829566,1
916991,829636,1
913170,829739,1
941076,829916,2
958476,829991,1
931094,830020,2
941087,830071,1
946321,830153,1
923324,830186,1
941125,830905,1
924666,830988,1
899068,831084,1
941126,831232,2
905178,831376,1
938831,831452,1
948920,831789,1
941096,831893,1
921347,83206,1
933766,832139,1
941174,832358,1
932683,83254,1
932215,832568,1
899604,832633,1
941013,832635,1
923259,832728,1
941015,832730,1
941101,832942,2
919180,83296,1
941017,833065,1
933938,833196,1
904283,833267,1
938729,833306,1
921807,833428,1
923180,833483,2
938675,833784,1
928552,833932,1
959236,833934,1
922416,833936,2
941022,833946,1
912911,834047,1
941024,834072,1
941025,834234,1
929873,834298,1
917503,834305,1
923585,83440,1
925847,835260,1
941184,835370,1
904679,835372,1
912942,835449,1
923750,835541,1
933471,835569,1
941122,835602,1
908279,83564,1
941034,83571,1
938192,835743,1
928465,835771,1
941152,835811,1
941191,835922,1
941194,836061,1
932609,836111,2
909074,836246,1
948923,836363,1
940472,836412,1
898851,836455,1
933880,836684,1
850525,836707,2
941202,836714,1
905647,836724,2
941208,836924,1
939000,83707,3
931989,837243,1
935489,837244,1
941308,837319,1
952573,837338,1
949835,837364,1
923253,837435,1
923948,837456,1
941309,837459,1
931808,837515,1
941251,837538,1
905422,837684,1
850527,837695,1
936046,837705,1
941036,837727,1
922474,837859,1
935067,838095,1
935480,838183,1
907842,838448,1
911355,83847,1
954372,838524,1
923435,838529,1
941226,838840,1
947042,838934,1
939023,839023,1
939554,839162,1
941291,839248,1
899473,839267,1
941261,839272,1
950213,839350,1
907223,839408,2
908313,839411,1
914233,839618,1
925199,839791,1
936560,839807,1
919327,839834,2
914272,839840,1
951620,839862,1
941319,839933,1
908775,840264,1
940516,840311,1
936934,84033,1
926998,840435,1
945778,840447,1
933307,840537,1
927493,840587,1
910136,840601,1
953877,840609,1
941324,840630,1
910980,840637,3
941368,840864,1
918963,841096,1
937621,84112,1
908166,841260,1
939025,841363,1
941392,841416,2
941425,841519,2
933386,841619,1
941339,841812,1
919995,842000,1
898953,842042,1
934353,842058,1
941430,84224,1
940417,842262,1
935766,842276,1
939631,842295,1
941431,842342,1
941346,842392,1
950608,842555,1
910262,842576,2
941347,842732,1
919212,842856,2
922282,843061,1
913095,843085,2
938315,843142,1
933632,843158,1
941353,84319,1
920479,843265,1
932829,843487,1
932000,843718,1
920985,843766,2
927859,843905,1
910261,843990,1
949849,844156,1
900250,844166,2
925813,844229,1
941443,844247,1
941444,844328,1
938823,844338,1
941410,844394,1
941361,844423,1
949601,844461,1
941389,844481,1
947282,844580,1
928378,844605,1
951913,844612,1
941364,844810,1
925233,844836,1
940737,844943,1
941416,844974,1
941365,845128,1
905808,845159,1
941458,845182,2
908354,845275,1
936812,845284,1
941484,845315,1
905741,845373,1
929785,845640,1
901522,845692,2
941487,845730,1
938836,845749,1
938840,845771,1
928414,845814,1
941489,845983,2
941463,846042,1
916451,846129,1
941464,846180,1
936523,846217,1
941548,846303,1
940559,846403,1
955080,846408,1
895714,846445,1
895716,846459,1
907922,846522,1
904425,846627,2
904882,846704,1
924743,846707,2
900066,846804,2
928763,846926,1
934449,846994,1
939422,846995,1
941550,847012,1
924523,847045,1
920268,847066,1
941552,847111,2
910315,847116,1
944247,847219,1
941499,847231,1
937365,847344,1
929859,847390,1
922748,84751,1
908906,847562,1
939943,847571,1
941556,847632,1
916834,847636,1
906611,84768,1
936279,847680,3
906098,84777,1
935637,847773,1
938879,847787,1
908867,847793,1
903435,847837,1
949801,847845,1
941537,847850,1
941539,847869,1
941559,847889,2
941560,847926,1
941563,847928,1
941072,847929,1
925392,847957,2
931421,848020,1
937389,848038,2
935197,848051,1
898086,848081,1
948907,848113,1
925044,848114,1
941542,848116,2
924138,848127,2
941512,848134,1
932728,848136,2
941622,848210,1
925410,848251,1
930369,848302,1
941650,848309,1
941624,848340,1
921491,848384,2
932732,848414,1
941590,848435,2
905835,848520,3
941627,848536,1
954297,848560,1
950882,848561,1
941592,848572,1
904913,848586,1
940001,848619,1
941572,848655,1
941652,848763,1
907982,848781,1
931123,848811,1
903904,848815,2
937904,848874,2
930320,848940,1
920087,848948,1
952495,848997,1
954355,849073,1
922426,849079,1
941602,849085,1
919851,849087,1
941406,849161,1
945881,849194,1
941662,849244,1
941581,849261,1
927765,849286,1
905841,849297,1
928308,849347,2
934962,849391,1
941636,84944,1
907128,849464,2
951169,849514,1
924158,849563,1
941350,84962,1
941611,849652,1
936056,849675,1
938894,849729,2
941674,849761,1
935195,849782,1
924278,849851,1
937393,849860,1
938082,849864,2
941617,849898,1
927783,849899,1
915632,849930,1
918052,849971,3
898638,850069,1
899739,850130,1
924098,850133,2
906014,850257,1
941750,850258,2
941681,850297,1
930148,850332,1
937221,850342,1
934425,850350,2
941717,850364,1
911463,850417,1
941784,850420,1
941754,850447,1
938648,850478,1
922702,850484,1
900907,850510,1
911343,850526,2
897805,850545,3
941684,850576,2
937631,850581,1
941688,850708,1
931377,850733,1
906106,850765,2
952293,85078,1
910666,850906,1
939170,851088,2
940970,851158,1
941733,851279,1
933567,851327,1
946513,851364,1
913560,851400,1
925707,851450,1
941799,85149,1
941738,851511,2
934296,851519,1
941802,85154,1
930540,851546,1
895719,851564,1
936715,851615,1
896677,851622,1
941695,851659,1
901698,851665,1
946838,851669,1
901755,851698,1
940307,851728,1
938520,851817,2
955422,851839,1
932229,851909,1
914188,852000,1
932033,852005,1
937257,852008,1
947108,852018,1
939581,852026,2
941700,85204,1
922258,852098,2
918850,85211,1
941816,852198,1
924718,85220,1
906754,852211,1
924497,852221,1
895972,852230,1
913767,852284,1
939326,852306,1
909882,852398,1
932812,852426,1
928489,852436,2
940838,852443,1
900864,852448,1
905026,852465,1
936659,852515,1
941818,852565,1
941821,852629,1
912146,852643,1
941370,852652,1
940407,852655,2
911646,852657,2
936190,852670,1
850537,852754,1
905450,852819,1
918311,852844,1
941851,852854,1
941923,852985,1
941265,853010,1
941832,853040,2
936399,853046,1
899479,853052,2
925668,853088,1
923926,853091,1
908406,853098,1
897818,853101,1
910219,853105,1
940332,853119,1
941892,853133,1
927133,853173,1
946370,853196,1
939013,853221,1
924288,853249,1
941834,853263,1
958678,853313,1
930584,853357,1
941895,853407,1
937140,853424,2
941861,853668,1
949501,853672,1
904213,853749,1
940404,853851,2
941143,853905,1
899047,853943,1
922054,85412,1
953526,854142,1
895977,854168,1
940116,854188,1
951908,854308,1
903486,854400,1
947200,854457,1
938038,85446,2
923844,854512,1
940778,854602,1
941955,85465,1
904432,854695,1
922983,85473,1
934488,854761,1
939347,854818,1
934444,854858,1
930113,854964,1
940991,855151,1
929648,855210,2
958936,855250,1
923094,855490,1
936034,855516,1
925129,855543,1
941164,855599,1
925875,855638,1
939758,855692,1
919056,855708,1
938244,855770,1
942007,855870,1
895905,855914,2
942075,855952,1
941803,856039,1
952226,856214,1
912631,856374,2
907132,856389,1
941981,856410,3
940658,856470,1
942044,856531,2
931386,856533,1
937266,856623,1
941457,856687,2
937128,856709,1
936173,856770,1
941989,856949,1
900693,857161,1
952222,857242,1
941100,857337,1
942051,857553,1
949659,857567,1
914210,858096,1
942125,858299,1
940667,858403,1
919348,858479,1
940183,858503,1
942022,858576,1
942126,858766,1
850542,858860,2
939137,858994,2
925964,859222,1
959016,859252,1
937936,859592,2
945411,859623,1
909707,85979,1
920690,859840,1
927030,859889,1
942129,859978,1
942143,859981,1
942173,860002,2
920525,860022,1
924142,860096,2
921437,86012,1
942130,860142,1
924589,860291,1
938920,860364,2
942175,86049,1
899667,860508,1
929866,860523,1
900631,860547,1
939276,860568,1
900793,860569,1
942102,860764,1
904174,860790,1
942149,860805,1
911382,860843,2
941547,860856,1
917180,860866,2
925907,860910,2
946836,861126,2
935441,861215,1
932784,861304,1
933370,861322,1
938010,861330,1
903398,861540,1
931713,861678,1
931481,861741,1
922208,861818,1
850544,861886,1
941845,862059,1
958363,862192,1
913449,862521,1
922604,86264,1
946034,862643,1
938514,862694,1
928280,862708,1
918943,862772,1
896130,862800,1
903756,862876,1
932506,862885,1
936764,863170,1
922372,863189,2
915367,863338,1
942160,863472,1
938292,863508,1
941800,863618,1
947566,863658,1
897324,863781,1
939517,863839,2
942165,863846,1
942166,863994,1
957120,864009,1
918803,864041,2
933182,864132,1
942167,86421,1
946996,864235,1
949721,864445,1
923114,864508,1
939621,864692,1
924126,864752,1
929590,864822,1
942320,864971,1
925781,864977,1
933491,864985,1
923598,865013,1
942324,865052,1
942208,865062,1
942327,865189,2
850549,865242,1
906084,865269,2
948957,865279,1
942276,865604,1
924257,865673,1
923358,865677,1
903079,865680,1
949900,865695,1
942220,865792,2
919980,865887,1
942244,865888,1
940959,865962,1
933645,866053,1
958729,866065,1
934891,866080,2
948961,866085,1
940082,866154,1
915702,866246,1
939244,866314,2
942286,866345,2
938644,866468,1
929123,866577,2
942249,866621,1
939238,866803,1
914821,866806,1
945510,86685,1
942343,866877,1
896411,866950,1
906760,866980,1
951162,867106,1
928370,867122,1
959213,867141,1
940529,867357,1
938614,867392,1
934762,867435,1
942230,867467,1
850557,867599,1
951394,867619,1
918818,867699,1
936055,867766,1
936692,867775,1
942353,867838,1
948934,867918,1
957040,867951,1
935443,867974,1
917585,867979,1
905064,868014,2
895908,868084,1
941155,868175,2
913533,868181,1
850559,868185,1
942359,868195,1
942262,868217,1
904291,868260,1
899339,868303,1
907561,868418,2
929243,868572,1
850561,868649,1
937012,86889,1
850562,869334,1
911171,869408,1
942404,869468,1
935729,869488,1
928101,869576,1
930169,869587,1
942375,869607,2
938786,869724,1
942409,869822,1
905880,86987,2
912108,869880,1
911830,869972,1
942412,870210,1
918860,870245,1
934321,870339,1
942416,870422,1
935506,870532,1
938382,870535,1
924685,870552,1
920108,870562,1
933698,870629,1
895985,870632,1
942421,870849,1
959227,870858,1
895910,870959,2
930338,871283,1
913285,871286,1
850569,871395,1
926353,871516,1
953960,871846,1
901375,871944,1
942429,872054,1
923022,872162,3
942294,872180,1
954072,872205,1
935013,87224,1
920972,872258,2
942431,872285,1
913084,87257,1
942274,872776,2
948945,872875,1
941344,872905,1
923468,873009,1
903036,873107,1
937679,873131,1
922407,873484,1
913428,873588,2
942277,873616,1
934025,873685,1
905649,873721,1
942226,87375,1
912209,873778,1
938740,873807,1
948946,873842,1
939149,873904,1
935595,87399,1
942490,874018,1
929290,874034,3
948947,874035,1
908570,874254,1
942545,874329,1
926255,874469,1
923502,874510,1
942592,874511,1
942492,874562,1
924101,87458,1
942493,874586,1
905454,874624,1
948949,874633,1
940133,874751,1
948955,874794,1
910408,874831,1
911686,874849,1
942596,874891,1
938319,874950,1
929624,875066,1
905101,875179,1
911261,87520,1
942486,875213,1
932197,875218,1
921621,875265,1
922699,875302,1
918575,875313,1
942553,875321,1
942499,87534,1
942576,875408,1
942180,875472,1
942557,875485,1
941902,875495,1
942606,875537,1
942578,875566,1
937174,875583,2
906631,875619,1
903772,87567,1
936221,87570,1
904130,875710,1
925335,875729,1
918751,875808,1
937118,875854,2
947394,875906,1
942637,875910,1
954246,875929,1
942643,875945,1
923173,876015,1
918710,87603,1
926691,876032,1
942571,876114,1
911896,876138,1
942575,876237,1
942485,876244,2
922506,876304,1
942734,876407,1
941137,876424,1
936639,876475,1
939676,87652,1
903507,876535,1
914029,876552,1
903959,876578,1
941596,876594,1
910030,876624,3
928262,876665,1
949282,876700,1
903840,876750,1
940887,876863,1
915527,876886,2
897008,876919,1
939903,876932,1
927053,876933,1
958340,876935,1
942059,876981,1
942741,877015,1
920901,877273,2
907385,877275,1
942284,877367,1
901489,877371,2
946404,877376,1
903569,877378,1
942714,877385,1
948965,877415,1
942715,877444,1
926885,87754,1
937718,877571,1
913392,877583,1
942669,877647,1
950901,877683,1
936130,877746,1
954299,877760,1
942718,87778,1
940336,877919,1
942197,877990,1
938036,878117,1
939915,878403,2
896872,878411,1
933380,878479,1
898389,878491,1
914014,878494,1
930159,878518,1
905541,878532,1
942750,87881,1
929095,878823,1
948968,879025,1
927826,879029,2
942676,879097,2
942699,879099,2
933296,879127,1
942700,879168,1
959935,879295,1
929984,879311,1
941921,879332,1
948969,879347,2
914492,879523,1
934509,879606,1
940225,879619,1
942728,879828,1
930203,879831,2
941677,880167,1
939229,88019,1
937841,880285,2
924002,88030,2
942512,880306,1
941927,880361,1
939147,880400,1
942811,880416,1
924750,880509,1
920864,880854,2
915114,880940,2
950321,881033,1
900411,881101,1
928176,881208,2
942847,881352,1
935266,881400,1
939007,881565,1
942817,88166,1
901106,881967,1
923645,882253,1
937415,882475,1
942819,882541,1
925007,882624,1
942820,882644,1
936728,88276,1
927849,882828,2
896530,882984,1
942582,88322,1
952820,883353,1
942795,88337,1
942411,883403,1
936182,883418,2
932818,883660,1
850577,884081,1
931611,884091,1
938460,884198,1
920620,884366,1
941212,884668,1
920304,884673,1
942829,884689,1
908564,884737,1
923940,884749,2
850578,885075,1
942265,885179,1
934725,885238,1
941397,885593,1
919213,885779,1
942833,885867,1
942800,885899,1
942867,885950,1
898363,885953,1
953770,886006,1
898141,886091,1
942837,886101,1
951368,886167,1
918669,886180,1
904817,88621,1
925421,886211,1
942839,886226,1
939377,886415,1
942872,88650,2
942268,886564,2
942806,886815,1
942899,887018,1
939750,887034,1
939120,887345,1
922022,88741,1
940789,887432,1
911032,887546,1
931418,887662,1
897100,887705,1
899669,887883,2
908201,888203,1
923861,888373,1
942926,888419,1
915435,888832,1
931903,88889,1
942930,888945,1
902680,888992,1
934779,889247,1
942886,889405,1
928421,889494,1
936336,889498,1
927339,889593,1
921297,889655,1
934140,889692,1
929429,889703,1
942935,889726,1
923797,889788,1
953313,889882,1
908677,889915,1
934601,889916,1
940735,889927,2
917992,889985,1
942892,890096,1
949224,890097,1
916147,890323,1
959527,890327,1
942912,890340,1
933885,890570,2
930197,890787,1
921628,890824,1
922664,890895,1
942896,890906,2
942941,891195,1
939640,891212,1
850579,891740,1
942944,891765,1
932166,891829,1
902932,891886,1
942975,892075,1
897488,892167,1
898271,892314,1
942273,892316,2
942977,892332,1
908452,892483,1
921544,89260,1
933892,892966,2
936711,893000,2
942529,893050,1
902632,893326,1
926863,893554,1
943007,893599,2
942785,893736,1
921147,894140,2
899181,894203,1
938089,894286,1
942985,89435,2
947052,894675,1
943052,894710,2
925693,894733,1
942986,894887,1
920534,894961,2
907520,894965,1
939678,894986,1
925398,895024,2
906602,895049,1
943014,895069,1
915751,895380,1
936624,895387,1
901275,895596,1
919838,895732,1
850581,895773,1
906613,895785,1
939418,895873,1
943018,895919,2
942738,895957,1
943019,895969,1
938278,896055,1
956596,896296,1
943036,896356,1
942933,896430,1
952955,896540,2
927935,896588,1
941522,896597,1
918325,896637,1
932652,89676,1
943022,896872,1
905565,896877,1
924725,897152,1
946990,897201,1
959310,897246,1
926208,897736,1
934889,897984,1
928843,89809,1
911011,898113,1
922560,898122,1
915462,898168,1
896681,898189,4
943042,898436,1
896947,898472,1
940377,89858,1
939250,898742,1
909103,898807,1
916229,899380,1
919496,899411,5
904800,899443,1
904636,899556,1
943081,899581,1
918515,899605,1
937982,899626,1
942723,899655,2
919214,900083,1
917510,900095,1
952065,900406,1
935604,900476,1
925909,90060,1
953572,900625,1
918701,900702,1
943137,900730,1
936808,90077,1
902777,901,1
931643,901024,1
922927,901220,3
933913,901367,3
851024,901609,2
924490,901662,1
907202,901736,1
943157,901769,1
943129,901851,1
908278,902056,1
943090,902138,1
958407,902195,1
942689,902233,2
910976,902332,1
930504,902431,1
939945,902565,1
929346,902587,1
928301,902591,1
922163,90270,1
851125,903060,1
943144,903418,1
917655,903439,1
942999,903474,1
958872,903691,1
906930,903712,1
933241,903864,1
926130,904013,1
936204,904057,2
897226,904146,1
927676,904150,1
931966,904193,3
927903,904269,1
943167,904287,1
919231,90434,1
924652,904410,1
933990,904612,1
937732,904656,1
940919,904803,1
913831,904832,1
919160,904886,1
942555,904992,1
914888,905014,1
905693,905042,1
954971,905048,1
940291,905052,1
948972,905368,1
913128,905383,2
947835,905415,1
924302,905463,1
929255,905495,1
907570,905600,1
948973,905632,1
943239,905687,1
914543,905907,2
920021,905948,1
897681,906022,1
896099,906112,2
928950,906136,1
942210,906190,1
955302,906235,1
943210,906299,1
943243,906433,1
941686,906450,1
914652,906559,1
943143,906630,1
937164,906646,1
925466,906682,1
916595,906705,1
925037,906847,1
850337,906883,1
938362,906891,1
934241,907006,1
899572,907177,1
942077,907179,1
931765,907195,1
922638,907203,1
898373,907229,2
925670,907337,2
905679,907618,3
895741,907624,1
959396,907659,1
952305,907667,1
925912,907681,1
937638,907697,1
941846,907836,1
943257,907870,2
942459,907876,1
919276,907941,1
917028,907954,1
917969,907994,4
899743,908008,1
943304,908031,1
913776,908041,1
941900,908102,2
939924,908105,1
921564,908265,1
953066,908391,1
951866,90840,1
943264,908508,1
929514,908550,1
917776,908658,1
938782,908722,1
936045,908732,1
943308,908756,1
939043,908802,1
901517,908823,2
943284,908860,1
897608,908869,1
945412,908870,1
929175,909015,1
925503,909068,1
899254,90926,1
921368,909272,1
925479,909279,1
915272,909385,1
950995,909399,1
937884,909645,1
948976,909665,1
933535,909687,2
912242,909688,3
930457,909834,1
941722,909844,1
927304,909938,1
942655,910067,3
943273,910074,1
901867,910082,1
930639,910117,1
943335,910193,1
926261,910353,2
942900,910376,1
939309,910617,1
910628,910627,1
899165,910659,2
943342,910667,2
933631,910668,1
938459,910705,2
908835,910721,1
943069,910740,1
951490,910769,1
897340,910838,1
931281,911022,1
943344,91108,1
940112,911140,1
851557,911428,1
947262,911455,1
940158,911523,1
906483,911556,1
902018,911715,1
943360,911738,1
895987,911794,1
943378,911801,1
943397,911808,1
935705,911840,1
940577,911885,1
903930,911957,2
932093,911971,1
904514,912034,1
950913,912220,1
935837,912536,1
928002,912607,1
939356,912615,1
927556,912638,2
934986,912666,1
942778,912673,1
912083,912778,1
933504,912811,3
932704,912825,2
956863,913022,1
943407,913087,1
938142,913146,1
919950,913321,1
928740,913348,1
923704,913369,1
941080,913373,1
947114,913385,1
943185,913444,1
943392,913617,3
904728,913625,2
925822,913648,1
943414,913655,1
920292,913665,1
926738,913717,1
917237,913769,2
908973,913798,2
942925,913825,1
952589,913852,1
943455,914040,1
902998,914067,2
902775,914134,1
942425,914135,1
922733,914149,1
942032,914223,1
943429,91426,1
943418,914269,1
930598,914280,1
850593,914285,2
923626,914292,1
948999,914298,1
942583,914322,1
926506,914353,2
943074,914378,1
926475,914387,1
910518,914388,1
924865,914411,3
935217,914558,1
941682,914571,1
941772,914619,1
907163,914638,1
916803,914739,1
921926,914758,1
942955,914768,1
933850,914846,1
901399,914848,1
941751,914899,1
935724,914914,1
937254,914963,1
943433,914985,1
929469,915023,1
932526,915050,1
943467,915103,1
930225,915135,1
950855,915143,1
906059,915163,1
931988,915224,2
927568,915245,1
929145,915317,1
921744,915367,1
923048,915404,1
941079,915438,1
904753,915454,1
926833,915612,1
933590,915686,1
934214,915724,1
927992,915736,1
930098,915771,1
902799,915791,2
948951,915805,1
906916,915893,1
898332,915926,1
898062,916137,1
931604,916162,1
928657,916304,1
901921,916538,1
897726,916558,2
909428,916560,1
928618,916568,1
945308,916614,1
929566,916646,2
895744,916647,1
925700,916652,1
903588,916687,1
921769,916694,1
902909,916773,1
939151,916827,1
925894,916832,1
943473,91695,1
917390,917018,1
952412,917035,1
943475,917044,1
918661,917123,1
926754,917416,1
923374,917588,1
903947,917682,1
937870,918024,1
923522,918041,1
943527,918103,1
919513,918194,1
898764,918446,2
930585,918458,1
943484,918485,1
913807,918505,1
924367,918660,1
912155,918792,2
942622,918838,1
942288,918866,1
942706,918868,1
907321,919049,1
942732,919052,2
934885,919242,1
920382,919354,1
939626,919421,1
942224,919616,1
943534,919689,1
931479,919724,2
950436,919747,1
943535,919773,1
937601,919820,2
952341,919980,1
933505,920218,1
926228,920263,1
939859,920336,1
943377,920625,2
908580,920761,3
954496,920785,1
937993,920905,1
937865,920908,1
942004,920929,1
951500,920974,1
934464,921039,1
942481,921185,1
906332,921193,1
943563,921226,2
902007,921297,1
943554,921302,1
916139,921607,1
942043,921619,1
934288,921651,1
942842,921735,1
926631,921995,2
908754,922059,2
941077,922195,1
943583,922231,1
939651,922255,1
936411,922309,1
943445,922330,2
925277,922458,1
930611,92258,1
928736,922706,2
938689,922738,1
923508,923018,1
943460,923019,1
933995,923281,1
895994,923309,1
942953,923336,1
922669,923390,1
916301,923452,1
943503,92349,1
941753,923555,1
925242,923577,1
942853,923737,1
942033,923901,1
943559,923905,1
923133,92409,1
958542,924262,1
923375,924441,1
922491,924448,2
954151,924669,1
942179,924753,1
927392,924760,1
939715,924806,1
939817,924822,2
934226,92492,1
851456,924934,1
925426,925111,1
895745,925138,1
937574,925161,1
928106,925225,2
918897,925240,1
943102,925258,1
943575,925373,1
934383,925417,1
943594,925515,1
943595,925591,1
943519,925645,1
930297,925662,1
929000,925670,1
905301,925682,1
921442,925870,1
910723,925915,1
926147,925986,1
903359,926145,1
851185,926168,1
923779,926293,1
921885,926410,2
943297,926420,1
947353,926457,1
943621,926464,1
943649,92652,1
931440,9268,1
921840,926804,2
934638,926806,1
952264,926827,1
938454,926878,1
851056,926890,1
932799,926903,1
942145,926935,1
936700,926945,1
939374,926992,1
943609,927011,1
909950,927153,1
925237,927250,1
907022,927636,1
926670,927642,1
927948,927793,1
899148,927901,1
943515,927931,2
938775,928073,1
939512,928153,1
940809,928182,2
934578,928188,1
929422,928281,1
922772,928488,1
943602,928496,1
937513,928711,2
895924,928879,2
926980,929093,1
932714,929112,1
952113,929219,1
923415,929372,1
942494,929718,1
941257,929727,2
941755,929744,1
934080,929778,1
919216,929871,1
941178,930076,1
942310,930085,2
926075,930100,1
942350,930511,1
902672,930596,1
940281,930621,1
937723,930637,1
895926,930664,1
943532,930701,1
943664,930765,2
917342,930886,1
933819,93103,1
926385,931037,1
943704,931147,1
919232,931301,1
934758,931313,1
913006,931319,1
909877,931359,1
896019,931362,1
927990,931582,1
935952,931718,1
943635,932011,1
924351,932382,1
941108,932417,1
911924,932442,1
939873,932475,1
943678,932613,1
905171,932634,1
923068,932672,2
910158,932729,2
942721,932771,1
943680,933007,1
921963,933259,1
926399,933435,1
938411,933462,1
943683,933501,1
942311,933555,1
938118,933624,1
906235,933646,1
937653,933675,1
948979,933704,1
936785,933858,1
913669,933878,1
923265,933891,1
943700,933893,1
941648,933901,3
919591,933932,1
942792,933986,1
900029,934126,1
909110,934160,1
899787,934332,1
910328,934455,1
909475,934484,1
930538,934698,1
911498,934704,1
943506,934718,1
953824,934786,1
923794,934817,1
941625,934842,1
924901,934917,1
949626,934934,1
950448,935104,1
939596,935139,1
942315,935155,1
948990,935284,1
958711,935307,1
902933,935314,2
896160,935353,1
943749,935370,1
921407,935433,1
924264,935477,1
911561,93548,1
949215,935538,1
907507,935565,1
919182,935808,1
903307,935886,2
898320,935933,2
947808,936091,1
850846,936186,2
943762,936189,1
943775,936233,1
914907,936240,1
939009,936249,1
942345,936255,1
943435,936258,1
911644,936296,2
928158,936318,1
942318,936331,1
943314,936573,1
913025,936691,1
942201,936713,2
903558,936769,3
920594,936798,2
943767,936868,1
943776,936974,1
902866,937024,1
910291,937112,2
909070,93720,1
927711,937241,1
921353,937449,1
945497,937608,1
948994,937678,1
943547,937703,1
951276,937788,1
933630,938025,1
956611,938053,1
937779,938168,1
938029,938236,2
922864,938302,2
935616,938314,2
903492,938349,1
921123,938361,1
933007,938450,1
942317,938775,2
899543,938813,1
912271,938829,1
904801,938865,1
923082,938867,1
943088,939365,1
931963,939566,1
929560,939611,1
943759,939651,1
924779,939683,2
940798,939782,1
851326,93981,1
950968,93982,1
922078,939907,1
926640,939930,1
934648,93999,1
932547,940101,1
932061,940207,1
926557,940442,1
939469,940448,1
929565,940679,1
920253,940770,2
953920,940788,1
926033,940801,1
939341,940852,1
942300,940892,1
922378,940951,1
918809,941148,1
911755,941171,1
943783,941213,1
935957,941236,1
936282,94125,1
936041,941310,1
909557,941363,2
942408,941578,1
911102,941620,1
922719,941764,1
901932,941783,1
942335,941830,2
905959,941839,1
899309,942024,1
929220,94207,1
942726,942433,1
937556,942502,1
921802,942562,1
940110,942569,1
928069,942578,1
943750,942810,1
906904,942814,1
919183,942959,1
921734,943641,1
897886,943670,1
927146,943714,1
935146,943789,1
940622,943802,1
920942,943948,2
943695,94424,1
941220,944267,1
919398,944431,1
929480,944474,1
920101,944476,1
929261,944489,1
959857,944590,1
943719,944819,1
945400,944962,1
943873,945002,1
924194,945107,1
904475,94512,1
918209,945161,1
952252,945174,1
942635,945190,1
913204,945224,1
940681,945264,1
937622,945276,2
933935,945305,1
921350,945404,2
942023,945476,1
905010,945493,1
900384,945809,1
945976,945846,1
942640,945960,1
934401,945975,1
918834,946059,1
896389,946071,1
940877,946188,1
941088,946341,1
953610,946749,1
942339,947144,2
947343,947247,1
940372,947278,1
941193,947503,1
952164,947682,1
939316,947819,2
949017,947826,1
851286,947909,1
920329,948047,1
952088,948231,1
935898,948309,1
907973,948314,2
925988,948336,1
930330,948350,1
939503,948440,1
917994,948583,1
953492,948621,1
943398,948637,1
923989,948652,1
941123,948811,1
932169,948826,1
938303,948836,1
932731,948916,1
940341,949114,1
930541,949115,1
933065,949156,1
936264,94924,1
926089,949292,2
926389,949338,1
910297,949371,1
943885,949426,1
943899,949510,1
940203,949699,2
927068,949731,1
922250,949743,1
928120,949771,1
911711,950801,2
851501,950877,1
943826,950880,1
919217,950984,1
911151,950993,1
943362,951022,1
908507,951358,1
959698,951362,1
921273,951900,1
958973,952041,1
943923,952170,1
943907,952276,1
943858,952425,1
943908,952465,1
941793,952635,1
943584,952657,1
943924,952809,1
908468,952972,1
930385,952978,1
950127,953104,1
950726,953301,1
913950,953309,1
922069,953350,1
941775,953380,1
937382,953399,1
943912,9537,2
940325,953731,1
927349,953814,2
943658,954001,1
941809,954182,1
911907,954187,2
943937,954302,1
939609,954415,1
943699,954611,1
896435,954633,1
908342,954638,1
928311,954669,1
925677,954751,1
930410,954752,2
922883,954795,1
941570,954810,2
943130,954976,1
905298,954988,2
942552,954990,1
911936,955093,1
910864,955176,2
924202,955248,1
895760,955400,1
955465,955579,1
922130,955663,1
942442,955664,1
911657,955666,1
924915,955741,1
911994,955755,1
929434,955876,2
921987,955922,1
911387,956036,1
943962,956068,1
931449,956265,1
947215,956310,1
929431,956345,1
903344,956383,1
947102,956521,1
943964,956570,2
952679,956595,1
924565,956607,1
941778,956612,1
900115,956620,1
931874,95678,1
939463,956999,1
932282,957058,1
938537,957116,1
902070,957143,1
915952,957198,1
943913,957657,2
945335,957782,1
930354,957786,2
937964,958027,1
904631,958127,1
942348,958143,1
913878,958174,2
938352,958297,1
914108,958311,1
927253,958379,1
908871,958527,1
940537,958544,1
942913,958645,1
939203,958675,1
949834,958750,1
896001,958800,1
944045,95886,1
938796,958931,1
944023,958976,1
935377,958986,1
896310,958996,1
943432,959005,1
906735,959126,1
910513,959431,1
899703,959494,1
928350,959540,2
933542,959577,1
932312,959628,1
943371,959638,1
949278,959655,1
918025,959661,2
942349,959674,2
920802,959687,1
938366,959772,1
928872,959802,1
932355,959934,1
937009,959947,1
941689,960016,1
922525,960267,2
940933,960311,1
931663,960398,1
944019,960429,1
942163,96062,1
943082,960637,1
920189,960658,1
939041,960666,1
941874,96070,1
896683,960703,1
944053,960736,1
909237,960750,1
943870,960838,3
938967,960895,2
908991,96094,1
934566,961145,1
931336,961153,1
933708,961210,1
943732,961371,1
919378,961397,1
943969,961426,1
936611,961634,1
944066,961657,1
934923,96177,1
902371,961815,1
902323,961850,1
945347,961856,1
930139,961984,1
931149,962060,1
899843,962135,1
926534,962267,1
930912,962268,1
942417,962275,1
929401,962321,1
944001,962380,1
895847,962451,1
929980,962488,1
930190,962593,1
927609,962622,1
915270,962728,2
900391,962967,1
944080,963026,2
900117,963078,1
900435,963109,2
910564,963115,1
937056,963134,1
944069,963460,2
952489,963641,1
851432,963721,2
943227,963785,1
941065,963802,1
950531,963876,1
910919,963940,1
941696,964055,1
931005,964059,1
910440,964102,2
937953,964307,1
899145,964309,1
943991,964352,1
929519,964373,1
925738,964514,1
944084,964527,1
922213,964606,2
935669,964628,1
936772,964673,1
943745,964698,1
936086,964711,1
939493,964717,1
943779,964761,2
918237,964916,1
927934,964955,1
943252,965031,1
936246,965056,1
910215,965190,1
909233,965200,5
903527,965239,1
917602,965299,1
914993,965339,1
941956,96534,1
922767,965419,1
937210,965617,1
944120,965625,1
896184,965642,1
934398,965661,1
920602,965675,2
933979,965681,1
943307,965744,1
922957,965758,2
923395,965779,1
935984,965815,2
942368,965831,1
928851,965840,1
940063,965845,1
936137,965848,1
921560,965878,1
935166,965979,1
944091,966115,1
917875,966122,1
943679,966263,1
850971,966340,2
897162,96638,1
936550,966482,1
931533,966511,1
919104,966666,1
944108,966711,1
927322,966752,2
906444,966772,2
925356,966838,2
920912,966863,1
850625,96691,2
942724,966925,1
950820,966937,1
928899,966967,1
932807,967139,1
927547,967183,1
934084,967205,1
942363,967209,1
931558,967223,2
942852,967228,1
941023,967258,1
923382,967259,1
920800,967438,2
925164,967451,1
898109,967453,1
929217,967525,1
900718,967554,1
940641,967623,1
958466,967773,2
944131,967797,1
938596,967832,1
921190,967859,1
938482,967894,1
936606,967967,1
939038,968149,1
941278,968217,1
942566,968269,1
944103,968337,2
943496,968338,1
939881,968369,1
909813,968455,1
925133,968557,1
898722,968617,1
930440,968626,1
951737,968637,1
929606,968679,1
925674,968867,1
934884,968870,1
921178,968963,1
896006,968965,1
932448,969154,1
931116,969259,1
920299,969293,1
909602,969321,2
944027,969355,1
915817,969358,1
927007,96941,1
935426,969463,1
929632,969491,1
943139,969521,1
932548,969554,2
942766,969572,1
944141,96966,1
904865,969776,2
938351,969837,1
918141,970013,2
922266,970023,2
936468,970154,1
926677,970185,1
936120,97020,1
939032,970371,1
949009,970378,1
943323,970428,1
930405,970451,1
944136,970456,1
941510,970458,1
942248,970501,1
921832,970559,2
934574,970603,1
941916,970633,1
949011,970706,1
935767,970813,2
901739,970831,3
939546,970868,2
943847,970913,2
903511,970946,1
953146,970972,1
944138,971017,1
923614,971059,2
944153,971101,1
943211,971129,1
951740,971158,1
943338,971230,1
946495,971247,1
905636,971268,3
916530,971331,1
939424,971361,2
898826,971454,1
937105,971502,1
919027,971618,1
925926,971691,1
899025,971719,1
941872,971743,1
943123,971749,2
930291,971751,1
908742,971875,1
851078,971881,1
896831,971904,1
944082,971938,2
938747,971956,1
932084,972010,1
933813,972020,2
926878,972098,2
959012,972113,1
939003,972165,2
943674,972248,1
926164,972249,2
900505,972263,1
949024,972344,1
955076,972404,1
938558,972415,1
920665,972441,1
951324,972488,1
943771,972637,1
942760,972836,1
912902,972848,1
901200,972850,1
940055,972861,1
927309,972979,2
952163,972984,1
934970,972995,1
940493,973010,1
929411,973029,1
949025,973058,1
941253,973088,1
939971,973111,1
922231,973233,1
923260,973258,2
952659,973269,1
929001,973303,1
951517,973343,1
903206,973347,2
943332,973407,1
939439,973477,1
935805,973619,1
942719,973736,1
944146,973865,1
895770,973922,1
945747,973951,1
950066,973954,1
923557,973992,1
946331,974031,1
949018,974086,1
901156,974118,1
921434,974136,1
942848,974152,2
943949,974172,1
940506,974221,1
944000,974253,1
942929,974300,1
949019,974603,1
897689,974669,1
928355,974722,1
903566,974739,1
915163,974917,3
940740,974930,2
938124,974980,1
913447,975000,1
905494,975066,1
952403,975285,1
927410,975426,1
944106,975465,1
916903,975505,1
944165,975519,1
930494,975527,1
908112,975608,1
927653,975621,1
919786,975632,1
944003,975850,1
851554,975922,1
943085,975980,1
943315,976012,1
904906,976018,1
955267,976230,1
959643,976427,1
921403,976667,2
952504,976690,1
938199,976709,1
903790,976711,1
906132,976855,1
936679,976961,1
919551,977035,1
921055,977117,1
940423,977147,1
934325,977181,1
943883,977193,1
906505,977309,1
902558,977448,1
930260,977533,1
932554,977537,1
898550,977569,1
896009,977649,1
943454,977662,1
902037,97771,1
943989,977924,1
944188,977971,2
943754,977981,1
926194,978150,1
901175,978233,1
912248,978236,1
942585,978260,1
917570,978266,1
903294,978268,2
935122,978300,1
944195,978569,1
943152,978686,1
944191,97873,2
942445,978869,1
909963,978878,2
901183,978916,1
949021,979003,1
958727,979011,1
902384,979017,2
910418,979042,2
942358,979235,1
944204,979294,1
949022,979310,1
944205,979384,1
943258,979400,1
910750,979529,1
939348,979662,1
926883,979782,1
896135,979878,2
943481,979882,1
933547,979896,1
935291,979940,1
904922,979955,1
900526,980071,2
924137,980142,2
944212,980212,1
897279,980499,1
901641,980549,1
930031,980576,1
933407,980650,1
921556,980720,1
913698,980778,1
937594,980868,2
906462,981015,1
936557,981191,1
941415,981334,1
943999,981823,1
956715,981847,1
949029,982091,1
927285,982124,2
940768,982223,1
938361,982266,1
943529,982454,1
924730,982705,2
942589,982831,2
943341,982901,2
930397,983058,1
947211,983091,2
942947,983272,2
940232,983342,2
934167,983378,1
940089,983422,1
943703,983423,1
914587,98354,1
938344,983579,1
939413,983588,2
935930,983763,2
952037,983828,1
850857,983838,3
941701,983855,1
911639,983868,1
928125,98402,1
903313,984057,1
943126,984341,1
943219,984398,1
902731,984488,1
936229,98458,3
899178,984589,1
937025,98462,2
930902,984719,1
899009,984761,1
934278,984822,1
930833,984839,1
922032,984905,1
925501,985041,1
939672,985311,1
943871,985366,1
941286,985429,1
946741,985514,1
851094,985537,1
937835,985552,1
957064,985569,1
925590,985580,1
924006,985583,2
949034,985609,1
940951,985693,1
928314,985718,1
900938,985760,2
937553,985765,3
933277,985825,1
932528,985881,2
933933,985896,1
944134,986003,1
943147,986022,2
906898,98624,1
924060,986258,1
949035,986310,1
935004,986352,2
922451,986361,2
936159,986426,1
905690,986527,1
939538,986568,1
926946,986605,1
956639,986637,1
949037,986693,1
899423,987167,1
851171,987197,1
927400,987206,1
942915,987231,1
942189,987344,1
943420,987386,1
923049,987498,2
945895,987598,2
929668,987751,2
850867,987965,3
919029,988293,1
905748,988538,1
932640,988719,1
934482,988774,1
913725,988811,1
937194,988883,1
922754,988897,1
907803,988933,2
921700,988935,1
912982,989222,1
943165,989227,1
942802,989293,1
934108,989691,1
943004,989768,1
950569,989793,1
953866,989799,1
924186,989804,1
935162,989830,2
936109,989842,1
933106,989901,1
900681,989977,1
942355,990089,1
940274,990197,1
943537,990332,1
920156,990363,1
954198,990364,1
944222,990467,1
925928,990541,1
927897,990868,1
924411,990876,1
931397,990889,1
952695,990902,1
943106,990903,1
944052,990976,1
928344,991040,2
942000,991063,1
935136,991104,2
907859,991109,1
936802,991274,1
923809,991363,1
949394,991623,1
939454,991667,1
924233,991710,1
935370,991711,1
943785,991742,1
900782,99178,1
943600,991923,1
922647,991945,1
943805,991953,1
926074,991957,1
949844,991975,1
916468,992078,1
942252,992165,1
935485,992170,1
950180,992198,1
934878,992227,1
910787,992248,1
940053,992367,2
934624,992372,1
901415,992430,1
928583,992577,1
905280,992612,1
943236,992684,1
929195,992718,1
921375,992748,3
935951,992789,1
920832,992923,1
942751,993117,1
913749,993199,1
938925,993214,2
919425,993237,2
916844,993331,1
927188,993372,1
933149,993477,1
947615,993532,1
926170,993583,1
923299,993685,2
910606,993768,1
907368,993914,1
917825,994005,1
944048,994032,1
930520,994101,1
934160,994297,1
908846,994322,2
943709,994424,1
927679,994442,2
944109,994527,1
937728,994542,1
904036,994619,2
939050,994754,1
943486,994826,3
931905,994845,2
940802,995031,3
943294,99508,1
943279,995087,1
940763,995151,1
951947,995398,1
949107,995562,1
928117,995615,2
919238,995728,1
943850,99575,1
933966,995785,2
851038,995863,1
901266,995912,1
928685,996006,1
923911,996028,1
944183,996104,1
947449,996226,1
932281,996271,1
940592,996286,1
944047,996294,1
941198,996413,1
959874,99646,1
944169,996471,1
850868,996530,2
936680,996548,2
945502,996561,1
928918,996613,1
932320,996661,2
941313,996720,1
938981,996725,1
957098,99674,1
936828,996796,1
900012,996808,1
938018,996810,1
895947,997097,1
906243,997138,1
936549,997201,1
942261,997293,1
910175,997477,1
851187,997551,1
940774,997789,1
943911,997837,1
931825,997843,1
949053,997847,1
943954,997956,1
938545,997978,1
936315,998015,2
920124,998188,1
942214,998215,2
944250,998261,1
929254,998310,1
915540,998397,1
895780,998400,1
942410,998437,1
943657,998463,2
940676,998486,1
943380,998538,1
927741,998545,1
942979,998753,1
895854,998832,1
922968,998887,1
914639,998960,1
946035,998994,1
949295,999073,1
933373,999153,2
959789,999198,1
910319,999295,2
929518,999332,1
943244,99934,2
952904,999476,1
927516,999506,1
931794,999517,1
936522,999560,1
942158,999872,1
942024,999877,1
936033,999884,1
908791,999915,2
942428,999926,1
874897,1444828,1
874966,1444937,1
874900,1445087,1
874968,144520,1
959241,1445294,1
949730,1445335,1
875032,144535,1
874971,1445473,1
875114,1445584,1
874905,1445662,1
875116,1445830,1
874978,1446222,1
875209,1446282,1
875210,1446453,1
875042,1446492,1
875043,1446624,1
875127,1447090,1
875215,1447144,1
875047,1447182,1
875216,1447301,1
875131,1448170,1
875053,1448463,1
851243,1448533,1
875222,1448597,1
875362,1449283,1
947387,1449816,1
875154,1449904,1
875155,1450098,1
875369,1450157,1
851036,1450549,2
875160,1450804,1
875375,145086,2
875161,1450882,1
875297,1450920,1
875298,14510,1
875378,1451043,1
948082,1451290,1
875247,1451558,1
875248,1451638,2
875249,145188,1
875170,1451922,1
875385,1452129,2
875307,1452164,1
850683,14523,1
875387,1452358,1
875252,145238,1
875388,1452394,1
875310,145257,1
950199,1452609,1
875312,1452698,2
875391,145271,1
875392,1453000,1
875257,1453044,1
875314,1453051,1
875394,1453149,1
875260,1453316,1
875397,1453503,1
948084,1453590,1
875185,145393,1
875403,1454244,1
875269,1454437,1
875326,1454442,2
953562,1454773,1
875275,1454786,1
875412,1454839,1
959930,1454858,1
875198,1454946,1
875414,1455062,1
875337,1455319,1
875203,1455574,2
875419,1455666,1
875734,1455821,1
949732,1456122,1
875738,1456188,1
875426,1456238,1
875444,1456589,1
875351,1457076,2
875453,145795,2
875589,145806,1
875511,1458391,1
875755,1458695,1
875595,145884,1
875516,1458895,1
875596,1458904,2
875759,1459017,1
875599,1459146,1
955377,1459178,1
875523,1459616,2
875603,1459732,1
875525,1460040,1
954864,1460102,1
875605,1460103,1
875526,1460177,1
875768,1460228,1
950852,14606,1
875475,1460790,2
875532,1460994,1
875612,146107,1
875533,1461139,1
875613,1461143,1
875534,1461206,1
875479,1461343,1
875535,1461346,1
875480,146150,1
875536,1461606,1
875778,1461611,1
946528,1461850,1
875483,1462019,1
875619,1462067,3
875781,1462092,1
875620,1462254,1
875621,1462365,1
954548,1462621,1
875624,146273,2
875490,1462863,1
875626,1462891,1
875492,1462944,1
875494,1463185,1
875793,1463346,1
875632,146391,1
875497,1463989,2
875555,1464104,1
950927,1464111,1
875559,1465046,1
875560,1465204,1
875639,1465220,2
875561,1465265,1
875640,1465279,1
875803,1465317,1
875804,1465363,1
875805,146545,1
851044,1465612,1
875806,1465802,1
875566,1465835,1
875645,1465851,1
946100,1466170,1
875568,1466412,1
875570,1466589,1
875571,1466670,1
875651,1466687,1
875666,1466706,1
875655,1467208,1
875671,1467218,1
875822,146800,1
875676,1468170,1
875677,1468304,1
948095,1468430,1
959097,1468433,1
875961,1468439,1
875678,1468453,1
875962,1468491,1
875964,1468670,1
875830,1468887,1
875967,1469025,2
875831,1469030,1
875684,146904,1
875969,1469101,1
875893,146932,1
875833,1469368,1
875894,1469455,1
875835,1469596,1
875896,1469745,1
875691,1469818,1
875695,1470332,1
875979,1470439,1
875980,1470537,1
875845,1471036,1
875985,1471317,1
958845,1471600,1
875988,1471732,2
875705,1471919,1
875852,1471963,1
875708,1472024,1
875992,1472099,1
875709,1472157,1
875856,1472320,1
875995,1472401,1
875918,1472414,1
875713,1472676,1
875717,1473144,1
875865,1473280,1
875722,147377,1
876008,147405,2
875870,1474409,1
951498,1474605,1
875727,1474620,1
876012,1474661,1
875873,1474764,2
875936,1474952,1
876014,1474953,1
875731,1475075,1
875877,1475404,1
949828,1476566,1
876038,1476747,1
875947,1477284,1
876044,1477772,2
875952,1478227,1
876031,1478275,1
876260,1478778,1
876052,1478818,1
876057,1479228,2
876058,1479447,1
851471,1479603,1
876270,1479776,1
876208,1480094,1
876064,1480128,1
876119,1480152,1
876121,1480371,1
876066,1480587,3
949979,1480599,1
876215,1481094,1
876070,1481165,1
876127,1481317,1
876072,1481332,1
876220,1481925,1
876282,1481987,1
876076,1482071,1
876080,1482801,1
876136,1482803,1
876227,1482836,1
876137,1482863,2
876288,1482875,1
876141,1483440,1
876143,1483604,2
876088,1483677,1
876145,1484047,1
876296,148407,1
876298,1484316,2
876092,1484366,1
876149,1484636,1
949945,1484879,1
876245,1485273,1
876099,1485294,1
876246,1485417,1
876101,1485506,1
953093,1485513,1
876308,1485534,1
876102,1485687,1
876161,1486030,1
876312,1486064,1
948105,1486230,1
876165,148647,1
954728,1486671,1
876405,1486728,1
951138,148677,1
876168,1486917,1
948106,1486955,1
876407,1486992,1
876320,1487080,1
876339,1487345,1
876411,1487464,1
876415,1488020,1
876416,1488164,1
876346,1488274,1
876419,1488642,1
876420,1488871,1
876350,1488887,1
953333,1489025,1
876422,1489026,1
876352,1489035,1
950670,1489100,1
876426,1489639,1
955353,1489767,1
876489,1489795,2
876568,1489829,1
876570,14902,1
876493,1490384,1
954482,149047,1
951966,1490687,1
876362,1490852,1
876365,1491218,1
876576,1491295,1
876366,1491334,1
876499,1491378,1
946481,1491409,1
876577,1491508,1
947436,1491865,1
958661,1491953,1
876583,149224,1
876445,1492533,1
876446,1492600,1
876447,1492713,2
876509,1492760,1
876448,1492880,1
876510,1492941,1
947667,1493050,1
949091,1493098,1
876451,1493103,1
959641,1493500,1
876596,1493583,1
876385,1493607,1
876518,1493692,1
951358,1493808,1
876458,1493827,1
876600,1494077,1
949726,1494182,1
876523,1494276,1
876603,1494507,1
876392,1494563,1
876604,1494603,1
958689,1494619,1
876395,1494948,2
958710,1495044,1
876608,1495086,1
876609,1495214,2
876469,1495281,1
876610,14955,1
949525,1495538,1
946966,1495886,1
876534,1496104,1
959257,1496209,1
876402,149626,1
876403,1496449,1
876536,1496456,1
876615,1496465,1
876632,1496647,1
945410,1496756,1
876618,1496851,1
876478,1496856,1
876540,1497057,1
953100,1497175,1
876543,1497357,1
876639,1497501,1
876545,1497528,1
876640,1497862,1
876625,1498006,1
876711,1498023,1
876547,1498109,2
876628,1498352,1
876550,1498435,1
876629,1498459,1
876648,149881,1
876650,1499177,1
851509,1499399,1
954012,1499454,1
876783,1499493,1
876656,1499831,1
954277,1499853,1
876789,1500248,1
876660,1500298,1
948110,1500311,1
876873,150089,1
876874,1501006,1
876875,1501158,1
876734,1501200,1
876876,150131,1
876735,1501325,1
959469,1501351,1
959137,1501422,1
876878,1501620,1
876880,1501717,1
951730,1501739,1
876739,1501766,1
947820,1502246,1
876883,150236,1
876885,1502775,2
876745,1502787,1
876678,150292,2
876888,150303,1
876681,150334,1
876683,1503472,2
876893,1503702,2
953651,1503731,1
876755,1503974,2
876896,150400,1
948112,1504227,1
951154,1504491,1
876900,1504588,2
876760,1504603,1
876692,1504604,1
876768,1505449,2
876700,1505718,1
876832,1505938,1
876913,1506129,1
876773,1506132,1
876916,1506422,1
876935,150679,2
876840,1506853,1
876843,1507236,1
877009,1507253,1
948122,1507406,1
877012,1507480,1
876847,1507498,2
946215,1507752,1
945751,1507847,1
950781,1508305,1
876931,1508672,2
876855,1509197,1
877159,1509361,1
953229,1509404,1
877160,1509557,1
877023,1509570,1
958787,1509593,1
876952,1509672,1
877162,150988,2
877026,1510083,1
877029,1510250,1
947025,1510495,1
876966,1511153,1
877096,1511174,1
877041,1511922,1
877042,1511988,1
955308,1512250,1
877044,1512312,1
877104,1512530,1
877105,1512605,1
950455,1512943,1
950081,1512945,1
877051,1513323,1
876981,1513494,1
877053,1513538,1
876984,1513888,1
877114,1513893,2
946915,1514184,1
877195,1514633,1
877058,1514647,2
877059,1514797,2
877199,1515108,1
877122,1515123,1
946236,1515189,1
876993,1515212,1
876994,1515342,1
877065,151556,1
877128,1516006,1
877207,1516205,1
877071,1516543,1
877001,1516560,1
851068,1516675,2
877004,1516966,1
877135,1516985,1
877075,1517013,1
877007,1517383,1
877233,1517821,1
877140,1517894,1
877217,1517900,1
877218,1517970,1
877142,1518046,1
954816,1518071,1
877309,1518289,1
877145,1518450,1
877222,1518526,1
877240,1518686,1
877226,1519187,1
877244,1519363,1
877228,1519402,2
877460,1519899,1
877250,1519902,1
946981,1520140,1
877323,1520230,2
947836,1520309,1
877253,1520501,1
877254,1520698,1
877467,1521086,1
877257,152129,1
877330,1521819,1
949747,1521901,1
877261,1522099,1
947545,1522241,1
877473,1522460,1
948128,1522630,1
877265,1522756,1
877267,1523060,2
877339,15235,1
877402,1523589,1
877341,1523930,1
877342,1524136,1
877483,1524405,1
877484,1524863,1
877407,1525238,1
877486,1525352,2
877346,152541,1
877409,1525542,1
877487,1525554,1
877278,1525715,1
877489,1526,1
877280,1526080,1
877351,15264,1
877352,1526629,2
877285,1526977,1
877418,1527166,1
877498,1527761,1
877499,1527848,1
955546,1527909,1
877422,1527929,1
877424,1528164,1
877364,1528640,1
948135,1528980,1
877366,1529107,1
877297,1529197,1
953782,1529271,1
877298,152931,1
949969,1529428,1
877301,1529947,1
877371,1530163,2
877434,1530252,1
877303,1530329,1
877435,1530368,1
877304,1530420,1
877437,1530630,1
877516,153076,1
948140,1531154,1
877540,1531526,1
877541,153162,1
877523,1531654,1
877613,1531704,1
877542,1531772,1
951451,1531844,1
877614,1531845,1
877447,1531887,1
952068,1531906,1
945392,1532086,1
877527,1532156,1
877547,1532446,1
877529,1532466,1
877533,1533081,1
877552,1533217,1
877624,1533361,1
877554,153355,1
877626,1533676,1
877689,1533776,1
877691,153395,1
877632,1534166,1
877561,1534190,1
877695,1534244,1
877562,1534359,1
877635,1534652,1
877564,1534691,1
877775,1534745,1
877699,1534844,1
877700,1534980,1
877701,1535071,1
877702,1535260,1
877641,1535485,1
877704,1535591,1
877781,1535661,1
954807,1535820,1
877572,1535894,1
877784,1535972,1
877645,1536009,1
877574,1536015,1
877646,1536084,1
877710,1536647,1
877789,1536927,1
877713,153699,1
877653,1537199,1
877584,1537486,1
959479,1537545,1
877718,153765,1
877719,1537724,1
877798,153792,1
877660,153796,1
951238,1538185,1
954317,1538234,1
956818,1538584,1
877727,1538671,1
877669,1539222,1
877598,1539227,1
877809,1539283,1
877601,1539433,1
877735,153954,1
877814,153961,1
877675,1539616,1
877608,1539999,1
877741,1540048,1
877611,1540391,1
877822,1540419,1
877840,1540502,1
877684,1540687,1
959932,1541035,1
877843,1541162,1
877687,1541416,1
877688,1541599,1
877915,1541783,1
877751,1541838,1
877754,1542092,2
877832,154210,1
877851,1542399,1
877755,1542460,1
877839,1543012,1
877761,1543147,2
878073,1543447,1
877864,1543581,1
878078,1543686,1
877935,1543718,1
877998,1543749,1
877936,1543813,1
877866,1543822,1
877939,1543952,1
877940,1544044,1
877870,1544162,1
877941,154425,2
877872,154433,1
877944,1544464,1
953054,1544500,1
878007,1544502,2
878095,1545324,1
878016,1545540,1
878099,1545771,1
877956,1545980,1
877888,1546205,1
878021,154625,1
959201,1546763,1
877893,1546812,1
877895,1547007,1
878028,1547035,1
953256,154719,1
878029,1547202,1
878110,1547204,1
877897,1547266,1
878031,154731,1
878035,1547738,1
948166,1547997,1
877973,1548100,1
878118,1548295,1
877906,1548384,1
877976,1548575,2
878122,1548870,2
877910,1549127,1
878124,1549147,1
878047,1549466,1
878147,1549521,1
877987,1549622,1
878053,1549808,1
878056,155015,2
878223,1550203,1
878224,1550423,1
878157,1550622,1
878059,1550651,1
878159,1550908,1
878231,155119,1
878065,1551249,1
878066,1551303,1
878374,155131,1
878376,1551757,1
959834,1552611,1
878242,1552881,1
878307,1553122,1
878244,1553151,1
878386,1553271,1
878248,155362,1
878312,1553673,1
878181,155390,2
878314,1554001,1
878393,1554121,1
878252,1554122,1
954693,1554292,1
952208,1554347,1
959606,1554377,1
878396,1554616,1
958279,1554697,1
878320,1554933,1
878191,1555235,1
878322,1555299,1
878402,1555545,2
878194,1555876,1
878326,1556156,1
878408,1556425,1
878329,1556522,1
952258,1556845,1
878202,1556895,2
878412,1556933,1
950482,1556954,1
878333,1557078,1
878413,1557130,1
878205,1557330,1
878335,1557337,1
878275,1557642,1
878417,1557690,2
878338,1557807,1
851588,1557937,1
878279,1558052,1
878422,155854,1
878284,155880,1
878426,155892,1
878217,1558934,1
878348,155902,1
878221,1559224,1
878292,1559317,1
952374,1559322,1
878433,1559369,1
878294,1559551,1
878453,155956,1
953958,1559660,1
878440,156025,1
878441,156031,1
878444,1560556,1
878445,1560732,2
878678,1560750,1
946535,1560810,1
878365,1560848,1
878366,156121,1
956791,1561318,1
878448,1561365,1
878599,1561685,1
878686,1562427,1
878373,1562527,1
878604,1562695,1
878605,1562765,1
851082,1562847,1
878691,1563081,1
958740,1563619,1
878480,1564067,1
949795,1564816,1
878618,1565249,1
878702,1565252,1
878538,1565288,1
878619,1565379,1
878542,1565876,1
878708,1565901,1
878543,1566024,1
878624,156605,1
951591,1566296,1
878544,156636,1
878710,1566420,2
878545,1566475,1
878627,1566762,1
878497,1567083,1
878498,1567256,1
878715,1567332,1
878632,1567495,1
878552,1567632,1
878634,1567808,1
878635,1567905,2
878720,156791,1
878555,1568003,1
878721,1568058,1
878505,15682,1
878556,1568249,3
878558,1568436,1
878724,1568665,1
945713,1568841,1
953126,1569008,1
878645,1569094,1
878566,1569371,2
949420,1569379,1
878567,1569493,1
878734,1569709,1
878650,1569744,1
953183,1569973,1
953817,156998,1
851245,1570507,1
878740,157052,2
878749,157054,1
850957,1570643,1
878579,1571017,1
952173,1571388,1
878746,157151,2
878757,1571760,1
878758,1571882,1
950853,1571897,1
878663,1571915,1
878759,1571990,1
878664,1572015,2
878760,1572034,1
878827,1572205,1
878761,1572209,1
878668,1572600,1
878764,1572688,1
878831,1572725,1
878832,1572792,1
878671,1572838,1
878767,1572876,1
878672,1572942,1
851255,1572944,1
954668,1573375,1
878770,1573423,1
959066,1573471,1
878976,1573549,2
950225,1573869,1
878979,1574045,1
878981,1574236,1
878900,1574372,1
950391,1574510,1
878986,1575028,1
955264,1575091,1
878783,1575167,1
878847,1575453,1
878990,1575703,1
878786,1575949,1
878787,1576046,1
878910,1576081,1
878911,1576110,1
878993,1576120,1
950329,1576255,1
878794,1577044,1
878918,1577236,1
879000,1577250,1
878859,1577313,1
878799,1577723,1
878800,1577867,1
878923,15779,1
958952,1577942,1
878802,1578065,1
956914,1578498,1
878806,1578728,1
878929,1578784,1
878871,1579079,1
952624,1579125,2
878810,1579347,1
878933,1579352,2
878811,1579456,1
947467,1579628,1
948163,1579735,1
878876,1579893,1
878937,1579922,1
878815,158001,1
878938,1580036,1
878878,1580344,1
878879,1580576,1
878818,1580579,1
879022,1580680,1
878823,1581283,1
879027,1581458,1
878824,1581461,1
878886,1581552,1
947506,1581563,1
878948,1581724,1
879031,1582219,1
946842,1582680,2
878894,1582707,1
879038,1582938,1
879200,1583058,1
879059,1583074,1
879060,1583153,1
878960,1583174,1
951323,1583257,2
954613,1583282,1
879042,1583286,1
878962,1583422,1
879063,1583471,1
878963,1583477,1
879046,1583713,1
879066,1583773,1
879047,1583842,1
879208,1583874,1
879209,1584212,1
879210,1584338,1
879070,1584350,1
879071,1584641,1
878972,1584789,1
879215,1585083,1
954746,1585120,1
879126,1585244,1
879076,1585295,1
879283,1585319,1
851221,1585578,1
879285,1585637,1
879130,1585716,1
879286,1585781,1
879079,1585890,1
879290,158644,1
879223,158646,1
879135,1586518,1
879086,1586851,1
879294,1586990,1
959734,1587231,1
879296,1587259,1
879144,1587614,2
879233,1587690,1
955443,1587755,1
879094,1587832,1
879151,1588450,1
879308,1588970,1
947526,1589013,1
879102,1589033,1
950709,1589145,1
879243,1589213,1
879310,1589271,1
879244,1589279,1
879104,1589292,1
879246,158952,1
879109,1589809,1
879250,1589881,1
879110,1589883,1
879111,1589939,1
879114,1590263,1
879115,1590375,1
879256,1590405,1
879257,159058,2
879258,1590965,1
879118,1590969,1
879168,1590979,1
879325,1591135,2
945647,1591514,1
879173,1591767,1
879174,1592052,1
879331,1592304,1
879332,1592514,1
879267,1592530,1
879269,1592904,1
879179,1592979,1
946315,1593310,1
879185,1594132,1
879342,1594459,1
879362,1594518,1
954763,1594805,1
958303,1595101,1
879432,1595224,1
879366,1595235,1
879347,1595354,1
879435,1595540,1
879371,1595851,1
947832,1595971,1
879581,1596276,1
879374,1596330,1
879375,1596385,1
879585,1596688,1
879444,1596718,1
879505,1596720,1
879445,1596740,1
879379,1596775,2
879446,1596848,1
879448,1597127,1
879449,1597354,1
879591,1597371,1
879384,1597424,1
879385,1597499,1
879512,1597612,1
879593,1597633,1
879452,1597650,1
879594,1597940,1
879389,1598200,1
879517,1598554,1
879599,159880,2
879601,1599112,1
879394,1599233,1
879605,1599710,1
851425,1599832,1
879399,1599903,1
879607,1600084,1
879608,1600338,1
948149,1600445,1
879468,1600568,1
956908,1600603,1
879402,1600666,1
879528,1600682,1
879469,1600693,1
954707,1600752,1
879531,1600907,1
879613,1600918,1
879406,160102,1
879533,160118,1
879616,1601358,1
879618,1601668,1
879476,1601737,1
879411,1601756,1
946021,1602124,1
879414,160217,1
879481,1602521,1
879546,1603089,1
950085,1603135,1
879486,1603145,1
879629,1603221,1
879630,1603390,1
879549,1603649,1
879634,1604242,1
948151,1604261,1
952162,1604437,1
879637,1605144,1
948152,1605193,1
879558,1605299,2
879639,1605336,1
879560,1605485,1
879500,160563,1
879661,1605804,1
879643,1605819,1
879728,160594,1
879663,160599,1
879566,1606216,1
879571,1606888,1
879673,160725,1
879575,1607420,1
879675,1607566,1
879677,1607869,1
879798,1607932,1
879744,160825,2
879884,160829,1
879804,1608574,2
879684,1608819,1
879749,1608922,1
879750,1609024,1
879687,1609221,1
948154,1609234,1
879689,1609583,1
950243,1609619,1
879812,1609862,1
879756,160993,1
879896,1610008,1
879816,1610320,1
879698,16110,2
952905,1611031,1
879820,1611592,1
879700,161187,1
879701,161212,1
850682,1612126,2
879766,161213,1
955475,1612410,1
879906,1612983,1
879824,1613081,1
879907,1613100,1
879706,1613179,1
950119,1613660,1
949280,1613773,1
879912,1613884,1
851443,1613910,1
879913,1614000,1
879712,1614257,1
879833,1614328,1
879915,1614472,1
946507,1614503,1
958359,1615103,1
879777,1615278,1
879918,1615345,2
879837,161540,1
879779,1615433,1
879718,161544,1
879719,161564,2
879722,1615954,1
879924,161599,1
953898,1616182,1
879845,1616275,1
879846,161637,1
879790,1616551,1
945615,1616577,1
879931,1616619,1
879952,16167,1
879953,1616840,1
946419,1616869,1
948174,161693,1
949936,1617020,1
879795,1617105,1
851252,1617186,1
879956,1617196,1
879957,1617351,1
879960,1617579,1
880102,1617695,2
879862,1617774,1
879965,1618065,1
880021,1618284,1
952205,1618729,1
879971,161888,1
949887,161891,1
880114,161897,2
880027,161909,2
880174,161915,1
880029,161940,1
952053,1619641,1
879976,161971,1
880031,1619804,2
879978,1619987,1
880033,1620116,1
880121,162021,1
879980,1620291,1
880122,1620490,2
879982,1620577,1
879985,162095,2
953252,1621071,1
880127,1621105,2
880042,1621434,1
880044,1621588,1
952112,1621768,1
880135,162191,1
879996,1622261,1
880051,1622299,1
879997,1622335,1
880197,1622341,2
880139,1622378,1
879999,162254,1
880054,1622644,1
880002,1623053,1
880003,1623334,1
880145,1623399,1
880146,1623442,1
957029,1623484,1
880207,1623701,1
880149,162374,1
880063,1623867,1
880211,1624132,1
880013,1624231,1
880213,1624270,1
880214,1624360,1
880156,1624471,1
880015,1624500,1
880070,1624544,1
880016,1624600,1
880159,1624774,2
880017,162479,1
880218,162480,1
880220,1625031,1
950203,1625113,1
959280,1625130,1
880075,1625138,1
880162,162519,1
880076,162525,1
880251,1625450,1
880227,162617,1
880228,1626253,1
959244,1626424,1
880260,1626942,1
880090,1627680,1
880091,162786,1
880265,1627905,1
948193,1628097,1
880267,1628119,2
947326,1628131,1
880333,1628321,1
880241,1628352,1
880245,1628950,1
880478,1628960,1
880246,1628999,1
880479,162902,1
880275,1629124,1
880277,1629342,1
880249,1629441,1
880343,162959,1
850834,162962,1
880280,1629977,1
956777,1630074,1
880487,1630212,1
951933,1630297,1
880282,1630315,1
880408,1630464,1
880409,163061,1
880411,16308,1
880353,1631182,1
880413,16312,1
880495,1631303,1
880356,1631484,1
880418,1631903,1
880295,1632264,1
880362,163256,1
880503,1632685,1
880298,1632771,1
880366,1633160,1
880507,1633247,1
951321,1633282,1
880509,1633477,1
880429,163393,1
880510,1634003,1
880512,1634492,1
880434,1634891,1
880375,163493,1
880310,1634936,1
950201,1635238,1
959422,1635607,1
880383,163642,1
880524,1636508,1
880386,1636885,1
880527,163696,1
880387,163698,1
880322,163704,1
948203,1637173,1
880324,1637444,1
880449,1637475,1
880451,1637815,1
880557,1638033,1
949759,1638146,1
951981,1638716,1
948204,1638738,1
946292,1638762,1
959589,1638793,1
880560,1638894,1
851535,1638924,1
880398,1639204,1
880458,1639348,1
880459,163963,1
950150,1639913,1
880543,164005,2
880711,1640108,1
880463,1640149,1
880569,164030,1
880546,164046,2
880466,1640603,1
880467,1640708,2
880717,1640903,1
880576,1641056,1
880472,1641133,1
880578,1641153,1
880473,1641156,2
880474,164130,1
880475,164144,1
880582,164156,1
880726,1641645,1
880632,164165,1
880584,1641785,1
880633,16418,1
880586,1642003,1
880587,1642153,1
880636,1642158,1
880638,1642290,1
880800,164266,2
880736,1642839,2
958313,1643358,1
880646,1643579,1
880806,164377,2
880742,1643778,1
880807,1643870,1
880744,164399,1
880811,1644303,1
880751,1644726,1
880608,1644729,1
880816,1644795,1
880659,1645081,1
880660,1645187,1
880613,1645405,1
880662,1645412,1
880821,1645432,1
949727,1645674,1
880615,164578,1
880617,1645884,1
880668,1646024,1
880767,1646674,1
880769,1646950,1
880627,1647070,2
880676,1647088,1
880677,1647192,1
880629,1647326,1
880862,1647508,1
880839,1647546,1
880776,1647885,1
880779,1648532,1
956901,1648570,1
880685,1648670,1
880868,1648748,1
880845,1648773,1
880781,1648909,1
880688,164913,2
880847,164914,1
952091,1649140,1
954941,16497,1
880853,1649797,1
880854,1649906,1
880879,1650102,1
947305,734073,1
926391,734170,1
923773,734299,1
935899,734400,1
935861,734567,1
906251,734658,1
925318,734683,1
946896,734759,1
900643,734868,1
926085,734880,1
899689,734948,2
935830,735095,1
935831,735144,2
924959,735148,1
935906,73518,1
935833,735275,1
906502,735289,1
896448,735349,1
935907,735410,1
922325,735414,2
932850,735536,1
933665,73568,1
947348,735775,1
907583,735896,1
919656,735943,1
926587,736010,1
935949,736094,1
900190,736098,2
920592,736124,1
927409,736181,1
927278,736293,1
936114,736417,1
933072,736432,1
927536,736481,1
930936,73660,1
954788,736945,1
918964,736981,2
935960,737001,1
930855,737129,1
936006,737223,1
909928,737401,1
932969,737514,1
899340,737580,1
904525,737680,1
936136,737756,1
935972,737769,1
901187,738014,1
926339,738034,1
895669,738185,1
903918,738239,2
936144,738387,2
901398,738447,1
948860,738624,1
936149,738728,1
936092,738780,1
936097,739059,1
935989,739067,1
936155,73914,2
918395,739160,1
951218,739206,1
936100,739334,1
936039,739398,1
922623,739406,2
899542,739425,2
850848,739444,3
920380,739446,1
922627,739451,1
936165,739543,1
949768,739553,1
904090,739559,2
924657,739750,1
910987,739779,1
936168,739789,1
932963,739819,1
936170,739840,1
909211,739896,1
922100,739984,1
912110,7400,1
908234,740126,1
908879,740208,2
936344,740303,1
919123,740516,2
936249,740535,1
936184,740636,1
920962,740679,2
936256,740764,1
925904,741021,1
897293,741031,2
923372,741047,1
936259,741053,1
923202,741067,1
917040,741132,2
936197,741184,1
930851,74122,1
947265,741238,1
923326,741338,2
936364,741351,1
932363,741367,2
936367,741394,1
917060,741431,1
953638,741439,1
928975,741485,3
936373,741670,1
919124,741684,1
952220,741755,1
932543,741762,1
936211,741779,1
936375,741813,2
935718,741829,1
936273,741842,2
929693,741892,2
936216,741938,1
936278,741940,1
898450,741994,1
936217,742009,1
946678,742044,1
906955,742068,1
947131,742125,1
925147,742183,1
895527,742255,1
907578,742293,1
914608,742440,1
930753,742767,1
936573,742817,1
948867,742824,1
936231,742878,1
936574,742884,1
936575,742972,1
952017,743072,1
935452,743118,1
920859,743137,1
936577,743140,1
933225,743183,1
920287,743284,2
936579,743314,1
936517,743358,1
936518,743439,2
900841,743832,1
921510,743937,1
920987,743985,1
901593,744067,2
949380,744108,1
946151,744214,1
928761,744267,1
932078,744373,1
929557,744505,1
851192,744554,1
936531,744617,1
936471,744751,1
951729,744765,1
897320,744861,1
910143,744873,4
936476,74488,1
926672,744931,2
936423,744948,1
946755,745075,1
936609,745131,1
929304,745140,1
936542,745144,1
922684,745312,1
946659,745328,1
936489,745816,1
928290,745985,3
936558,746011,1
936559,746045,1
936630,746062,1
936631,746092,1
936562,74617,2
896194,746298,1
919502,746307,1
925959,746381,1
918250,746434,2
921701,746436,1
928033,746465,1
921449,746493,1
905670,746596,1
900273,746606,1
959067,746608,1
948847,746680,1
936836,746719,1
936446,746722,1
925186,746780,1
919895,746854,3
936507,746875,1
923851,746899,2
936839,746931,1
936718,747108,1
935118,747292,1
936724,747338,1
936644,747874,1
934594,74803,1
947638,1650158,1
880880,1650262,1
954773,1650393,1
880699,1650427,2
880858,1650549,1
880859,1650833,1
880948,1650893,1
880949,1650904,1
880886,1651045,1
948222,1651270,1
880706,1651297,1
880889,1651364,1
880707,1651374,1
880890,1651397,1
880891,1651515,1
880893,1651764,2
881016,1651869,1
881018,1652021,1
958876,1652145,1
880960,1652177,1
881020,1652196,1
880898,1652303,2
881021,1652308,1
881103,1652338,1
881104,1652387,1
948225,1652462,1
959591,1652644,1
881028,1653560,1
880906,1653704,1
949370,1653810,2
881113,1653948,1
880973,1654042,1
880910,1654044,2
881033,165405,1
958932,1654070,1
881115,1654207,1
950661,1654248,1
881034,1654279,1
881116,1654289,1
880975,1654318,1
881035,1654326,1
880913,1654420,1
850649,1654594,1
880915,1654631,2
881122,1654844,1
880917,1654867,1
881123,1654986,1
880983,1655088,1
881125,1655228,1
881126,1655294,1
880985,1655320,1
881046,1655458,1
881128,1655468,1
881047,1655492,1
880925,1655730,1
881049,1655737,1
880990,1655865,1
880991,1655965,1
881135,1656205,1
881054,1656268,1
880995,1656281,2
880996,1656450,2
880932,1656493,1
881142,1657285,1
881063,1657412,2
881145,1657474,1
881065,1657581,1
881171,165769,2
881148,1657827,1
881009,1657899,1
881010,1658000,1
881011,1658125,1
954687,1658149,1
881176,1658166,1
881012,1658196,1
946790,1658197,1
881154,1658341,1
881179,1658429,1
881396,1658487,1
881182,1658812,1
881402,1659282,1
958586,1659367,1
881405,1659594,1
881189,1659721,1
881191,1660088,1
881408,1660148,1
881192,1660176,2
881198,1661164,1
881246,1661165,1
881417,1661381,1
881202,1661476,1
881250,1661480,1
881251,1661527,1
881330,1661532,1
881206,1662259,2
952522,1662280,1
881256,1662541,1
881209,1662681,1
881257,1662693,1
881337,16627,1
881427,1662719,2
881338,1662788,1
851574,1662970,1
881215,1663337,1
881344,1663571,1
850639,1663573,1
881437,1663959,1
881269,1664523,1
881225,1664668,1
881226,1664758,1
881443,1664833,1
881444,1665056,1
881273,1665102,1
881356,1665109,1
881277,1665441,1
881361,1665511,1
881452,1665977,1
881364,1666039,1
954161,1666367,1
881457,1666676,1
881369,1666731,1
881472,1667118,1
948184,1667154,1
881290,1667280,1
953323,1667447,1
881475,1667574,1
881464,1667655,1
881465,166782,2
881477,1667834,1
881376,1667878,1
881468,1668047,1
881480,1668051,1
881379,1668090,1
881380,1668145,1
881382,1668304,1
881383,166839,1
881552,166847,1
881486,1668483,1
881385,166856,1
881386,1668669,1
955540,1669182,1
881493,166943,1
881561,1669600,1
881394,166964,1
881317,1670227,1
881501,1670282,1
881711,1670424,1
952627,1670470,1
954243,1670989,1
881716,1671006,1
955266,1671519,1
881512,1671754,1
881579,1671888,1
881722,1671961,1
881582,1672263,2
881645,1672617,1
881519,1672653,1
881646,1672658,1
881729,167289,1
881523,1673541,1
954835,1673786,1
881739,1674385,1
952960,1674395,1
881598,1674566,1
881532,1674583,1
881659,1674588,1
881741,1674633,1
952116,1674795,1
881535,1674924,1
881743,1674960,1
954250,1674977,1
881603,1675200,1
952218,1675309,1
881604,1675375,1
881746,16754,1
881748,1675717,1
881668,1675751,1
881750,1676036,1
881609,1676044,1
947822,1676268,1
881676,1676607,1
881549,1676716,1
881779,167684,1
955126,1676935,1
881759,1677029,1
881781,1677114,1
947782,1677266,1
881683,1677436,1
881764,167758,1
881787,1677754,1
881766,1677760,1
881626,1677784,1
881791,1677974,1
881691,1678056,1
881859,1678139,1
881793,167814,2
956680,1678464,1
881693,16785,1
881774,1678813,1
881797,1678827,2
881799,1678978,1
950769,1679368,1
881778,1679406,1
881701,1679675,1
881935,1679678,1
881871,1679807,1
881937,1679883,1
946506,1680063,1
945626,1680336,1
881879,1680607,1
881882,168080,3
950834,1681067,1
881886,1681227,1
881887,168137,1
881822,1681460,1
881889,1681493,1
881825,1681547,1
881957,168158,2
881892,1681647,1
881893,1681752,1
946279,1681991,1
881960,1682006,1
881829,1682058,1
881830,1682133,1
952758,1682161,1
958836,1682304,1
949546,1682552,1
881902,1682580,1
881970,1682948,1
881840,168302,1
882043,1683024,1
881843,1683183,1
882046,1683201,2
881845,1683245,1
850961,1683327,1
881978,1683338,1
881979,1683391,1
881916,1683818,1
881982,1683854,2
881983,1683953,1
881918,1684012,1
881853,1684137,1
881920,1684308,1
950192,1684466,1
959940,1684747,1
882089,1684748,1
851164,1684750,1
881990,168479,1
881927,1685002,1
881993,1685133,1
882063,1685190,1
882064,1685314,1
882065,168542,1
881996,168546,1
881931,1685471,1
882066,1685490,1
850783,168551,1
882068,1685706,1
882000,168603,1
882101,1686257,1
882247,1686571,1
948199,1686765,1
882074,1686766,1
882075,1686900,1
882106,168696,1
949542,1687093,1
882110,1687456,1
882255,1687604,1
882111,1687606,1
948200,1687684,1
882112,1687690,1
882257,1687752,1
882086,1688089,1
957046,1688122,1
882166,1688201,1
882329,1688326,1
882330,1688401,1
882332,1688641,1
882171,1688739,1
882336,1689041,1
882175,1689149,1
882271,1689336,1
882128,168939,1
882131,1689623,1
882276,1689695,1
952250,1689717,1
882181,1689739,1
882134,1689885,1
882183,1689897,1
882347,1690260,1
882281,1690292,1
882138,1690544,1
882139,1690674,1
882188,1690682,1
882350,1690684,1
882140,1690752,1
882285,1690865,1
882141,1690880,1
882190,1690885,1
882142,169090,2
882144,169101,1
882289,1691057,1
882195,1691135,1
882357,169116,1
959385,1691242,1
882199,1691550,1
882200,169173,1
882155,1692027,1
882204,1692085,1
882205,169220,1
948211,1692209,1
882301,1692257,2
882207,169235,1
882303,1692383,2
882159,1692389,1
882304,169245,1
882160,1692468,1
951788,1692508,1
882371,1692549,1
882210,169261,1
882306,1692656,1
882310,1693106,1
882377,1693206,1
882216,1693221,1
882378,1693240,1
882314,1693448,1
882316,1693602,1
953503,1693791,1
882388,1694141,2
882391,1694330,2
882479,1694347,1
882232,169489,1
882394,169492,1
882395,1695147,1
882483,1695196,1
882234,1695256,1
882235,1695386,1
882418,1695463,1
882627,1695601,1
882419,1695609,1
882628,1695662,2
882421,1695854,1
882425,1696485,1
882243,1696490,1
882426,1696577,1
958423,1696583,1
882428,1696818,1
882552,169682,1
882554,1697028,1
882638,1697036,1
882555,1697148,1
936851,748133,2
936854,748297,1
936655,748394,1
936656,748454,1
936743,748472,1
936857,748563,1
927936,748606,1
936746,748655,1
955122,748675,1
925890,748846,1
936864,748932,1
936865,748964,1
936805,749133,1
926835,749146,1
936868,74919,1
936303,749238,1
928536,749301,1
951028,749453,1
903234,749454,1
953914,749762,1
898649,749771,1
920887,749797,1
900780,749814,1
904968,749926,1
926711,750006,2
936760,750020,1
936821,750029,1
936823,750071,1
900970,750089,1
930722,750111,1
936884,750242,1
948855,750246,1
936886,750323,1
936691,750484,1
930228,750635,1
922549,750683,1
920637,750727,1
903319,750760,1
936699,750818,1
935791,751010,1
936701,751042,1
935154,751119,1
936904,751148,1
947012,751187,2
936907,751381,1
914556,751393,1
895639,751404,1
918344,751495,1
937005,751604,1
907646,751664,1
936418,751833,1
937063,751913,2
937064,751941,1
937007,751949,1
898939,752061,1
919148,752090,1
902760,752119,1
936921,752162,1
951297,752377,1
937016,752527,2
899642,752802,1
917733,752935,2
936974,752999,1
935254,753079,1
947248,753084,1
955368,753106,1
916799,753142,1
935257,753151,2
937026,753366,1
947182,753399,1
936948,753450,1
850459,753582,1
937031,753738,1
898567,753748,1
925773,753824,2
952567,753851,1
909542,753899,1
936991,753909,1
926674,754010,1
937035,754042,2
919376,754102,2
936952,754117,1
937092,754127,1
959653,754153,1
937038,754179,1
936996,754192,1
950227,754613,1
924180,754867,1
935274,754926,2
903028,754956,1
934852,755109,1
934334,755298,1
937258,755299,3
904877,755316,2
937214,755357,1
930348,755412,2
937106,755427,1
924196,755434,2
937218,755608,1
959510,755616,1
915457,755652,1
907270,755932,2
900997,755955,1
895532,755964,2
907466,755975,1
937156,756207,1
926082,756424,1
937119,75667,1
934021,756714,1
933193,756733,1
907040,756812,1
937121,756891,1
929343,757008,1
937168,757050,1
911851,757085,1
937148,757218,1
922861,757301,2
937175,757353,1
931232,757356,1
937244,757731,2
909090,757746,2
937245,757784,1
930281,757934,2
897780,757963,1
937011,758048,1
937296,758084,1
937191,758108,1
915117,758208,1
925653,758237,1
903175,758288,1
934800,758352,1
927908,75836,1
937252,758407,1
918972,758416,1
928073,758434,1
951322,758509,1
937200,758510,1
937414,758555,1
934496,758598,1
937303,758716,1
922724,758717,1
937418,758889,1
850460,759047,1
937475,759143,1
900228,759160,1
916608,759247,1
929728,759331,1
902745,759473,1
910480,759494,1
911502,759561,1
899278,759568,2
899915,759641,1
952580,759655,1
934286,759711,1
937376,759728,1
933852,759733,1
910401,759953,1
921704,760060,1
931930,760074,1
850462,760133,2
929081,760165,1
937385,760193,1
937386,760236,1
937336,760260,1
896935,760304,2
921501,76035,1
937335,760373,1
898774,760382,3
933280,760430,1
921029,760518,1
937341,760542,1
903223,760584,1
927715,760704,2
937346,760724,1
951934,760760,1
937512,760990,2
953344,760997,1
937465,761010,1
937514,761014,1
935971,761044,2
937467,761047,1
922758,761067,1
931718,761078,1
937402,761151,2
850463,76117,1
906107,761185,2
937404,761192,1
956751,761232,1
930030,761242,2
900565,761273,1
937364,761354,1
882639,1697154,1
882642,1697492,1
882504,1697735,1
882645,1697868,1
882438,1697882,2
882506,1697905,1
882563,169797,1
882441,1698087,1
882566,1698194,1
882510,1698226,1
882443,1698247,1
882511,1698392,1
882444,1698399,1
882569,1698537,1
882512,16986,1
959486,1698607,1
952302,1699063,1
882574,1699110,1
882452,1699288,1
882578,1699814,1
882520,1699869,1
882525,1700656,2
957085,1700771,1
882527,1700961,1
882670,1701010,1
882464,1701193,1
882674,1701309,1
882675,1701503,1
882533,1701550,1
882592,1701820,1
882595,170216,1
882680,1702169,1
882596,1702299,1
946530,1702488,1
952629,1702527,1
882704,1702566,1
945928,1702575,1
949793,1702591,1
882600,1702683,1
882685,1702711,1
882603,1702905,1
882711,1703404,1
882780,1703593,1
882781,1703644,1
882612,1704008,1
882784,170415,1
882719,1704443,1
882617,1704615,2
882723,1704769,1
950807,1704831,1
882928,1704895,1
882725,1705225,1
882792,1705298,1
882727,170562,1
882794,1705755,1
882728,1705800,1
882795,1705875,1
882796,1705960,1
882730,1705963,1
882936,1706122,1
950589,1706132,1
882937,1706182,1
882800,1706407,1
882858,1706723,1
882738,1707074,1
882861,1707241,1
882740,1707275,1
951886,1707346,1
882808,1707424,1
882742,1707446,1
882745,1707838,1
851541,1707848,1
882746,1707865,1
882814,1708073,1
882869,17081,1
882953,1708105,1
882954,1708335,1
945851,1708397,1
882955,1708461,2
882751,1708469,1
882819,1708717,2
882959,1708899,1
882961,1709126,2
955504,1709241,1
882880,1709350,1
882964,1709395,2
882762,170950,1
959121,1709744,1
882766,1709873,1
882888,1709951,1
956638,1710016,1
850660,1710112,1
882976,1710472,1
882837,171063,1
882773,1710746,1
882838,1710827,1
882774,1710833,1
882897,1711144,1
882777,1711182,1
882843,1711332,1
882903,1711800,1
882909,1712324,2
882993,171233,1
882994,1712450,1
882996,1712576,1
882915,1712781,1
883018,171304,1
883086,1713123,1
883087,171320,1
883233,1713259,1
883089,1713401,1
882922,171344,1
883237,171363,1
883092,171364,1
883093,1713742,1
952191,1713756,1
882926,1713820,1
883095,171404,1
883153,1714061,1
883240,1714064,1
958311,171431,1
883243,1714393,1
883099,1714395,1
883245,1714536,1
883246,1714672,1
883036,1714813,1
883104,1714865,1
883249,171494,1
883038,1715002,1
883106,1715043,2
883039,171505,2
883251,1715107,1
883252,1715318,1
883253,1715369,1
883109,1715397,1
883167,1715464,1
883256,1715753,1
883257,17158,1
953308,1715848,1
883114,1715984,1
883174,1716395,1
883177,1716528,1
883122,1716977,1
883180,1717069,1
883056,1717102,1
883181,1717105,1
954162,1717162,1
883269,171725,1
883183,1717281,1
883184,1717422,1
883272,1717701,1
883273,1717740,1
883276,1718221,1
954811,1718471,1
883067,1718491,1
883192,1718506,1
883194,1718634,1
883281,1718643,1
883070,1718690,1
883282,1718749,1
953757,1719041,1
883287,1719329,1
883288,1719428,1
883202,1719535,1
883144,1719566,1
883291,1719811,1
883312,1719854,1
883205,1719875,1
952630,1720048,1
883316,1720272,2
883317,1720383,1
945858,1720411,1
883386,1720459,1
883318,1720467,1
883298,172051,1
883300,1720738,1
924450,761357,1
928012,761374,1
937605,761469,1
937525,761486,2
935978,761580,1
907619,761599,2
937656,761603,1
930090,761614,1
896727,761671,1
928371,761676,3
950338,761678,1
937610,761683,1
949350,761744,1
936495,761757,1
905103,761765,1
907981,761872,1
922773,761945,1
937665,762109,1
918673,762443,1
933456,762466,1
932176,762519,1
959154,762529,1
937554,762543,1
937555,762571,1
918745,762578,1
926400,762587,1
937630,762634,1
908864,762688,2
936519,762690,1
931937,762694,3
905083,762734,1
937633,762756,1
918731,762769,2
946804,762774,1
932706,762801,1
937740,762869,1
937691,762881,2
937636,762896,1
937693,762909,1
937694,762946,1
921928,763020,2
903471,763053,1
918267,763117,2
927139,763127,2
929956,763171,1
910200,763271,1
937697,763301,1
925976,763308,1
937580,763350,1
937582,763365,1
937700,763386,1
899603,763467,2
937652,763468,1
922896,763497,2
921111,763565,1
937703,763647,1
935281,763663,1
937704,763665,2
937753,763677,1
911789,763771,1
937858,763792,1
937233,763793,1
937905,763846,2
945737,763860,1
930989,763866,1
928702,763874,2
919000,763889,3
931453,763897,1
948864,763938,1
932951,76399,1
937773,764036,1
920944,764065,1
937806,764115,1
937774,764168,1
897228,764184,1
910378,764190,3
937866,764403,1
931268,764413,1
896931,764421,1
937869,764464,1
947099,764482,1
899284,764493,1
904559,764508,1
937782,764610,2
937921,764625,1
949671,764656,1
926519,764661,1
933000,764671,2
937875,764702,1
922350,764724,1
921036,764778,1
923004,764844,1
937878,764846,1
937826,764912,2
937789,764947,1
908366,764952,1
937790,765066,1
937883,765238,1
937274,765279,2
935641,765356,2
937836,765389,1
937339,765401,1
904752,765758,1
936404,765837,1
921436,765851,1
934198,765873,2
922204,765876,1
919953,765931,1
933232,765966,1
905611,766018,3
923145,766072,2
937130,766117,1
921280,766126,2
913526,766227,1
895677,766291,2
959916,766305,1
938021,766388,1
900094,766540,2
900843,766618,1
918102,766718,1
955099,766737,1
937976,766767,1
938067,766783,1
932992,766789,1
916087,766942,2
928981,766966,1
930468,766973,1
896516,767054,1
938112,767060,1
916426,767085,1
937985,767138,1
925671,767153,1
921767,767196,1
930193,767207,1
918270,767393,1
924648,767410,1
934344,767462,1
925527,767562,1
932809,767568,1
920318,767655,1
899851,767675,1
910947,767913,1
910805,767938,1
948869,767977,1
925714,768051,1
937999,768106,1
912052,768220,1
938084,768281,1
908845,768310,1
911324,768365,1
931136,768431,1
922830,768432,1
925433,768533,1
955164,768648,1
902887,768747,1
950684,768784,1
918098,768790,1
933442,768829,1
929286,768861,1
938013,768885,1
938043,768962,1
914731,769005,2
938015,769071,1
902138,769084,1
912837,769124,1
938095,769140,1
938100,769383,2
926095,769438,1
932006,769457,1
938150,769503,1
921777,769513,1
936008,769720,2
903233,769732,1
938285,769886,2
925348,769941,1
938162,769951,1
926296,769997,1
925201,769998,1
947270,770258,1
902669,770313,1
950741,770380,1
907058,770441,1
897072,770455,1
925844,770484,1
938245,770487,1
910341,770733,1
936062,770889,1
938299,770913,1
929716,770936,1
952192,771014,2
915084,771018,1
883389,1720797,1
883390,1720853,1
883303,172117,1
883217,172136,1
883393,1721431,2
883305,1721481,1
883396,1721625,1
948233,1722059,1
883224,1722071,1
883467,172233,1
883337,1722745,1
883540,1722789,1
883541,1722857,1
883340,1723016,1
883544,1723083,1
949437,1723158,1
883413,1723542,1
883346,1723674,1
883549,1723675,1
883415,1723750,1
883481,172380,2
883483,1723926,1
883553,1723975,1
883419,1723996,1
883556,1724192,1
883557,1724335,1
883356,1724512,1
883426,172470,1
883493,172497,1
883566,1725497,2
949924,1725560,1
883568,1725876,1
883367,1726241,1
883571,1726447,1
883440,1726847,1
883441,1726972,1
883442,1727049,1
883375,1727132,1
883577,1727188,1
883580,1727523,1
883581,1727569,1
883515,1727860,1
951419,1727893,1
883519,1728591,1
883453,1728617,1
883614,172868,1
883587,1728771,1
883454,1728792,1
883521,1728866,1
883457,1729102,1
883591,1729188,1
883525,1729294,1
883620,1729357,1
883460,1729410,1
883528,1729642,1
883690,1729660,1
883530,172983,1
883625,17299,1
883599,1730130,1
883534,1730283,1
883603,173043,1
883536,1730433,1
883604,1730468,1
951475,1730564,1
883538,1730605,1
883844,1730839,1
883608,1730882,1
883846,1731010,1
953825,1731276,1
883613,1731510,1
949977,1731552,1
883708,1731563,1
883851,17317,1
883709,1731702,3
883768,1731791,1
883644,1732070,1
883771,173216,1
883646,1732209,1
883772,1732215,1
883773,1732471,1
883857,1732503,1
883715,1732525,1
949923,1732664,1
946006,1732835,1
883651,1732986,1
883861,1733207,1
883652,1733485,2
946203,1733744,1
883781,1734211,1
956805,1734322,1
956726,1734576,1
883726,1734684,1
883659,1734708,1
850643,1734844,1
883663,1735192,1
883790,1735391,1
883665,1735539,1
883667,1735887,1
883793,1735968,1
883877,1736192,1
883795,1736402,2
946207,1736501,1
883882,1736829,1
883741,1736869,1
883801,1737300,1
950293,1737783,1
883886,1737803,1
883747,1738220,1
883681,1738504,1
947416,1738584,1
883750,1738764,1
883894,1739401,1
883686,1739553,1
883813,1739795,1
883689,1739922,1
883757,1740019,1
883816,174006,1
883900,1740247,1
883818,174030,1
958833,1740345,1
883762,174076,1
883904,1740884,1
883905,1741010,2
883907,1741431,1
883994,1741523,2
883827,1741537,1
959907,1741632,1
883828,1741696,1
883910,1741720,1
945574,1741976,1
883913,1742244,1
883833,1742791,1
884001,1742807,1
947833,1742996,1
950034,1743045,1
884003,1743277,1
883938,1743302,1
883939,1743471,1
883837,1743476,1
947628,1743727,1
958663,1743747,1
884073,1743952,1
883945,1744218,1
883948,1744664,1
884078,1744749,1
884079,1744773,1
884016,1744891,1
851528,1745101,1
958645,1745229,1
884020,17454,1
949809,1745719,1
884153,174577,1
884022,1745789,1
883959,1745998,1
884157,1746073,1
884027,174626,1
883962,1746313,1
884159,1746322,1
954432,1746562,1
884029,1746687,1
883964,174670,1
884095,174691,2
884097,1747405,1
884033,1747406,1
884165,1747444,1
884099,1747507,1
884035,174755,1
884101,1747650,1
883971,1747683,1
884172,1748045,1
884043,1748425,2
883977,1748456,1
884175,1748464,1
957076,1748871,1
958415,1748899,1
884049,1749134,1
938206,771170,1
935746,771271,1
928250,771315,1
902937,771368,1
938171,771469,1
938314,771488,1
938173,771534,1
925286,771535,1
938174,771629,1
906868,771850,1
938179,771946,1
909238,772151,3
922818,772282,3
959948,772308,1
919178,772414,7
938185,772466,1
938188,772669,1
947730,772739,1
929501,772756,1
897189,772770,1
902219,772788,1
938232,772901,1
938234,772992,1
935964,773002,1
926141,773006,1
955153,773029,1
938235,773143,1
938391,773182,1
919430,773188,1
947244,773450,1
930302,773475,1
938238,773545,1
922132,773682,2
938158,773714,2
915830,773830,1
912342,773886,1
925265,773947,1
938404,774078,1
949493,774180,1
911549,774202,1
910845,774243,1
938503,774419,1
938341,774444,1
909164,774450,3
938462,774475,1
904986,774488,2
918041,774581,1
938413,774582,1
924189,774724,1
938350,774731,1
931234,774769,1
927582,774814,1
924990,774824,1
938419,774913,1
938420,774994,1
935860,775010,1
946148,775033,1
928794,775139,1
954734,775377,1
938359,77540,2
925301,775562,1
923542,775613,3
938363,775644,1
920182,775809,1
936483,77581,1
911184,775816,1
938525,776016,1
938439,776111,1
938480,776121,1
949645,776236,1
951246,776248,1
937564,776257,1
938485,776280,1
938427,776299,1
908713,776412,1
920472,776424,4
936504,776511,1
922499,776609,2
905524,776641,1
928319,776668,1
938488,776673,1
959026,776690,1
919129,77676,1
955072,776775,1
938589,776870,1
919047,776894,1
938591,776929,1
938384,776943,1
928085,776994,2
920519,777025,2
938595,777115,1
938543,777117,1
932029,777146,1
959816,777167,1
897998,777227,2
933457,777299,1
935449,777323,1
938600,777341,1
938680,777357,2
920220,777362,2
927614,777421,1
938634,777430,1
938635,77749,1
924009,777502,3
938546,777535,3
938547,777568,1
936684,777665,1
938640,777667,1
938686,777751,1
921562,777778,1
922811,777790,1
935681,777842,2
912286,777859,1
938607,777866,2
938645,777973,1
953427,777979,1
936786,778003,1
924199,778089,1
925756,778174,1
938656,778338,1
929871,778342,1
938568,778375,1
938657,778427,3
922776,778457,2
926244,778712,1
922115,778786,2
920254,77879,1
908093,778904,1
895949,778964,2
926050,779022,1
923182,779030,1
900023,779042,1
950831,779057,1
931358,779092,1
927369,779138,1
926256,779218,1
906097,779221,2
938579,779233,1
949557,779236,1
938581,779379,1
921541,779380,1
938582,779397,1
938712,77941,1
938669,779458,1
933371,779522,1
905011,779526,1
911312,779683,1
945609,779770,1
932277,779896,1
932999,780009,2
898959,780010,1
926273,780055,1
938852,780087,2
904206,780125,1
928865,780151,1
934777,780166,1
850476,780177,1
949838,780200,1
850477,780202,1
899808,780288,1
933295,780319,2
938728,780331,1
938772,78034,1
899801,780372,1
938730,780493,2
938814,78051,2
850478,780572,1
937974,78061,1
938777,780683,1
897287,780685,1
947154,780968,1
948901,780996,1
908500,781016,1
926380,781073,1
938865,781075,1
925052,781126,1
904995,781142,1
925759,78115,1
938868,781150,2
850480,781375,1
938872,781468,1
908241,781539,1
938822,781604,1
933211,78161,1
930673,781686,1
938874,781726,1
850481,781769,2
850482,781814,1
927778,781918,1
938827,782141,1
913784,78217,1
884182,1749338,1
884051,174934,1
883985,1749413,1
883986,1749436,1
884185,1749582,1
884188,174978,1
883990,1749942,1
884192,1750258,2
948231,175028,1
884125,1750303,1
884127,175044,1
884132,175114,1
952426,1751317,1
884304,1751370,1
884307,1752060,1
884205,1752111,1
884138,175212,1
884309,1752146,1
884206,1752147,1
884208,1752502,1
884230,1752931,2
884451,1752974,1
959952,1753035,1
884233,1753355,1
884215,175342,1
884235,1753490,1
884456,1753612,1
884321,1753832,1
884218,175385,1
884323,175399,1
884324,1754048,1
884375,1754059,1
884241,1754103,1
951837,1754125,1
884243,1754402,1
884327,1754411,1
884332,1755118,1
884472,1755660,1
884474,1755921,1
884340,1756175,1
950558,1756944,1
884481,1756998,1
955172,1757191,1
884263,1757211,1
884398,1757282,1
952632,1757443,1
884484,1757584,1
959101,1758303,1
884405,1758334,1
884490,175835,1
949197,1759067,1
952710,1759184,1
884361,1759209,1
884278,1759367,1
884281,1759725,1
884366,1759889,1
948247,176011,1
884503,1760138,1
884369,1760304,1
884421,1760446,1
884427,1761311,1
884431,1761837,1
884434,176208,1
884533,1762621,1
884693,1762760,1
884438,1762819,1
955143,1762989,1
884699,1763343,1
884541,1763552,1
884701,1763610,2
884542,1763823,1
951641,1763859,1
884703,1763939,1
884764,176395,1
950723,1763968,1
884544,1763983,1
949160,1764699,1
884768,1764736,1
959243,1765364,1
884551,1765412,1
884772,1765559,1
950578,1765804,1
884610,1765816,1
884714,1766053,1
884614,176645,1
884717,1766487,1
955448,1766574,1
884780,1766800,1
884720,1766825,1
884722,1766975,1
884620,1767002,1
884785,1767379,1
884726,176754,1
884567,176770,1
884727,1767734,1
952013,1768482,1
884794,1768742,1
884632,1768852,1
884736,176904,1
884740,176958,1
884742,1769827,1
884744,1770093,2
884745,177026,1
884806,17703,2
884644,1770363,1
884645,1770488,1
884808,177059,1
884588,177064,1
884811,177104,1
884812,1771187,1
948257,1771228,1
884650,1771248,1
884816,17718,1
884817,17720,1
884599,177221,2
884912,1772231,1
884915,1772652,1
884834,1772928,1
955469,1773119,1
959552,1773141,1
884825,1773196,1
884836,1773243,1
884920,1773441,1
884828,177362,1
884926,1774105,1
884845,1774194,1
885065,177437,1
885066,1774516,1
884930,1774568,2
884675,1774572,1
885067,1774607,1
885068,1774703,1
884849,1774732,1
885071,1775150,1
946281,1775410,1
885073,1775614,1
884854,1775618,1
884989,177573,1
884938,1775917,1
885075,1776043,1
884856,1776049,1
884857,1776145,1
884942,1776394,1
884861,1776638,1
884944,1776728,1
885082,1776829,1
958956,1776938,1
884999,1777037,1
885084,1777139,1
884866,1777390,1
884948,1777422,1
885086,1777435,1
884867,1777541,1
885087,177776,1
884871,1778535,1
885006,1778580,1
884955,1779032,1
885009,1779320,1
885013,1780714,1
959846,1780793,1
884879,1780968,1
884962,1781364,1
956778,1781462,1
953404,1781990,1
945987,1782604,2
885022,178263,1
884972,17829,2
884891,1783293,1
954036,1783318,1
945443,1783537,1
885113,1783833,1
948273,1783950,1
884898,1784542,1
885118,1784677,1
884899,1784684,1
885033,1784718,1
959217,1784781,1
950179,782298,1
938830,782310,1
937452,782417,1
937077,782567,1
938837,782615,1
909593,782637,1
938838,782714,1
903621,782884,1
927913,782926,2
922221,783355,1
920527,783399,1
938893,783400,1
938802,783472,1
938803,783551,1
930713,783587,1
938892,783705,1
926721,783726,1
927708,783780,1
946553,783857,1
934028,784025,2
938990,784037,2
925408,784105,3
928237,784140,1
929223,784306,1
938398,784313,1
923229,784321,1
955508,784338,1
938908,784366,1
938945,784409,1
937279,784992,2
953945,785019,1
900414,785050,1
904859,785110,1
933795,785154,1
927921,785231,1
949798,785282,1
947694,78530,1
930053,785348,2
902878,785574,1
953856,785579,1
937158,785644,1
900216,785807,2
939056,785821,1
939057,785882,1
938958,785906,1
921056,785944,1
939060,785947,2
926705,786128,1
939004,786218,1
920007,786248,1
938930,786278,1
929520,786288,1
939066,786301,1
926077,786332,1
938963,786389,1
946577,786469,1
954617,786538,1
914935,786610,1
939010,786660,1
929433,786755,2
959558,787083,1
937239,787109,2
939080,787172,1
954975,787198,1
939081,787285,1
936059,787330,2
919999,787348,1
939019,787399,2
921380,787408,1
903053,787418,2
939085,787450,1
902505,787460,2
896023,787507,1
909550,787609,1
911242,787630,1
939027,787639,1
952930,787644,1
938985,787730,1
939090,787810,1
938989,787829,1
939091,787844,1
939144,787860,1
916632,787874,1
924245,787876,1
914920,787994,1
914144,788006,1
931969,788013,1
902410,788063,3
903788,788198,1
939094,788229,2
950517,788423,1
939186,788434,2
932795,788485,1
939187,788524,1
937596,788557,1
939102,788730,1
937053,788738,2
927591,788742,2
920904,788774,1
928820,788793,1
926139,788812,1
949296,788958,1
939191,788966,1
939192,788991,1
896691,789064,1
910278,789185,2
939166,789226,1
927884,789245,1
913714,789302,1
939168,789378,1
919131,789486,1
928429,789549,1
939247,789613,1
901840,789631,1
938345,789653,1
931823,789802,1
939112,789813,1
920383,789848,1
927528,789883,2
925523,789905,1
938073,790038,1
939206,790059,1
925168,790151,1
939177,790258,1
907105,790347,1
936448,790371,1
939209,790506,2
948888,790525,1
931286,790532,1
939210,790604,2
939256,790613,1
939178,790631,1
919203,790704,1
924287,790729,1
928058,790818,1
953437,790906,1
922468,790965,1
939215,790991,2
939181,791189,1
939409,791520,1
931285,791526,1
920817,791820,2
939266,791833,2
939267,792092,1
938301,792128,3
939268,792289,2
911598,792388,1
926799,792466,2
918460,792503,1
932195,792667,1
928600,792671,3
926989,792716,1
850489,792723,3
931975,792771,1
907560,793083,1
923457,793133,1
938572,793201,1
924988,793286,1
933417,793420,1
915863,793748,1
904428,793819,1
908027,793916,1
939429,793935,1
939433,794125,1
939434,794137,1
898577,794298,1
939339,794325,1
933165,794444,2
909138,794667,1
912590,794788,2
898000,794794,1
903548,794807,2
939390,794882,2
850493,794985,1
900954,79501,1
850495,795075,1
919554,795100,2
895790,795141,1
850496,795181,1
927665,795211,2
936459,795384,1
947761,795450,1
939357,795558,1
939359,795570,2
939017,79561,1
939302,795866,1
908813,795917,1
939403,79597,1
922456,796064,1
939450,79610,1
939305,796104,1
945794,1784818,1
885120,1784891,1
884902,1785132,1
955371,1785146,1
885037,1785406,1
884986,1785633,1
885124,1785781,1
885039,1785874,1
885142,1785930,1
953056,1786096,1
885042,1786169,1
885043,1786323,1
885218,1786659,1
885220,1786900,1
885050,1787295,1
885228,178815,1
885376,1788918,1
885232,1788928,1
885377,1788960,1
947670,1789239,1
885380,1789542,1
885383,1789854,2
885171,1790221,1
959492,1790229,1
885301,1790230,1
885302,1790337,1
885303,1790356,1
885174,1790434,1
953193,1790775,1
949310,1790950,1
885247,179110,1
885306,1791200,1
885249,1791385,1
885309,1791592,1
885394,1791626,1
885251,1791633,1
885311,179177,1
885182,17919,1
885313,1792125,1
885398,179213,2
885314,179218,2
885315,1792287,1
885401,1792369,1
885259,1792530,1
885189,1792775,1
885319,17928,1
948252,1793011,1
885192,1793040,1
885410,1793918,1
885267,179395,1
951288,1794293,1
885271,179462,3
885200,1794658,1
949998,1794695,1
951870,1794906,1
885277,1795578,1
885423,1796106,1
947718,1796195,1
885209,1796267,1
885425,1796378,1
885213,1796833,1
885286,1796922,1
885345,1796931,1
885216,179699,1
885346,1796999,1
952346,1797092,1
885290,179778,1
885451,1797792,1
885350,1797891,2
885292,1798145,1
952634,1798455,1
959362,1798552,1
950360,1798614,1
885528,1798805,1
885457,1798845,1
885446,1799549,1
885362,1799599,1
949221,1799830,1
885364,1799869,1
950155,1800152,1
885467,180036,1
885684,1800440,1
953940,1800545,1
885371,180098,1
885604,1801287,1
885546,1801614,1
885693,1801658,1
885548,1801922,1
885551,1802623,1
885481,1802657,1
885612,1802763,1
885701,1803111,1
945447,1803412,1
951253,1803596,1
885619,180391,1
885620,180404,1
951566,1804625,1
885710,180466,1
885626,1804885,1
885567,180494,1
885713,180511,1
885714,180515,1
885570,1805195,1
885571,1805298,1
885572,1805409,1
885503,1805435,1
885633,1805470,1
885722,1805766,1
885637,1805808,1
885578,1805983,1
885639,1806017,1
885510,1806055,1
885727,1806382,1
885642,180647,1
885582,1806599,1
953134,1806846,1
885730,180688,2
885517,1807228,1
885648,180747,1
885734,1807554,1
885649,180761,3
885592,1808180,1
885740,1808285,1
885658,1808710,1
885599,1808720,1
885661,180884,1
958371,1809102,1
885840,1809127,1
885757,1809343,1
885759,180953,1
885846,180982,1
885671,1810081,1
885849,1810130,1
885850,1810210,1
885673,1810345,1
885674,1810402,1
885767,1810459,1
949238,1810807,1
885768,1810817,1
885677,1810942,1
885681,18115,1
945828,1811599,1
885989,1811771,1
885859,1811857,1
946651,1812350,1
952790,1812508,1
885929,181291,3
885868,1813148,1
885999,1813207,1
885869,181331,1
886000,1813360,1
946358,1813445,1
951935,1813501,1
885870,181352,2
954790,1813520,1
886001,1813531,1
885786,1813647,1
886003,181387,1
885937,1814275,1
885790,1814314,1
885939,1814695,1
885792,181472,1
886008,1814893,1
885940,1815010,1
886010,181540,1
886014,1816088,1
885800,1816439,1
954253,1816453,1
949272,1816597,1
885948,1816636,1
885801,1816638,1
886017,1816709,1
885950,1816940,1
885888,181706,2
885804,1817130,1
885889,1817159,1
952557,1817253,1
939451,796257,2
938197,796283,2
924840,796511,1
929803,796533,1
923985,796637,1
925009,796764,1
924148,796881,1
920923,797047,1
919133,797092,1
939495,797183,1
930363,797236,1
934522,797246,1
937785,797255,1
899654,797302,2
939545,797388,1
919940,797448,1
932369,797488,2
958298,797829,1
946066,797857,1
939501,797884,1
939590,797905,1
897583,797942,1
939591,798032,1
939464,798089,1
939465,798112,1
925999,798133,1
850497,798286,2
922504,798359,2
939509,798461,2
937768,798477,1
935678,798632,1
919202,79866,1
913833,798778,1
936142,798894,1
926526,799068,1
938230,799119,1
935611,799165,1
918262,799187,1
927346,799211,1
933358,799221,1
939519,799333,1
930075,799363,1
939608,799379,1
920980,799453,1
916004,799559,1
920712,799700,4
937223,799741,1
939486,79977,1
939614,799814,1
939566,79988,1
925072,799911,1
939383,799947,1
939567,800010,1
906763,800046,1
939527,800122,1
908140,800162,1
939491,800241,1
931852,800349,1
949881,800360,1
939152,800379,1
939639,800463,1
922102,800484,1
939641,800520,1
929455,800580,1
939642,800640,1
939573,800662,1
938784,800704,1
939539,800858,2
939685,800911,1
939649,800921,1
939650,800973,1
908263,801041,1
916395,801065,2
937590,801140,1
906017,801196,1
850500,80121,1
939728,801277,1
928928,801425,1
925248,801500,1
899884,801571,1
930755,801671,1
903516,801707,1
939664,801831,1
939819,801853,1
939743,801870,1
903426,801892,1
919979,801962,1
921141,801965,1
945585,801981,2
939667,802042,1
939668,802135,1
930877,802233,1
923606,802269,1
939756,802314,1
932371,802330,1
936756,802435,1
939827,802470,1
927845,802599,2
918910,802600,2
939828,802628,1
910662,80265,1
951520,802669,1
934243,802679,1
928967,802681,3
938731,802694,1
928971,802771,1
939709,802796,1
928011,802800,1
939835,802953,1
939711,802997,1
934180,803047,1
850502,80306,3
939839,803127,1
926165,803132,1
939774,803183,1
908284,803226,2
928922,803255,1
925793,803330,2
952363,803340,1
948885,803345,1
907476,803354,1
939767,803391,2
927967,803404,1
954178,803433,1
936201,803460,1
921172,803493,1
927923,803526,2
934262,803530,1
918748,803577,1
910428,803581,1
923709,803591,1
913990,803853,1
924109,803880,1
939907,803903,1
939782,803911,1
937333,803914,1
939909,803916,1
928707,803954,1
939910,803995,1
939856,803999,1
937916,804051,3
932105,804069,2
958326,804107,1
909786,804135,1
939955,804160,1
950757,804195,1
947377,804200,1
924175,804270,1
939786,804271,1
945269,804356,1
904576,804391,1
908230,804394,1
939864,804445,1
909728,804459,1
923294,804653,1
907893,804717,2
924747,804779,2
939794,804939,1
905632,805016,1
939964,805057,1
923808,805095,1
946201,805132,1
939965,805140,1
939879,805158,2
936265,805194,1
915778,805218,3
897010,805242,1
939927,805311,1
956750,805319,1
923676,805323,1
920681,805344,3
927622,805397,1
926753,805494,1
897659,805501,2
939804,805519,1
928145,805567,1
937967,805580,1
939807,805602,1
898321,805607,1
934354,805609,1
928550,805670,1
952002,805716,1
939977,805727,1
923430,805752,2
929446,805781,1
908315,805920,1
939980,806053,1
908390,806089,1
939893,806119,2
946658,806190,1
929738,806212,1
886021,181760,1
886022,181788,1
885954,1817895,1
885808,1818115,1
885893,1818116,1
885956,1818223,1
885894,1818381,1
886026,1818658,1
885812,1818928,1
885960,18190,1
885817,1819905,1
950269,1820036,1
885818,1820213,1
886034,1820222,1
885904,1820352,1
886035,182036,2
885820,1820598,1
885969,182072,1
885907,1820845,1
886040,1821229,1
952884,1821466,1
949097,1821513,1
958906,1821573,1
886044,1823321,1
885977,182372,1
885980,182452,3
886148,1827875,1
945448,1827996,1
885987,182818,2
886080,1828856,1
886059,183010,1
945848,183015,1
886154,183032,3
886061,1830546,1
886090,1831401,1
886163,1831730,1
886224,183199,1
886165,1832197,1
886095,183249,2
886226,1832490,1
950707,1832495,1
886312,1832555,1
886313,1832664,1
886097,1832745,1
886230,183328,1
959231,1833303,1
886172,1833409,1
946918,1834462,1
886105,1834867,1
886322,183515,1
947153,1835173,1
886106,1835175,1
945519,1835196,1
886178,1835239,1
886179,1835584,1
886180,1835715,1
886109,1835752,1
886240,1835753,1
886111,1836204,1
886328,1836572,1
957066,1836720,1
886329,1836808,1
950662,1837076,1
946038,1837170,1
886119,1838212,1
886191,1838259,1
886120,1838261,1
886193,1838635,1
886194,1838708,1
886124,183891,1
886256,1839024,1
955548,1839521,1
886347,183973,2
886262,1839878,1
952779,1839970,1
886263,1840050,1
886349,1840105,1
886268,1841006,1
886354,1841019,1
886139,1841404,1
886211,1841437,1
886358,1841717,1
886215,1841860,1
946843,1841998,1
886217,184208,2
945365,1842145,1
886375,184225,1
886218,1842403,1
950292,1842448,1
886365,1842501,2
886377,1842596,1
949928,1842829,1
886449,184290,2
886450,1843073,1
886287,1843445,1
886605,1843829,1
886608,1844273,1
886392,1844645,1
886463,1844771,1
886394,1844808,1
886395,18449,1
886465,1844961,1
886396,1845009,1
886526,1845037,1
886398,184538,1
886618,184615,1
886622,184784,1
886624,184838,1
886476,184841,1
886406,184846,1
886537,184847,1
886625,184851,1
886409,1848788,1
886410,1848909,1
958365,1848951,1
886629,1848988,1
886481,1849104,1
886630,1849202,1
950065,1849283,1
950185,1850050,1
886548,185023,1
886637,185046,2
886639,1850650,1
886640,1850714,1
886555,185096,1
886424,1850969,1
948292,1851298,1
886427,1851381,1
945994,1851545,1
886430,1851583,1
886501,1851623,1
954137,1851693,1
886503,1851770,1
886654,1851919,1
886505,185195,1
886506,1852058,1
886438,1852278,1
886570,185229,1
886658,1852319,1
886509,1852335,1
886440,1852432,1
886660,185244,1
952831,1852479,1
886574,1852557,1
886663,185269,1
886515,1852840,1
886516,1852977,1
886518,185316,3
886580,1853256,1
959581,1853298,1
886520,18534,1
945325,1853700,1
886762,1853760,1
946301,1853780,1
886673,185415,1
886680,1854291,1
886676,1854511,1
886768,1854756,1
886684,1854855,1
886591,1854889,1
886685,1854944,1
886592,18550,1
886913,1855075,1
886917,1855572,1
951314,1855848,1
886918,1855877,1
886777,1855897,1
886779,1856058,1
886781,185630,1
886835,1856309,1
886782,1856442,1
886836,1856452,1
886698,18566,1
949112,1856665,1
886699,1856755,1
886926,1856843,1
886839,185695,1
886840,1857103,1
851609,1857176,1
886705,1857576,1
886791,1857785,1
886708,1857836,1
886709,1857884,1
953494,1858017,1
886940,185855,2
886714,1858551,1
948294,1858806,1
886855,1858859,1
886943,1858860,1
886801,1858909,1
886802,1859077,1
886946,1859310,1
948304,1859633,1
886807,1859688,1
886953,1860150,1
886811,1860195,1
886954,1860224,1
886812,1860314,1
886867,1860331,1
952351,1860475,1
949096,1860505,1
886956,1860516,1
886730,1860519,1
886957,1860538,1
954999,1860551,1
886871,1860748,1
951381,1861121,1
886873,1861184,1
886735,1861197,1
886874,1861214,1
886875,1861351,1
886738,1861406,1
886965,1861474,1
954186,1861514,1
886739,1861527,1
886824,1861600,1
886741,1861677,1
886880,1861792,1
886826,1861800,1
886969,186183,1
952997,1861839,1
886970,1861953,1
886829,1862278,1
953615,1862330,1
886972,1862336,1
886746,1862340,1
886886,1862470,1
886975,186257,1
951750,1862703,1
886888,1862732,1
886977,1862774,1
886890,1862842,1
887068,1862861,1
887070,1863041,1
886893,1863053,1
887071,1863123,1
886894,1863155,1
886983,186323,2
886991,1863430,1
886994,1863606,1
887079,1863620,1
887081,1863863,1
886905,1863936,1
886998,186397,2
952871,1864200,1
887230,1864207,1
887002,1864366,1
887232,1864399,1
887144,1864430,1
949459,1865275,1
887011,1865280,1
887152,1865348,1
887242,1865427,1
887013,1865435,1
887243,1865510,1
887014,1865514,1
953596,1865687,1
887101,1865791,1
887157,18658,1
887102,1865866,1
887105,1866115,1
887024,1866477,1
887254,1866506,1
887025,1866511,1
952564,1866764,1
887029,186694,3
953645,1867415,1
887175,1867572,1
887264,1867594,1
887176,1867733,1
887265,1867739,1
887266,1867882,1
887039,1867978,1
887180,1867999,1
950669,1868008,1
952823,1868022,1
887182,1868511,1
951896,1868515,1
887127,1868566,1
887276,1868922,1
887277,1868992,1
887195,186937,1
887140,1869478,1
887141,1869540,1
887286,1869644,1
953726,1869743,1
887287,1869757,1
887379,1869854,1
887060,186990,2
887380,1870017,1
887201,1870021,1
887063,1870384,1
954876,1870738,1
950469,1870773,1
887209,1870998,1
946341,1871004,1
887211,1871176,1
887535,1871195,1
887391,1871245,1
948280,1871353,1
887214,1871460,1
887215,1871556,1
887540,187168,1
887397,1871864,1
887398,1872,2
887219,1872046,1
950463,1872047,1
887543,1872049,1
887313,1872056,1
887400,187217,1
887221,1872262,1
887457,1872434,1
887458,187254,1
887320,1872765,1
954644,1872773,1
887553,1873131,1
948283,1873264,1
887464,1873281,1
887324,1873302,1
887328,1873577,1
887331,1873948,1
950041,1874036,1
887473,1874047,1
887419,1874099,1
950946,1874180,1
887420,1874191,1
887422,187448,1
887479,1874668,1
887425,1874842,1
950117,1874955,1
887427,1875006,1
887483,1875011,1
887484,1875199,1
887576,1875495,1
887346,1875501,1
887577,1875581,1
887347,187559,1
887433,1875739,1
887434,1875814,1
887580,187597,1
887491,1876012,1
887351,1876082,1
887494,187635,1
887584,1876351,1
887355,1876551,1
887357,1876754,1
887442,1876767,1
887358,1876783,1
887443,187682,2
955218,1876858,1
952875,1876930,1
950638,1877108,1
887363,1877340,1
887364,1877512,1
903057,806261,1
923337,806418,1
926108,806486,1
939993,806639,1
945889,806714,1
940085,806908,1
940087,807012,1
940139,807014,1
939999,807146,1
940141,807182,1
924237,807187,1
919094,807260,1
937980,807281,1
940042,807282,1
940044,807385,1
920610,807486,2
903059,807500,1
911434,807597,2
925353,807660,2
945886,807799,1
913872,807881,2
940047,807923,1
896484,807940,1
906706,808038,2
907194,808195,2
939982,808273,1
895692,808467,1
920621,808471,2
920541,808595,1
940058,808645,1
939142,808739,1
926097,808804,1
916033,808913,1
958481,808984,1
931867,808986,1
850506,809105,2
936598,809160,1
926049,80922,1
899158,809265,1
897152,809310,2
923611,809565,1
850507,809606,1
945984,809660,1
940121,809683,1
940161,809775,1
931738,809838,1
940168,80993,1
850509,809978,1
940171,809979,1
940079,810026,1
940173,810086,1
940174,810133,1
901317,810423,2
927051,810439,1
938716,810476,1
909725,810535,1
940178,810616,2
920362,810708,1
908596,810925,2
940265,811049,1
926788,81120,1
937931,811221,1
920769,811571,1
940277,811602,1
953318,811666,1
949416,811731,1
949817,811801,1
927077,812148,2
919179,812157,2
940282,812189,1
936990,812223,1
935938,812231,1
912259,812266,1
940286,812284,1
904287,812299,2
921243,812304,1
956730,812318,1
947172,812406,2
940288,812413,1
913747,812555,1
924521,812883,1
940340,812885,1
952026,813011,1
946691,813025,1
940197,813073,1
940237,813081,1
940346,813314,1
924129,813321,1
937373,813327,1
923934,813363,1
940302,813433,1
919059,81346,1
938585,813475,2
912841,813563,2
949482,813564,1
940305,813651,1
927295,813661,1
934166,813823,1
939331,813871,1
940310,813883,1
931267,813990,1
940353,814038,1
953429,814265,1
920191,814332,1
951659,814355,1
910803,81438,1
925804,814391,2
924277,814562,2
922953,814581,1
940366,814591,2
938045,814767,1
952034,814793,1
929965,814851,2
920907,814935,1
955536,814955,1
940413,814957,1
930880,815048,2
940371,815277,1
930513,815305,1
920160,815320,1
940502,815325,1
940459,815364,2
940373,815435,1
931277,815570,1
950588,815604,1
905443,815623,1
940419,815727,1
940510,815794,1
910916,815969,1
958949,815991,1
910482,816017,1
940517,816089,1
928560,816165,1
940467,816199,1
904352,816213,1
898937,816300,2
926118,816311,1
912303,81642,1
900546,816427,1
940432,81655,1
919611,816582,2
920120,817129,1
930794,817191,2
928366,817213,2
900935,817634,1
940025,81764,2
953560,817652,1
918895,817700,1
940549,817738,1
927268,817791,1
934257,817870,1
940489,817874,1
940490,817888,1
940491,817948,2
898024,818038,2
927173,818098,2
904914,818100,1
949467,818109,1
908663,818307,1
940494,818418,2
923446,818485,2
940604,818679,3
937494,818864,1
940639,818869,1
908848,818871,1
931854,818912,1
923321,818937,2
917860,818962,1
910172,819101,1
940644,819172,1
940570,819402,1
953415,819458,1
920905,819557,1
906215,819836,2
938258,8199,1
918060,819904,3
927819,820256,1
922088,820379,3
927529,820390,2
951306,820421,1
906551,820524,1
940691,820665,2
918784,820731,1
937712,820738,1
936809,820745,2
940692,820801,1
923658,820942,4
905930,8210,2
940629,821010,1
940661,821019,1
923523,821147,1
932598,821273,2
887505,1877530,1
887450,1877570,1
887367,1877835,1
887597,1877945,1
887510,1878108,1
887371,1878222,1
950408,1878346,1
945700,1878418,1
948287,1878435,1
887693,1878509,1
887375,1878530,1
887376,1878605,1
887612,1878803,1
887699,1878916,1
954334,1879117,1
946310,1879147,1
887846,1879276,1
887703,1879307,1
887619,1879525,1
887849,1879575,1
887851,1879850,1
887530,1879878,1
887853,1879916,1
955020,1879958,1
953982,1879974,1
887532,1880027,1
887625,1880091,1
948299,1880160,1
887628,1880272,1
887858,1880359,1
950992,1880405,1
946802,1880422,1
955107,1880507,1
887771,1880509,1
949304,1880525,1
948301,1880530,1
959323,1880560,1
887773,1880611,1
948302,1880618,1
887862,1880621,1
887633,1880643,1
887863,1880818,1
887634,1880840,1
887721,1880986,1
887636,1881015,1
945357,1881095,1
887638,188126,1
887729,1881661,1
887785,1881776,1
887645,1881797,1
945628,1881989,1
887876,1882027,1
953992,1882200,1
945946,1882281,1
947217,1882470,1
887882,1882707,1
948347,1882719,1
887883,1882783,1
887655,1882913,1
887742,1882940,1
887797,1882966,1
887657,1882979,1
887798,188299,1
887658,1883093,1
887799,188313,1
887888,1883156,1
951443,1883172,1
945364,1883209,1
958532,1883430,1
887802,1883467,1
887748,1883564,1
887664,1883778,1
955512,1883854,1
887806,188388,2
948471,1883899,1
887666,188395,1
887667,1883994,1
948473,1884004,1
887753,1884053,1
887669,1884199,1
952545,1884334,1
887671,1884433,1
887672,1884533,1
887675,1884809,1
945555,1885095,1
948480,1885222,1
957274,1885238,1
948481,1885394,1
887908,1885434,1
887682,1885885,1
887823,188593,1
953827,1885974,1
953219,1886082,1
949826,1886280,1
948483,1886458,1
948484,1886485,1
954000,1886646,1
948487,1886650,1
946850,1886750,1
947783,1886839,1
947552,1886946,1
887689,1887074,1
887930,1887080,1
887830,1887153,1
952413,1887494,1
887831,188750,1
948501,1887596,1
947788,1887706,1
953810,1887766,1
954194,1887848,1
952461,1887909,1
948507,1888027,1
950758,1888030,1
952980,1888051,1
954344,1888158,1
887921,188816,1
946015,1888166,1
948509,1888168,1
947241,1888224,1
945795,1888247,1
945470,1888353,1
887922,188839,1
945459,1888574,1
946131,1888732,1
945463,1888737,1
948515,1888961,1
947355,1888982,1
946924,1888991,1
946350,1889011,1
948518,1889167,1
953434,1889313,1
948522,1889469,1
947816,1889763,1
945906,1889768,1
951144,1889830,1
954575,1889864,1
948530,1889887,1
946626,1889955,1
947272,1890035,1
946879,1890046,1
953293,1890389,1
955524,1890509,1
948539,1890565,1
945808,1890619,1
946042,1890635,1
887836,189079,1
946257,1890858,1
887937,189107,1
948548,1891096,1
954322,1891186,1
948552,1891222,1
887938,189145,1
948559,1891516,1
954135,1891592,1
948564,1891779,1
947071,1891846,1
948576,1892371,1
949820,1892461,1
946655,1892494,1
948578,1892527,1
948579,1892547,1
946246,1892551,1
946251,1892552,1
949861,1892603,1
948313,1892610,1
949665,1892642,1
948315,1892647,1
948316,1892660,1
948317,1892673,1
947618,1892822,1
950567,1892897,1
950577,1892963,1
951538,1893132,1
949144,1893173,1
954106,1893332,1
928596,821324,1
940594,821383,1
934205,821538,1
939726,821560,1
940666,821634,2
940704,821638,1
940706,821700,2
939754,821834,1
931539,821903,1
940321,822015,1
929850,822027,1
939214,822030,2
940670,822035,1
959725,822053,1
932362,822167,1
922749,822236,2
926927,822368,1
931704,822379,1
940714,822651,1
948928,822848,1
940827,822860,1
940750,822879,1
936345,822886,1
940829,822996,1
928573,823004,2
940752,823005,1
940830,823087,1
940719,823112,1
925441,823138,2
940833,823212,1
940564,823222,1
951610,823235,1
940754,823292,1
939936,823409,1
940837,823482,1
932574,823567,1
937408,823568,1
926367,823674,1
935425,823723,1
904362,823849,3
938846,823883,1
940761,823961,4
920753,824163,1
940730,824226,1
933403,824268,1
930231,824291,1
940732,824388,1
940733,824446,1
940439,824634,1
900417,824784,1
940738,824814,1
940350,824864,1
936101,824911,1
945743,824951,2
910872,824969,2
940742,825167,1
939252,825296,4
940745,825394,2
940776,825465,2
895963,825502,1
921231,825529,1
940913,825619,1
905582,825652,1
850519,825662,1
949823,825725,1
940779,825764,1
940862,825854,1
915630,825864,1
947011,825872,1
932316,825939,1
940915,825948,3
925113,826106,1
935115,826148,1
940866,826161,1
900389,826223,1
923009,826230,1
909861,826558,1
940923,826663,1
954823,826772,1
925987,826781,1
902620,826810,1
940962,826858,1
940926,827190,1
923489,827336,1
940881,827337,1
940967,827598,1
940929,827662,1
923483,827673,2
922072,827722,1
927315,827737,2
945925,827953,1
928712,827975,1
940975,82805,1
940931,828068,1
941055,828074,1
940977,828158,1
940932,828202,1
940891,828297,1
897014,828318,1
940935,828348,1
940981,82842,2
932575,828575,1
918287,828672,1
938699,828722,1
940987,828802,2
930059,828841,1
911323,828878,2
940897,828949,1
924759,829292,2
932988,829372,1
928050,829471,1
936713,829538,1
946792,829842,1
958999,829888,1
898316,829912,1
911735,829942,1
938706,830002,1
923872,830040,2
908290,830092,1
928968,830117,1
922880,830129,2
923894,830185,1
909875,830213,1
936105,830216,1
925772,830279,1
938223,830283,1
907934,830361,1
941092,830556,2
920269,830789,1
954510,830851,1
902557,831021,1
940976,831116,1
907436,831404,2
941095,831414,1
919876,831443,1
929986,831469,1
940185,831646,1
941129,831890,1
945739,83199,1
915874,832128,1
913753,832232,1
935495,832275,1
941132,832530,1
941176,832950,1
922552,832971,1
941136,833137,1
941102,833210,1
941138,833390,2
924234,833606,2
941180,833923,1
951732,833998,1
908720,834131,1
921314,834153,1
937727,834255,1
925892,834354,1
950647,834423,1
941144,834615,1
936532,834652,1
931352,834963,1
941032,835257,1
941118,835332,2
941119,835407,1
924715,835868,1
895965,835875,1
941153,835903,2
897529,836030,1
935672,83605,1
936321,83609,1
906316,8361,1
941157,836185,1
926722,836318,1
897469,836777,1
954891,836796,1
941206,836872,1
921068,836936,2
916597,837011,1
941248,837031,1
949877,837170,1
949518,837291,1
939843,837394,1
901911,837421,1
941280,837428,1
927742,837562,1
935099,837565,1
902660,837852,1
936470,837913,1
937138,837948,1
941283,837984,1
941217,837985,1
903999,838023,1
905527,838137,2
946477,1893354,2
950967,1893440,1
949694,1893557,1
887839,189363,1
953687,1893630,1
948333,1893778,1
888003,189382,1
950035,1893868,1
952688,1893887,1
946567,1893902,1
954960,1893969,1
948340,1893974,1
947359,1894070,1
948364,1894074,1
952060,1894075,1
948366,1894194,1
953714,1894367,1
952365,1894436,1
888082,189444,1
951052,1894473,1
948378,1894667,1
948379,1894668,1
948380,1894691,1
948381,1894715,1
946767,1894769,1
946769,1894843,1
946734,1894901,1
946768,1894973,1
887840,189503,1
951775,1895209,1
953199,1895353,1
947253,1895386,1
947793,1895389,1
948389,1895418,1
948399,1895755,1
954536,1895877,1
953712,1896018,1
947213,1896075,1
948410,1896342,1
888085,189645,2
954920,1896470,1
947727,1896495,1
947485,1896667,1
954555,1896786,1
887944,189683,1
947477,1896888,1
948424,1896919,1
954051,1896997,1
959654,1897101,1
956763,1897104,1
948425,1897145,1
948429,1897230,1
955450,1897246,1
948436,1897428,1
887946,189748,1
954781,1897535,1
948441,1897558,1
949519,1897577,1
950426,1897637,1
947606,1898011,1
954502,1898143,1
952424,1898189,1
959737,1898195,1
954885,1898396,1
947668,1898400,1
851231,189841,2
957108,1898543,1
952349,1898648,1
947724,1898669,1
888012,18987,1
949199,1898711,1
950131,1898867,1
959515,1898874,1
953776,1898889,1
950544,1898996,2
959474,1899262,1
952741,1899302,1
951263,1899313,1
954818,1899401,1
947749,1899448,1
949974,1899497,1
951785,1899510,1
950013,1899527,1
952945,1899590,1
953718,1899611,1
954333,1899654,1
955041,1899670,1
950354,1899812,1
949314,1899813,1
954065,1899888,1
952827,1899975,1
888093,189998,1
954660,1900006,1
954014,1900077,1
954368,1900139,1
950062,1900191,1
950137,1900231,1
949773,1900277,1
953019,1900357,1
949837,1900514,1
953071,1900533,1
950364,1900549,1
953311,1900576,1
952158,1900582,1
888014,190061,1
953187,1900622,1
949791,1900700,1
954595,1900822,1
949648,1900836,1
954456,1900846,1
953143,1900854,1
954662,1900870,1
949445,1901029,1
951606,1901048,1
951409,1901055,1
949317,1901069,1
888015,190117,2
953348,1901171,1
953625,1901449,1
950562,1901546,1
949400,1901552,1
950556,1901578,1
955167,1901599,1
949785,1901637,1
949290,1901742,1
952421,1901869,1
953366,1901923,1
949629,1901927,1
951392,1902079,1
953103,1902080,1
954630,1902085,1
952911,1902108,1
951826,1902146,1
953932,1902316,1
958816,1902336,1
953629,1902503,1
887954,190252,1
954596,1902544,1
952907,1902576,1
950560,1902693,1
950535,1902719,1
953876,1902823,1
953281,1902824,1
953741,1902855,1
954165,1902917,1
949739,1902927,1
955196,1902951,1
949752,1902961,1
951963,1903063,1
949921,1903086,1
953432,1903298,1
954607,1903318,1
955034,1903334,1
953223,1903502,1
954716,1903504,1
949535,1903572,1
952795,1903604,1
953660,1903740,1
953957,1903777,1
949748,1903913,1
953752,1903918,1
951355,1903993,1
949830,1904142,1
954312,1904222,1
950128,1904224,1
951495,1904431,1
953604,1904441,1
950465,1904446,1
950552,1904572,1
950145,1904625,1
952908,1904916,1
950509,1904943,1
954883,1905008,1
955063,1905062,1
953506,1905065,1
919484,838323,1
941223,838503,2
899837,838564,1
941224,838658,1
923696,83885,1
941258,838960,1
920011,839113,1
940531,839240,2
958981,839358,1
941292,839433,1
934569,839486,1
850531,839559,1
939378,839619,1
939928,839711,1
926970,839740,1
941229,839771,1
941230,839912,1
908772,839917,1
920838,840035,1
953334,840212,1
908138,840236,2
941232,840259,1
904976,840344,1
918796,840593,1
941325,840656,1
948925,840748,1
932126,84088,1
940903,840895,1
931008,840926,1
934919,841047,1
941328,841120,1
941421,841208,2
917626,841224,1
920851,841408,3
902936,841490,2
919907,841714,1
941428,841797,1
941376,841806,1
926888,841830,1
938604,841920,1
941340,841928,1
941396,841941,1
937511,841963,1
920561,842097,2
940513,842131,1
918248,842144,1
916255,84215,2
911157,84218,1
926415,842297,1
941378,842349,1
941433,84260,1
925782,842678,1
903500,842681,1
941380,842711,1
941329,842721,1
941381,842761,1
941435,842809,1
922510,842851,1
941437,842921,1
922230,843036,1
909936,843130,1
934267,843216,1
941401,843225,2
941383,843261,1
905622,843393,1
937719,843652,1
924818,843689,1
941404,843741,1
934098,843774,1
931843,843862,1
906256,843942,1
914051,844297,1
926306,844310,1
897243,844336,1
936689,844339,1
936453,844382,1
903557,844488,1
931120,844571,1
934528,844641,1
919745,844678,1
941455,844736,1
946751,844743,1
931828,844795,2
941456,844797,1
950915,844967,1
941420,845193,1
941543,845199,1
895712,845256,1
900978,845666,1
901608,845725,1
918452,845870,1
941546,845876,1
900392,845947,1
941490,846079,1
915961,846138,1
924003,846182,1
930664,846255,1
938941,846256,1
930127,846267,1
941521,846314,1
941200,846375,1
940574,846479,2
939643,846609,1
959315,846646,1
923680,846675,1
903538,846910,1
939823,846937,1
903744,846951,2
939227,846983,1
941551,847042,1
922322,847207,1
922441,847289,2
951551,847327,1
941554,84734,1
933255,847363,1
904226,847407,2
912946,847427,2
936803,847552,1
932435,847598,1
897230,847667,1
941535,847690,2
941503,847782,1
929612,847799,1
941506,847840,2
950353,847930,1
931160,847974,1
927879,847989,1
923855,848021,2
941564,848022,1
949968,848026,1
939723,848072,2
906559,848112,1
941649,848135,1
899557,848138,1
939048,848182,1
941621,848189,1
922693,848227,1
926104,848243,1
921899,848260,2
959212,848295,1
850535,848455,1
948908,848467,1
934435,848528,1
912635,848540,2
937537,848646,1
941593,848679,1
929598,848681,1
938762,848693,1
948909,848731,1
935667,848799,1
933960,848826,1
941597,848849,1
945302,848924,2
931956,848931,1
950356,848961,1
941656,848977,1
928913,848984,2
939535,849006,1
935319,849024,1
937422,849026,1
918389,849028,1
928242,849080,1
941633,849189,2
935792,849206,1
925121,849229,1
933297,849275,1
941582,849319,1
927142,849358,2
902529,849372,1
897164,849379,1
926297,849404,1
938978,849443,2
929758,849558,1
934048,849570,1
941609,849628,1
940612,849638,1
909305,849726,1
941614,849741,1
930606,849820,1
935934,849838,2
941618,849919,2
916953,849941,1
921943,849960,1
946809,850019,1
918959,850063,1
939869,850118,1
934015,85012,1
915846,850135,1
923361,850208,2
939071,850225,1
933804,850242,1
950462,1905088,1
953727,1905104,1
954093,1905144,1
955061,1905262,1
955001,1905372,1
888102,190539,1
952802,1905459,1
954962,1905462,1
950358,1905538,1
954996,1905561,1
950024,1905672,1
955064,1905737,1
954426,1905745,1
953284,1905817,1
958838,1905964,1
954956,1905981,1
950279,1905985,1
949941,1906102,1
954731,1906162,1
952742,1906191,1
953760,1906314,1
953649,1906330,1
953232,1906377,1
950801,1906474,1
953379,1906666,1
951757,1906677,1
952928,1906718,1
888025,190684,1
951568,1906857,1
952470,1906915,1
954813,1906959,1
954899,1906964,1
954364,1907075,1
953109,1907307,1
953528,1907575,1
955066,1907617,1
954762,1907731,1
950506,1907819,1
959135,1907891,1
955050,1908027,1
951448,1908110,1
951769,1908160,1
952667,1908251,1
954640,1908277,1
950924,1908439,1
952876,1908514,1
951171,1908555,1
952366,1908570,1
952961,1908603,1
951311,1908630,1
851404,190866,1
953545,1908806,1
954517,1908838,1
951481,1908893,1
950705,1909015,1
951120,1909121,1
953901,1909141,1
954184,1909142,1
956831,1909167,1
954111,1909282,1
950566,1909366,1
950565,1909370,1
952947,1909403,1
953577,1909425,1
888110,19095,1
954774,1909523,1
953110,1909545,1
955016,1909593,1
952255,1909995,1
954268,1910000,1
953571,1910026,1
954338,1910133,1
951040,1910140,1
951518,1910217,1
954900,1910223,1
954906,1910229,1
952670,1910452,1
959047,1910529,1
952177,1910623,1
954987,1910769,1
953117,1910785,1
950971,1910830,1
952594,1910847,1
950974,1910848,1
953703,1911015,1
954258,1911172,1
953376,1911327,1
952369,1911354,1
888174,19114,1
952877,1911578,1
953036,1911597,1
951531,1911601,1
954901,1911613,1
953637,1911640,1
887969,19117,1
952754,1911768,1
954087,1911797,1
957123,1911930,1
954008,1912011,1
954598,1912109,1
951532,1912127,1
954238,1912209,1
955018,1912210,1
951808,1912358,1
951188,1912374,1
888035,191243,1
953216,1912482,1
954615,1912771,1
958654,1912785,1
954444,1912802,1
952340,1912810,1
951603,1912928,1
955215,1912986,1
954143,1913023,1
959380,1913040,1
951629,1913042,1
888116,191311,1
953021,1913190,1
951438,1913191,1
951386,1913292,1
888178,19133,1
951405,1913311,1
951413,1913342,1
953001,1913483,1
951449,1913499,1
951835,1913551,1
951373,1913578,1
951417,1913606,1
888179,19137,3
951428,1913703,1
951402,1913852,1
951596,1913853,1
951593,1913889,1
952232,1913963,1
951611,1914010,1
953300,1914030,1
959174,1914342,1
953251,1914384,1
954509,1914385,1
951976,1914465,1
954487,1914733,1
953118,1914735,1
956980,1914850,1
955011,1914863,1
954826,1914889,1
955004,1914897,1
951919,1914935,1
953623,1914984,1
957124,1915065,1
954457,1915073,1
954436,1915186,1
954453,1915209,1
954157,1915224,1
953363,1915272,1
953931,1915360,1
953842,1915535,1
953088,1915562,1
953502,1915571,1
953781,1915575,1
958446,1915723,1
952744,1915915,1
958611,1915934,1
953908,1915947,1
954267,1916168,1
953918,1916327,1
952418,1916334,1
953457,1916443,1
958821,1916498,1
954597,1916500,2
953527,1916723,1
952441,1916739,1
958536,1916943,1
888120,191708,1
954131,1917122,1
952355,1917253,1
936359,850265,1
923910,850283,1
947202,850292,1
910521,850359,1
922629,850561,1
923249,850582,3
920909,850584,2
919663,850609,1
932390,850632,1
941723,850644,1
950821,850713,1
936815,850764,2
895971,850782,1
941727,850876,1
929498,850899,1
914790,850911,2
921656,850934,2
948917,850974,1
949812,851002,1
950576,851032,1
923169,851033,1
919157,851111,1
938445,851142,1
941732,851195,1
914076,851257,1
958590,851314,1
908053,851401,1
929774,851407,3
923901,851498,1
911580,851504,1
909232,851528,1
922348,851540,1
947675,851552,1
937938,851577,1
940144,851647,1
895721,851681,1
932017,851735,1
935904,851756,2
930990,851769,1
902341,851840,1
951203,851852,1
929398,851908,1
896513,851928,1
904661,851941,1
941746,851968,2
911693,851978,1
935773,852030,1
908889,852038,3
924617,852064,1
940032,852101,1
941748,852105,1
941749,852112,1
903821,852115,1
931706,852128,1
949737,852141,1
940840,852149,1
941703,852154,2
922879,852174,1
918177,85223,1
932939,852258,2
918346,852267,1
921396,852299,3
925187,852302,1
946888,852336,1
919911,852400,1
927325,852454,1
938711,852529,1
941776,852569,1
941819,852592,1
933552,852611,1
941883,852614,1
950994,852641,1
941884,85267,1
921033,852688,2
941885,852702,1
927657,852705,1
941848,85271,1
935190,852764,1
927589,852791,1
920880,852825,1
941887,852859,2
929916,852875,1
898651,852899,1
938155,852924,2
946063,852932,1
951843,852958,1
941830,852992,1
914295,853005,1
941302,853049,2
938971,853138,1
850538,853188,1
932288,853270,1
924353,853285,1
932343,853303,1
907221,853445,2
937827,853461,2
937433,853517,3
941016,853663,1
940618,853700,1
941897,853714,1
926513,853769,1
941863,853854,1
931623,853855,1
918629,853937,1
941866,853973,1
941901,853986,1
915087,853994,1
933384,854076,1
923479,85408,2
941941,85409,1
933635,854281,2
941947,854355,1
941909,854378,1
928795,854441,2
901968,85447,2
941913,854530,1
940068,854555,1
917083,854653,1
934072,854663,2
920554,854707,1
941963,854812,1
941997,854885,3
901298,85491,1
902978,854928,2
924941,854935,3
927822,85506,2
948935,855233,1
923700,855279,1
905357,855353,1
930156,855360,1
921934,855364,1
905888,855382,2
936306,855396,1
942070,855515,1
941974,855539,1
922782,855549,1
902630,855563,2
938895,855615,1
925448,855690,2
941725,855717,1
942072,855753,1
954944,855795,1
953006,855819,1
948938,855915,1
942008,855919,1
942036,855923,1
906673,855956,2
930800,856021,2
938054,856101,1
907380,856172,3
942040,85624,1
937342,856241,1
948939,856287,1
896553,85633,1
942014,856406,1
925638,856407,3
926407,856456,1
935380,856510,1
904954,856659,1
934222,856731,1
942047,856739,1
942080,856761,1
928750,856807,1
895815,856819,2
901201,856931,2
899117,856968,1
897447,857008,1
940522,857071,1
935783,857213,1
910320,857292,2
903338,857332,1
921731,857357,1
899052,857534,1
948941,857742,1
920937,857862,1
924857,857886,1
935822,858218,1
937000,858346,1
948942,858365,1
907647,858393,1
932971,858486,2
918788,858487,2
945992,858774,2
934945,858775,1
942062,858786,1
942091,859006,1
942065,859132,1
923251,859465,3
924069,859791,1
946065,860054,1
924416,860055,1
954460,1917264,1
954035,1917309,1
954810,1917313,1
952906,1917340,1
952738,1917458,1
953303,1917480,1
959090,1917493,1
955529,1917495,1
954222,1917513,1
953896,1917567,1
954587,1917575,1
959111,1917908,1
959320,1918077,1
959623,1918086,1
953445,1918178,1
954879,1918268,1
957097,1918273,1
954784,1918354,1
956950,1918628,1
958461,1918877,1
958994,1918883,1
952833,1918905,1
959624,1918935,1
888185,191907,1
958581,1919075,1
959676,1919109,1
958460,1919125,1
958527,1919146,1
958910,1919148,1
888044,19192,2
958701,1919208,1
959617,1919393,1
958796,1919402,1
959289,1919403,1
955528,1919449,1
957289,1919473,1
959032,1919513,1
959045,1919534,1
956810,1919615,1
959628,1919616,1
958381,1919634,1
958458,1919786,1
888125,191983,2
959539,1920066,1
958425,1920083,1
959185,1920106,1
958486,1920284,1
956665,1920433,1
955430,1920504,1
888188,192052,1
958638,1920883,1
959409,1920935,1
955415,1920936,1
959754,1921105,1
959008,1921131,1
955238,1921185,1
888190,192127,1
959791,1921281,1
958773,1921403,1
959208,1921492,1
956624,1921592,1
958457,1921657,1
959133,1921791,1
959540,1921835,1
958463,1921964,1
956687,1922001,1
956964,1922088,1
959056,1922110,1
956785,1922138,1
958978,1922142,1
959062,1922222,1
956733,1922223,1
958992,1922228,1
959732,1922279,1
958535,1922290,1
958632,1922306,1
958572,1922345,1
959292,1922522,1
888131,192256,3
958426,1922582,1
958584,1922754,1
958633,1922855,1
956911,1922876,1
959768,1922979,1
958948,1923048,1
959088,1923085,1
957026,1923175,1
958620,1923232,1
959727,1923370,1
958748,1923378,1
958683,1923558,1
888194,192375,1
959545,1923792,1
958473,1923795,1
958621,1923799,1
888053,192386,1
956868,1923906,1
958574,1924187,1
958931,1924295,1
959666,1924361,1
958588,1924467,1
958738,1924475,1
958474,1924516,1
959840,1924540,1
958692,1924762,1
959487,1924806,1
958406,1924820,1
959335,1924874,1
959542,1925020,1
958744,1925041,1
959852,1925044,1
957275,1925054,1
959796,1925323,1
959458,1925418,1
959277,1925593,1
959735,1925772,1
888055,192599,1
959675,1926308,1
959729,1926456,1
959890,1926471,1
888197,192680,1
959919,1926892,1
959678,1926897,1
959483,1926899,1
959897,1927045,1
958682,1927183,1
959957,1927204,1
959459,1927401,1
958862,1927822,1
959947,1928132,1
887995,192965,1
887996,193095,1
888142,193351,1
888304,193380,1
945517,19350,1
888206,19353,1
888065,193568,1
888306,19359,1
888308,19369,1
888147,193707,3
888213,193983,1
888228,193997,1
888458,194389,2
888234,19454,1
888461,194731,3
888236,19474,1
888462,194834,1
888326,195218,3
888469,195327,1
888328,195383,3
888382,195389,1
888246,195522,1
888387,195795,1
888335,195845,1
888336,195914,1
888255,196283,1
888256,196332,1
888397,196565,1
888399,196741,2
888346,196784,3
888348,197017,1
888265,197060,1
888403,197130,1
888351,197332,1
888268,197402,1
888408,197615,1
888409,197679,1
888499,198021,1
888275,198125,1
888276,198193,1
888414,198216,2
888504,198379,1
959855,198386,1
888418,198435,1
888281,198497,2
888368,198764,1
888369,198818,1
888424,198895,1
888514,199149,1
925458,860143,1
939763,860175,1
918283,860375,1
923693,860666,1
942178,860823,1
935408,860877,1
911525,860927,1
937435,860976,1
942104,861005,1
921687,861296,2
940327,861317,1
926069,861337,1
924681,861408,1
906749,86149,1
952081,861578,1
900292,8616,1
933254,861751,1
942154,861779,2
938927,862024,1
925994,862290,1
952432,862373,1
900085,862591,1
942135,862690,1
925831,862799,1
902964,862962,2
942193,863009,1
934056,863013,1
939485,863044,1
916498,86307,1
941028,86321,2
942118,863310,1
942138,863313,1
942119,863355,1
850546,863430,2
921852,863488,1
939127,863516,1
915820,86352,1
942198,863541,1
927616,863673,1
936309,863785,1
896287,863789,2
900379,863806,1
925240,863989,1
921204,864022,1
903129,864134,1
959022,864199,1
935560,864219,1
940715,864239,1
942203,864299,1
902390,86432,1
945496,864406,1
928517,864451,1
931838,864482,1
903366,864505,1
938954,864510,1
919623,864519,1
922907,86456,3
937403,864573,1
942312,864606,1
947577,86469,1
910886,864726,1
920707,864737,1
902884,864912,1
925324,864974,1
914131,865022,1
930177,865070,1
942269,865250,1
932821,865349,1
938099,865413,1
905559,865439,1
927695,865533,1
934163,865643,2
922133,865705,1
850550,865804,2
922585,865923,1
958706,866068,1
932874,86621,2
942285,866255,2
911194,866339,1
920468,866380,1
908638,866450,1
928203,866591,2
850552,866598,1
942287,866634,2
940154,866655,1
941991,866751,1
942251,866763,2
910233,866783,1
947646,866893,1
942292,867008,1
942253,867073,1
936552,867302,1
927281,867413,1
942255,867421,1
923017,867542,1
906671,867690,1
946448,867763,1
918487,867932,1
942258,867943,2
921876,867955,1
953846,867985,1
942351,868058,1
942196,868371,1
942388,868389,1
942390,868578,1
850560,868585,2
920507,868818,1
924298,868881,1
940718,869044,1
940652,869109,1
928009,869114,1
929181,869143,1
942396,869214,1
924792,869227,1
942369,869293,1
930066,869301,1
942441,869325,1
925030,869362,1
902662,869394,1
850564,869440,1
850565,869442,1
945568,869454,2
935357,869481,1
942377,869610,1
941558,869616,1
913079,869638,1
920713,86974,1
850566,869769,1
904368,869774,1
910702,869786,1
937519,869828,1
942447,869921,1
902762,869941,1
917547,870118,1
942414,870234,1
917747,870236,2
942451,870417,1
920804,870527,1
926938,870975,1
927045,870998,1
946745,871104,1
919789,871173,1
946776,871174,1
930651,871482,1
945550,871488,1
908317,871709,2
933223,871971,2
920009,871975,1
942528,872018,1
928057,872209,2
911321,872352,2
930691,872434,1
942433,87244,1
933288,872531,1
942472,872644,1
937644,872688,2
919686,87271,1
925308,872775,1
907453,872777,1
942503,872826,1
931384,872864,2
942610,872924,1
927984,872976,1
931221,873025,1
929438,873041,1
942525,873149,1
920606,873155,1
916158,873450,1
956796,873571,1
942584,873579,1
926531,873611,1
924211,873655,2
935911,873693,1
902822,873706,2
941623,873770,1
931610,87378,1
904123,873859,1
919588,873941,1
941424,873981,2
959435,874004,1
942620,874023,1
920988,874051,1
921392,874055,1
933536,874101,2
942544,874275,1
958843,874341,1
850572,874352,1
906900,874433,3
952488,874532,1
930290,874580,2
926465,874618,1
888376,199388,1
888430,199414,1
888518,199420,1
958777,199583,1
888531,199594,2
888533,199788,1
888300,200124,1
888438,200264,1
888539,200400,1
888441,200432,1
888443,200724,1
888760,20075,2
888444,200782,1
888761,200799,1
888763,200861,1
888549,201052,1
888768,201150,1
888617,201153,1
888551,201166,1
888769,20119,1
888618,201197,1
888552,201208,1
888623,20142,1
888557,201427,1
888776,201471,2
888626,201508,1
888778,201544,1
888561,201559,2
888563,201699,1
888693,20174,1
888782,201744,1
888634,201923,1
888635,201982,1
946411,202060,1
888789,202172,1
888638,202173,1
888642,202432,1
888582,20295,1
888801,202981,1
888651,203115,1
888803,203231,1
888715,203273,1
888805,203390,1
888657,203615,1
888589,203623,1
888727,204198,1
888816,204199,1
888670,204652,1
888602,204674,1
888735,20483,1
888913,204967,1
888827,204991,1
888677,205038,1
888740,20507,1
888678,20512,1
888741,205138,1
888917,205155,1
888833,205288,1
888835,205533,2
888923,205674,2
888750,205813,1
888844,205921,1
889073,206028,1
889074,206117,1
888933,206262,1
889077,206302,2
888993,206649,1
889085,206912,1
888943,20703,1
888860,20708,1
889001,207130,1
888863,207247,1
888949,207325,1
949412,208054,1
889014,208076,1
888965,208503,1
889111,208691,1
888969,208921,1
946950,209053,1
888887,209171,1
888888,209258,1
889029,209277,1
888977,20956,2
889121,209648,1
888893,209787,1
888981,209941,2
889037,210012,1
888898,210123,2
888984,210175,1
888902,210468,1
889144,210741,2
889136,210781,1
889051,211153,1
889141,211323,1
889379,211865,1
889058,211935,2
889158,212088,1
889060,212100,1
889382,212104,1
889229,212236,1
889231,212415,1
889386,212462,1
889234,212632,1
959570,212656,1
889236,21286,2
889173,213416,1
889398,213636,1
889311,213797,1
954086,213860,1
889248,213876,2
889179,213902,1
889180,213975,1
889187,214453,1
889411,214520,1
889192,214661,1
889327,214687,1
889196,214894,1
889267,215198,1
889331,215204,1
889199,215237,1
889335,215491,1
889427,2156,1
889428,215662,1
889205,215684,1
889429,215706,1
889277,215849,1
889210,216113,1
889344,216169,1
889283,216288,1
889351,216658,1
889291,216971,1
949532,217002,1
889292,217016,2
889294,217298,3
889457,217433,3
889458,217513,1
889459,217634,1
889365,217865,1
889464,217978,1
951936,218148,1
889469,218261,1
948586,219480,1
889483,219513,1
889691,219544,1
889552,219618,3
889630,219664,1
889486,219715,1
889631,219806,1
850617,219897,2
889489,220004,1
948587,220057,1
889558,220137,1
954953,220154,1
889560,220228,1
889699,220233,1
889561,220281,1
889701,220396,1
889499,220603,1
889501,220734,1
889646,220809,1
889570,220934,1
889506,221077,1
850811,221079,1
889574,221176,1
889508,221179,1
889653,221210,1
889654,221268,1
889579,221427,3
889513,221440,1
889582,221631,1
889516,221643,1
889584,221771,2
889586,221923,1
889520,221944,1
889725,221963,1
889521,222021,1
889731,222418,1
889594,222484,1
889734,222542,1
889674,222546,1
889596,222580,1
889597,222614,1
889759,222643,2
889738,222883,1
889601,223040,1
889764,223195,1
889984,223241,1
889986,22341,1
889833,223437,3
889768,223559,1
889988,223648,2
940283,874651,1
911467,874659,1
929444,874668,2
942594,874699,1
899902,87472,1
905137,874727,1
942231,874826,1
942497,874917,1
942532,874955,1
905149,874984,1
927841,874991,1
896200,874997,1
899115,875032,1
942506,875102,1
942630,875267,2
911811,875268,1
942498,875277,1
942554,875363,1
921568,87545,1
922988,875469,1
939852,875534,1
850573,875617,1
942479,875631,1
924517,875637,2
904548,875680,1
941598,875818,1
949271,875933,1
942644,876065,1
922044,87610,2
931616,876189,1
942646,876242,2
922261,876302,1
914678,876431,1
932503,876479,1
942647,876495,1
946589,876507,1
933980,876566,1
910879,876574,2
942708,876589,2
933558,876598,1
926072,876637,1
921373,876696,1
906877,876705,1
926325,876764,1
920333,87689,1
926162,876988,1
928974,877001,1
936627,877043,1
928133,877192,1
939045,877360,2
931456,877368,1
907182,87737,1
952776,877387,1
900437,877727,1
954972,877790,1
959722,877911,1
905481,878003,1
949312,878093,1
950729,878141,1
923225,878152,1
939741,878168,1
950682,87817,1
901401,878173,2
911445,878200,1
911207,878205,2
937366,878395,3
942694,878421,1
924816,878445,1
939725,878495,1
850575,878793,1
935139,878856,1
942660,878902,1
921617,878962,1
911469,879006,1
924770,879020,1
921034,879181,2
929886,879245,2
899576,879418,1
931934,879433,1
940187,879638,1
907685,879676,1
945599,879728,1
942703,879838,1
939314,880054,1
942841,880099,1
940859,880210,2
920371,880391,3
907844,880495,1
914830,880506,1
939362,880577,1
942763,880827,1
937184,881024,1
936472,881116,1
898932,881331,1
938147,881350,1
909853,881398,1
934467,881584,1
938650,881586,1
953011,881636,1
925848,881692,1
920584,881969,1
955005,882018,1
936415,882051,1
936331,882067,1
929263,882110,1
940955,882114,1
929863,882175,2
907391,882270,1
941035,882566,1
942793,88271,1
899129,882744,1
942774,882768,1
933621,882845,1
926456,882951,1
942823,882959,1
933807,883397,1
942413,883439,1
936158,883694,1
928466,883845,1
928915,883903,1
942796,883936,1
936614,884333,1
942860,884376,1
942379,884472,1
933686,884684,1
942797,884986,1
950522,884994,1
942782,885028,2
931921,885100,1
922229,885352,1
952058,885373,1
929914,885390,1
932489,885599,2
912371,885879,1
918654,885907,1
942834,885937,1
926382,88601,1
942869,88610,2
940533,886105,1
931376,886173,2
958558,886181,1
941317,88620,1
925157,886425,1
942804,886566,1
942873,886570,1
941145,88678,1
929488,886891,1
904118,887028,1
936156,887069,1
942876,887122,1
936067,887881,1
920605,887927,1
950310,887929,1
904430,887998,1
942436,888063,1
941110,888117,1
941683,888151,1
897326,888325,1
942907,888385,1
938397,888490,1
942927,888642,1
942835,888716,1
938410,888728,2
919807,889004,2
916571,889026,1
942633,889054,1
940969,889102,3
942885,889182,1
956815,889318,1
939949,889335,1
938515,889397,1
899101,889947,2
902786,889957,1
942911,890013,1
930994,890021,1
913616,89013,1
919457,890263,1
927895,890336,1
926483,890362,1
921951,890493,2
922874,890646,1
942146,890659,1
933450,890891,1
929542,89099,1
938916,891226,1
903616,891525,1
942970,891543,1
909880,891703,1
914175,891770,1
936314,891776,1
943002,891937,2
889836,223825,1
889772,223979,1
889839,224097,1
889994,224384,1
889777,224688,1
889779,224862,1
890003,225489,1
889784,225548,1
851244,225713,1
889787,225949,1
890010,226167,1
889793,226343,1
889921,22635,1
889860,226371,2
890015,226573,1
889925,226596,2
946770,226693,1
889799,226736,1
890021,227050,1
889933,227185,1
890025,227255,2
889878,227751,1
889813,227761,1
889814,227829,1
889884,228272,1
889948,228334,1
889956,228977,1
890047,228986,1
889829,22900,1
889957,22903,1
889898,229329,2
890065,229650,1
890213,230038,1
890138,230186,1
890214,230189,1
890070,230205,1
890145,230491,1
945935,230522,1
890080,230755,1
890081,230786,2
890292,231037,1
890154,231040,1
890155,231076,1
890089,231367,1
890159,231533,1
890234,23154,1
890092,231580,1
890299,231609,1
890163,231675,2
890302,23170,1
890164,231709,1
890097,231899,1
890166,23193,1
890100,232102,1
890102,23238,1
890245,23240,1
890309,23248,2
890174,232584,1
890248,232608,2
890256,233250,2
890324,23346,1
890262,233514,1
890327,233730,1
948583,233881,1
890329,233887,1
890127,234202,1
890334,234375,2
890130,234476,1
890335,234483,1
851343,234612,2
890369,235695,2
890347,235699,1
890373,236136,1
890351,236152,2
890444,236404,1
890377,236430,1
890449,236715,1
959690,236770,1
890360,236780,2
890532,237143,1
890454,237197,1
890594,237228,2
890455,237298,1
890534,237333,1
890392,237541,2
890538,237595,1
890460,237612,1
890394,237783,1
890398,238010,1
890606,238200,1
890607,238309,1
890608,238416,1
890473,238763,2
890613,238836,1
890615,239006,1
890617,239258,1
890478,239314,1
890625,239806,2
890420,239879,1
890568,240031,1
890491,24004,1
890571,240275,1
890495,240325,1
890428,240330,1
890431,240527,1
890499,240570,2
890644,240984,1
890645,241034,1
890507,241203,2
890585,241233,1
890649,24131,2
890673,241517,1
890514,241651,1
890675,241654,1
890654,241656,2
890825,241908,1
890748,242394,1
890680,242401,2
890829,242434,1
890749,242440,2
890663,242540,1
890755,24302,1
890667,24310,1
890688,243194,1
890668,243201,1
890693,243635,2
890842,24368,2
890696,244230,1
890906,244290,1
890766,244604,1
890908,244726,1
890767,244764,1
890769,244928,1
890702,245110,1
890776,245654,1
890920,245767,1
890714,245930,1
890863,245946,1
890716,246054,2
890867,246175,1
890787,246186,1
890789,246265,2
890870,246326,1
890722,246346,1
890933,246391,2
890871,246402,1
890792,246412,1
890724,246421,1
890725,246532,1
890796,24666,1
890938,246789,1
890730,246874,1
890799,246894,1
890731,246938,2
890800,247020,1
959693,247284,1
890945,247309,1
890805,247376,1
890739,24752,1
890740,247540,1
951944,247749,1
890976,247839,1
890957,247921,1
950158,247922,1
890978,247947,1
890979,247970,1
959497,248005,1
891050,248113,1
890985,248212,1
891052,248241,2
891134,248319,1
890968,24837,1
890989,248404,1
891138,248503,1
890973,248701,1
890996,248992,1
891210,249146,1
891001,249169,1
891212,249319,1
891070,249341,3
891152,249419,1
891216,249578,1
891154,24961,1
891074,249626,1
891156,249717,1
891076,249771,1
891158,249937,1
891159,250033,1
891013,250159,1
891223,250176,2
891084,250477,2
934537,891967,1
931353,892017,1
934378,892218,1
943003,892308,1
942976,89231,1
932436,892328,1
950764,892690,1
928351,892709,1
910174,892711,2
923098,892716,1
940235,892766,1
956669,892822,1
943005,892859,1
924306,893171,1
910920,893190,1
934559,893249,1
903191,893282,1
943043,893324,1
929087,893613,1
937451,893641,1
918540,893944,2
949625,894048,1
943029,894158,1
917017,894276,2
955204,894377,1
926117,894616,1
922237,894731,1
930850,894884,1
942854,894944,1
941141,894994,1
941541,895389,1
912385,895527,1
902828,895587,1
927470,895617,1
938612,895742,1
943016,895780,1
952325,895791,1
943060,89591,1
949321,896025,1
904834,896054,1
927829,896185,1
943063,896314,1
924205,896710,2
946271,896827,1
956856,896884,1
906650,896924,1
903555,897069,1
935322,897127,1
943040,897184,1
914878,897239,2
941073,897243,1
926093,897255,1
924780,897337,1
959408,897355,1
942398,897625,1
935413,897888,1
938841,898146,1
934755,898154,1
900785,898166,1
959524,898396,1
929007,898458,1
943077,898475,1
952797,89854,1
937145,898591,3
909482,89868,1
911267,898852,1
931555,899016,1
942440,899040,1
929311,89923,2
943124,899240,1
898658,899246,1
943098,899263,1
936012,899330,1
943127,899495,1
913626,899612,1
954179,899644,1
914126,899873,2
932741,900107,1
941335,900173,1
850588,900228,1
942406,900230,1
932337,900251,2
939012,900311,1
943105,900351,1
927061,900411,1
936202,90050,2
938349,900532,1
933100,900632,1
943155,900705,1
938290,900752,1
923895,90126,1
936870,90165,1
956857,901791,1
941445,901817,1
943089,901904,2
925042,90207,1
909509,902121,1
938567,9022,2
912518,902598,1
943092,902612,1
929724,902684,1
920763,902831,1
942855,902834,1
907720,903031,2
910798,903047,1
927264,903087,3
923285,903097,1
950599,90326,1
918792,903292,1
950999,903644,1
954251,90388,1
937807,90391,1
899848,903991,1
935440,904116,1
916474,904167,1
896300,904183,1
926573,904191,1
930644,904294,2
936923,904482,1
902068,904573,1
956741,904814,1
946019,905059,1
943205,905066,1
915065,905194,1
910893,905230,1
941992,905348,2
922884,905355,2
896390,905362,1
942904,905414,1
921140,905678,1
941995,905688,1
900162,905715,1
932135,905725,1
948974,905736,1
948975,905935,1
940949,905939,2
940535,905952,1
941553,905967,1
903377,906096,1
904406,906119,1
942990,906125,1
924093,906154,1
915765,906192,2
903034,906228,1
943242,906238,3
949384,906305,1
933928,906315,1
904705,906348,1
913146,906359,2
953340,906366,1
910617,906414,2
915405,906424,1
943218,906490,1
930123,906615,1
933060,906799,1
955438,906867,1
911116,906977,1
920532,906994,1
943203,907151,1
929691,907211,1
907034,907270,1
921826,907298,2
898813,907312,2
943201,907491,1
918518,907494,1
943259,907540,1
919118,907583,1
940713,907608,1
942216,907666,1
940680,907670,1
942942,907726,1
926962,907766,1
938205,907898,1
931307,907930,1
921972,907960,1
925618,907972,1
903583,908010,1
928809,908042,1
928695,908109,1
952538,908125,1
943278,908145,1
925953,908156,1
952444,908199,1
943263,90846,1
908481,908478,1
905846,908486,3
900658,908498,1
930331,908499,1
914017,908530,1
921725,908596,1
937082,908678,2
931056,908788,2
943267,908861,1
939513,908872,1
923593,908912,1
942807,909125,1
942903,909128,1
922214,909140,1
938308,909223,1
938469,909277,1
921746,909293,1
943287,909363,1
927047,909430,1
938901,909613,2
943289,909651,1
936564,909661,1
914552,909782,1
929852,909797,1
904893,909872,3
930026,909880,1
923310,909957,1
914401,909984,1
932531,910040,1
943293,910073,1
923179,910096,1
936304,910120,1
940720,910222,1
942609,910228,1
943276,910234,1
935606,910315,2
941835,910351,1
907248,910456,1
929288,910502,1
918068,910694,1
952279,910726,1
943343,910754,2
954172,910757,1
938739,910961,1
921312,910988,1
901209,911109,2
952662,911184,1
927580,911208,1
950206,911238,1
943346,911386,1
922184,911416,1
898113,911420,1
918204,911421,2
922313,911496,1
900528,911563,1
924494,911637,1
943021,911664,1
922124,911731,1
940839,911781,1
936690,911819,1
943381,911881,2
943349,911946,1
939406,91195,1
943268,911976,1
932110,911981,1
920264,912010,1
903341,912053,2
934006,912110,2
940988,912146,2
956832,912178,1
933404,912190,1
943290,912343,1
943383,912385,1
947402,912413,1
943401,912450,1
927397,912464,1
952042,912530,1
943356,912640,1
899223,912674,1
945512,912740,1
921850,912752,2
922262,912914,1
928970,912916,1
930614,913024,1
943406,913052,1
902560,913089,2
942402,91314,3
941162,913150,2
902772,913152,1
908388,913191,1
943388,91327,1
943408,913404,2
951810,913435,1
935620,913439,1
917373,913440,1
940694,913451,1
940892,913590,1
943366,913602,1
919006,91362,1
948987,913714,1
941042,913728,1
940872,913746,1
930233,913748,1
954842,913764,1
939022,913863,1
943370,913923,1
898660,914,2
940303,914057,1
911318,914059,1
928018,914085,2
902610,914103,1
952971,914129,1
932167,914213,1
928904,914406,2
931272,914416,1
927962,914418,1
910180,914529,1
920476,914532,1
943444,914639,1
851417,914641,1
931303,914648,2
947017,914733,1
943446,914825,1
940920,914866,1
899986,914876,1
943448,914926,1
936322,914943,1
950917,915026,1
915403,915028,1
943421,915133,1
947567,915137,1
941290,915149,4
939897,915159,2
943066,915220,1
943423,915244,1
940205,915354,1
935420,915408,2
850922,915425,3
943436,915433,1
939733,915554,1
928470,915572,1
924651,915586,1
940408,915721,1
948950,915733,1
918659,915785,1
943425,915825,2
943437,915919,1
935542,916019,1
933637,916123,1
940995,916175,2
942326,916251,1
936926,916285,1
943427,916287,1
905982,916504,1
943300,916532,1
948952,916534,1
934233,916586,3
903748,91661,1
934463,916817,1
936479,917042,1
907523,917043,1
943476,917067,1
935246,917084,1
898850,917111,1
902510,917478,2
938685,91750,1
932028,917509,1
921991,917527,2
923518,91754,1
926079,917698,1
932864,917739,1
952900,917776,1
920370,917799,1
959354,917842,1
940375,918073,1
936810,918113,1
922548,918160,1
922511,918226,1
908616,918293,2
921338,918429,1
930195,918488,1
954533,918543,1
938951,918545,3
917346,918610,1
907481,918617,1
953540,918627,1
922302,918633,1
937255,918634,1
941798,918787,1
936126,918788,1
937450,918846,1
898475,919012,1
925255,919057,1
908462,919247,1
919330,919255,1
942527,919343,2
958644,919389,1
921797,919411,1
891086,250609,1
891231,250738,1
891089,250768,1
891170,250789,1
948604,250860,1
891171,25092,1
891091,25093,1
891025,251055,1
891096,251288,1
891239,251374,1
891177,251413,1
891101,251711,1
891102,251739,1
891246,251873,1
891251,252214,1
891253,252352,1
891113,252471,1
891118,252849,1
891202,253184,1
891508,253263,1
891510,253340,1
953652,253366,1
891126,253379,1
891360,253473,1
891365,253747,1
891366,253784,1
891434,25400,2
891524,254006,2
891372,254252,1
891374,254342,1
891378,254621,1
891379,254686,2
891451,255456,1
891388,255534,1
891392,255817,1
891547,25584,1
891396,256141,1
891459,256167,1
891399,256407,1
891554,256457,1
891400,256512,1
891556,25657,1
891465,25663,1
951075,256640,1
891337,256708,1
891562,257027,1
891471,257032,4
891345,257280,1
891474,257284,1
891568,257361,1
891414,257509,1
891478,257636,1
891479,257776,2
891572,257841,1
891573,257941,1
851233,257990,1
891354,25803,1
891421,258100,1
891356,258116,1
891577,258201,1
891579,258493,2
950178,258821,1
891491,258938,1
891738,25903,1
891495,259202,1
891593,259365,1
891660,259396,2
891662,259602,1
891665,259806,1
891504,259975,1
891749,259984,1
891671,260304,2
891605,260305,1
891755,26036,2
891675,260502,1
891817,26051,1
891678,260652,1
891680,260803,1
891614,26082,2
891823,260839,2
891616,26089,1
891770,261203,1
891625,261348,1
891626,26136,1
891628,261485,1
891836,26149,1
891837,261573,1
891839,261677,1
891787,262194,1
891848,262248,1
891641,262279,1
891643,262386,1
891851,262402,3
891792,262448,1
891646,262486,1
891714,262552,2
891857,262622,1
891858,262653,1
891652,262709,2
891862,262803,1
891722,262868,1
891723,262902,3
957078,262987,1
891658,263001,1
891889,263070,1
891868,263088,1
891891,263210,2
891731,263295,1
891895,263384,1
891733,263403,1
891896,263442,1
891734,263507,1
891900,263642,1
891879,26366,1
891902,263808,1
892126,263837,1
892128,263933,1
892130,264042,1
851317,264046,1
891973,264158,1
892133,264213,1
891910,264259,1
892045,264522,2
892047,26468,1
892141,264746,1
891983,264760,1
892049,264798,1
892051,264936,1
891986,264976,2
891923,265111,1
891989,265171,1
892056,265265,1
891927,265389,2
891995,265541,1
891930,265543,1
891931,265579,1
892155,265589,1
891997,265591,1
891933,265712,1
891936,265855,2
892163,26609,1
892006,266157,1
892071,266182,1
892007,266203,1
891942,266215,1
891943,26629,2
892010,266409,1
891945,266446,1
892075,26647,3
891948,266622,1
891949,266717,2
892079,266733,1
892082,266950,2
891955,267259,1
892086,267316,1
892092,267814,1
891964,267905,1
892195,268159,1
892196,268264,1
892192,268294,1
892202,268721,1
950866,268789,1
892276,268903,1
892347,268917,1
892108,269099,1
892207,269179,1
892209,269235,2
892282,269406,2
892211,269428,1
892212,26951,1
892116,269670,1
892215,269715,2
958288,269739,1
892217,269791,1
892424,269805,1
892218,269912,1
892290,269940,1
892292,270093,1
892223,270224,1
892295,270342,1
892366,270371,1
892297,270466,1
892226,27057,3
892229,27079,1
892439,271143,1
892304,271146,1
892380,271701,1
892246,272397,2
892248,272613,2
892456,272832,1
892255,273200,1
940395,91945,1
901827,919497,1
939747,919508,1
935360,919577,1
937591,919620,1
943516,919735,1
900964,919767,2
936465,919774,1
935758,919799,1
943536,919813,1
940004,919934,1
943490,919993,1
923157,920015,1
916327,920052,1
920943,920173,1
928486,920178,2
936326,920299,1
921260,920439,2
943093,920535,1
916839,920590,1
940018,920591,1
936726,920615,1
941957,920672,1
898880,920684,1
942235,920716,1
911196,920746,1
927933,920829,1
943128,920842,1
934553,920960,1
912673,920982,1
929891,921031,1
905805,921197,1
943544,921216,1
941815,92128,1
936093,92131,2
937683,921327,2
906217,921417,1
910517,921496,1
942293,921596,1
936073,921603,1
923836,921665,1
926921,921846,1
926977,921868,1
908647,921947,1
940765,922142,1
939846,922166,1
932767,922278,1
937485,922279,2
895992,922292,2
924741,922293,1
928895,922656,1
943015,922711,1
958898,922763,1
948981,922921,1
851450,922967,1
905402,923014,2
921112,923127,1
895995,923481,2
940034,923532,1
939952,92356,1
921739,923734,3
941447,923736,1
948983,923809,1
959513,923852,1
943573,92394,1
932394,924072,1
896408,924194,1
909068,924335,1
943589,924421,2
923883,924543,1
907439,924593,1
934744,924647,1
950564,924651,1
941103,924849,1
851521,924907,1
937966,924968,1
926762,924978,1
942025,925035,1
922074,925100,2
943560,925320,1
928647,925396,1
938367,925405,1
949589,925411,1
927069,925433,1
943493,925487,1
935302,925587,1
925371,925589,2
851351,925653,1
908986,925673,1
943110,92573,3
921039,925882,1
908988,925906,1
943632,925907,1
943599,925925,1
951714,926198,1
942452,926217,2
915204,926229,3
935849,926241,1
954581,926334,1
928023,926362,1
932603,92640,1
943520,926439,1
943603,926523,1
958318,926531,1
929215,926608,1
910403,926676,1
895831,926711,1
943271,926747,1
928979,926825,2
940041,926847,1
851010,926867,1
943608,926956,1
943637,927198,3
941666,927300,1
927018,927360,1
943146,927376,1
942169,927487,1
934493,927558,1
939141,927605,1
932875,927626,1
919865,927807,2
916628,927836,1
933494,927864,1
904481,927873,1
923556,928131,2
850841,928249,2
942536,928690,1
936566,929058,1
946628,929069,1
912269,929120,1
940040,929144,1
932025,929228,1
951894,929335,1
927625,929710,1
906914,929798,1
943612,929889,1
913964,929938,1
919715,929942,1
910948,929966,1
921316,929990,1
942367,930078,1
901600,930195,1
943643,930472,1
924227,930563,1
928814,930602,1
943645,930670,1
943646,930711,1
940156,930716,1
896894,930744,1
911894,930746,1
908304,930815,1
922182,931097,3
913352,931112,1
942155,931158,1
943706,931258,1
850865,931289,4
943572,931305,1
922641,931414,1
941922,931692,1
943597,931834,2
938696,931873,1
915292,932015,1
942424,932056,2
943690,932275,1
911740,932303,1
937316,932392,1
942309,932418,1
910972,932544,2
947700,932565,1
917989,932569,1
936022,932619,1
897868,932625,2
912185,932691,2
942454,932743,1
923097,932977,1
908536,933165,3
925381,933184,2
921873,933283,2
936706,933410,1
942887,933414,1
934064,933432,1
923036,933493,2
895750,933530,1
943730,93356,1
951724,933607,1
931702,933679,1
938902,933683,1
922470,933906,2
923805,933929,1
941931,933960,1
950590,934056,1
892327,273218,1
892257,273290,1
892464,273314,1
892329,273321,1
892401,273488,1
892402,273578,1
892407,273921,1
892474,274084,1
892475,274151,1
954491,274360,1
892412,274503,2
892481,274736,1
892727,274740,1
892416,274759,1
892584,274963,1
892589,275243,1
892491,275244,1
892739,275424,1
892741,275598,2
892594,275630,1
892596,27576,2
892510,275835,1
892598,27584,1
892511,275904,1
892747,276013,2
892749,276141,1
892517,276284,1
892605,276286,1
892753,276323,1
892609,276438,1
892664,276442,1
892524,276612,2
892615,276780,1
892670,276795,1
892529,276861,1
892672,276877,1
892764,276892,1
892530,276895,1
892767,27696,1
892533,276980,1
892676,277010,2
892623,277053,1
892678,277055,1
851103,277065,1
948622,277121,1
892770,277155,2
892680,277178,1
892626,277195,1
892628,277356,1
892774,277382,1
892778,277593,2
952902,277646,1
892634,277691,1
892782,277887,1
892637,277889,2
892550,277984,1
892638,278017,1
892694,278091,1
892785,278116,1
851409,278207,1
892554,278266,1
892643,278411,1
892791,278504,1
892706,278721,1
892811,279537,1
892956,279745,1
892724,280290,1
892820,280316,1
892725,280335,1
892893,280400,1
892822,280441,1
892965,280456,1
892967,280606,1
892897,280651,1
892968,280697,1
892826,280708,1
893035,280957,1
892832,28107,1
892907,281204,1
893042,281218,1
892908,281219,2
892840,281410,1
892841,281531,1
893048,281601,1
893050,281761,1
892987,281805,1
893052,281911,1
892919,281939,1
892849,282088,1
893054,282106,1
892851,282225,1
892923,282306,1
892994,282426,1
892855,282501,1
892856,282577,1
892857,282714,1
892999,282932,1
892859,282938,1
893064,282948,1
892864,283197,1
893070,283220,1
892936,283232,1
893072,283330,1
892945,28386,2
893181,284308,1
893085,284454,1
893332,284849,1
893187,284857,1
893337,285320,1
893106,28535,1
893339,285595,1
893097,285602,1
893340,28562,2
893110,285661,1
893198,285830,1
893117,286414,1
893259,286459,1
893350,286656,2
893261,286785,1
893352,286786,1
893212,287180,1
893360,287266,1
893270,287296,3
893361,287312,1
893363,287527,1
893137,28806,1
893282,288207,1
893372,288237,1
893141,288245,2
893142,288359,1
893284,288413,1
893292,288878,2
893293,288967,1
893152,289061,1
893384,289084,2
958793,289180,1
893385,289187,1
893387,289238,1
893156,289260,1
893388,289278,1
893247,28939,1
893392,289397,1
893248,289456,1
893252,289664,3
850789,289775,1
893398,289781,1
893254,289845,1
893255,289895,1
893256,289948,1
893487,290161,1
893488,290228,1
893406,290253,2
893315,290263,1
893316,290318,1
893492,290400,1
893564,290459,1
850591,290520,2
893324,290576,1
893498,290603,2
953424,290739,1
957290,290855,1
893576,290936,1
893508,291119,1
893509,291194,1
893644,291286,1
893583,291289,1
893646,291366,1
893427,291385,1
893648,291442,4
893652,291649,1
953325,291692,1
893656,291854,1
893598,291944,1
893440,291950,1
893599,291979,1
893441,291982,2
949622,292000,1
893660,292015,1
893661,292047,1
893601,292048,1
893443,292066,1
893664,292181,3
893605,292251,1
893606,292307,1
893667,292332,1
893611,292522,1
893612,292609,1
893455,292653,1
893675,292694,1
893457,292710,1
893546,292779,1
943694,934475,1
943702,934723,1
943009,934756,2
930798,934760,1
942713,934884,1
928385,934906,1
923831,934912,2
932140,934973,2
928481,935152,1
926442,935292,1
920555,935324,1
929042,935456,1
940033,935593,2
939273,935595,1
920854,935793,2
920971,935815,1
939197,935830,1
941721,935861,2
942049,935941,2
945537,936144,1
920288,936174,1
928643,936252,1
933681,936439,1
929599,936506,2
933486,936635,1
941363,936648,1
943765,936772,1
908525,936871,1
921504,936952,1
898358,937000,1
943777,937001,1
927978,937008,1
926525,937062,2
931163,937081,1
930160,937135,1
919009,937184,2
896541,937390,1
925438,937418,1
922696,937419,3
920283,937524,1
897033,937532,1
935502,937537,2
912150,937572,1
895834,937614,1
851276,937702,1
932344,937793,1
915294,938047,1
925266,938048,1
941960,938075,1
940049,938234,1
943782,938268,3
933319,938282,1
943365,938637,1
930173,938669,1
948997,938779,1
934111,938796,2
907840,938797,1
943141,938801,2
943311,939271,1
936239,93940,3
939061,939608,1
939386,939652,1
933428,939716,1
942038,939759,1
899547,939772,1
940609,939773,1
942765,939824,1
926059,939980,1
926458,940077,1
942517,940211,1
942520,940226,1
943816,940262,1
939883,940332,1
937837,940396,1
942468,940459,1
929843,940531,1
921514,940544,1
932542,940898,1
920218,940949,2
941926,940959,1
943010,940987,1
942836,94120,1
935533,941318,1
921921,941432,2
939217,941451,1
947568,941538,1
911862,941739,1
906376,941798,2
931469,94204,1
918555,942089,5
943808,942179,1
921623,942184,1
904229,942221,1
943829,942403,1
928440,942457,1
933462,942811,2
895838,942892,1
955083,942913,1
914670,943178,1
921931,943238,1
918425,943242,1
932276,943256,1
925274,943605,1
949375,943615,1
922736,943752,1
943666,943753,1
943799,943763,1
905007,943791,1
942651,943852,1
928215,94387,2
939885,943937,1
943834,944174,1
943835,944238,1
943842,944411,1
942234,944527,2
939558,944748,1
943886,944750,1
949627,944817,1
939798,944830,1
952518,944922,1
923153,94497,2
919012,945021,1
927734,945162,2
935688,945171,1
924668,945437,1
851368,946288,2
912935,946312,1
943861,946338,1
941635,946437,1
919085,946485,1
932857,946497,1
927084,946549,1
903329,946798,2
907212,947128,3
851035,947164,2
949016,947179,1
943431,947226,2
909532,947285,1
938080,947317,1
933126,947510,1
921528,947526,2
921187,947543,1
943866,947544,1
926903,947603,1
943851,947716,1
924914,94772,1
901309,947779,1
851369,948101,1
943072,948333,2
934181,948335,1
939099,948368,1
934761,948448,2
927523,948457,1
919690,948476,1
943853,948509,1
924699,948562,1
929039,948646,1
947026,948708,1
924063,948820,1
927158,948821,1
929353,948830,1
895839,948899,1
908765,949014,2
941358,949020,1
943896,949044,1
953873,949217,1
927726,949228,1
932551,949283,1
940090,949344,1
942756,949397,3
943784,949405,2
900394,949481,1
923185,949534,4
942161,949541,1
919399,949562,1
919267,949600,1
937499,949637,1
921098,949698,1
942882,949712,1
924024,949735,1
924105,949909,1
943944,950313,1
933724,950321,1
943922,950330,1
935378,950366,1
927875,950491,1
939016,950532,1
943634,950662,2
943919,951005,2
943947,951281,1
895758,951383,1
893549,292956,1
959182,293063,1
893466,293106,1
893626,293183,1
893469,293217,1
959720,293290,1
893558,293329,1
893691,293378,1
893473,293403,1
893632,29346,1
893794,293657,1
893697,293683,1
893698,293707,1
893940,293717,1
893797,293727,1
893802,294067,2
893704,294069,1
893946,294072,1
893803,294110,1
893707,294211,2
893952,294397,1
893721,29443,1
893724,294652,1
893812,294656,1
893959,294797,2
893871,294882,1
893873,294925,1
893967,295109,1
893737,295117,1
893826,295178,1
893883,295408,1
893831,29542,1
893884,295435,1
893747,295640,1
893888,295668,1
946208,295690,1
893750,295763,1
893841,295993,1
893986,296076,1
893897,296098,1
893899,296215,1
893991,296334,1
893761,29634,1
893993,296446,1
893904,296508,2
893994,296519,1
893771,296962,2
894002,297031,1
893772,297048,1
893774,297170,1
893915,297177,1
893861,297189,1
894006,297227,1
851344,297393,3
894009,297406,1
894012,297563,1
894095,297625,1
893783,297672,1
893926,297797,2
893787,297868,1
893927,297918,2
894177,298144,1
894105,29815,1
893932,298150,2
894180,298234,1
894022,298366,1
894110,298371,1
894024,298428,1
894248,298447,2
894025,298496,2
894249,298513,1
894026,298536,1
894027,29857,1
894191,298736,1
894254,298769,1
894032,298877,3
894120,29888,1
951632,298907,1
894121,298939,1
894034,29897,1
894258,299025,3
894126,299220,2
894200,299249,1
894127,299291,1
894214,300131,1
894280,300287,1
894218,30030,1
894219,300335,1
894059,300370,1
894284,300467,1
894062,300507,1
894151,300629,1
894225,300663,1
894226,300716,2
894291,300872,1
954917,301305,1
894163,301376,2
894299,301383,1
894165,301474,1
894239,301549,1
894080,30164,1
894081,301683,1
956597,301792,1
894245,301847,1
894246,301894,1
894330,302065,1
894318,302519,1
894404,302543,1
894405,30257,1
894321,302623,1
894567,302651,1
894341,302680,1
894569,302732,1
894570,302797,2
894572,302942,1
894573,302992,1
894348,303037,1
894485,303119,1
894486,303160,1
894579,303209,1
894420,303261,1
894492,303424,3
894494,303553,1
894426,303591,1
894497,303740,1
894501,3039,1
953454,30391,1
894504,304040,1
894505,304072,1
894372,30425,1
894600,304315,1
894509,304328,1
894511,304405,1
894443,304420,2
894380,304575,1
894381,304589,2
894609,304640,1
894384,304689,1
894521,304821,1
894526,305095,1
894392,305110,1
894527,305115,1
894528,305207,1
894620,305237,1
894622,305423,1
894531,305461,1
894624,305548,1
894466,305605,1
894629,305766,1
894786,305924,1
894544,306102,1
894476,306112,1
894545,306133,1
894548,30626,1
894549,306400,1
894794,306419,1
894550,306423,2
894725,306483,1
894552,306522,1
894800,306755,1
894642,306809,2
894731,306859,1
894867,306962,1
949750,307184,1
945323,307222,1
894811,307440,2
894812,307515,1
894654,307555,1
894881,307807,1
894661,307913,1
894750,307997,1
894751,308034,1
894824,308081,2
894828,308336,1
894672,308486,1
894836,308686,2
894677,308694,1
894765,308696,1
894838,308741,1
894680,30878,1
894902,308867,1
894841,308883,1
894903,308899,2
894842,308902,1
949988,308961,2
894772,309003,1
894773,309036,1
894907,309088,1
894848,309171,2
894690,309247,1
894778,309255,1
935826,951400,2
943079,951419,2
851251,951470,1
943578,951472,1
943770,951502,1
925830,951544,1
958591,951551,1
942727,951648,1
943843,95166,1
921446,951672,2
923392,951723,1
935318,951726,1
940184,951730,1
936475,951960,1
936633,951973,1
943474,952162,2
928458,952259,1
897687,952267,1
943552,952317,1
945259,952335,1
898290,952533,1
931145,952648,1
851339,952789,1
921793,952823,2
940475,953044,1
943299,953056,1
915470,953099,1
942331,953143,1
943925,953156,3
943910,953200,1
910522,953571,1
959922,953669,1
941469,953744,1
912267,953809,1
912170,953834,2
938881,954024,1
936154,954040,1
928265,954066,1
901153,954067,1
925715,954202,1
904763,954458,1
905074,954658,1
942467,954662,1
923210,954692,2
943601,954715,1
941532,954769,2
922544,954785,2
932695,954812,1
950940,954907,1
941731,955000,1
926331,955004,1
896501,955023,2
943685,955042,1
928230,955126,2
943957,955155,1
951795,955175,1
927792,955182,1
924418,955199,1
954610,955280,1
942964,955294,1
928157,955298,2
912009,955338,1
942564,955416,1
901691,955505,1
923730,955547,1
927434,955570,5
902356,955587,1
941574,955596,2
904273,955681,1
933554,955733,1
940096,955768,1
925491,955936,3
943994,956264,2
924969,956275,1
924479,956309,2
940415,956354,1
943801,956363,1
932783,956433,1
930697,956457,2
922037,956562,1
943333,956617,3
942605,956625,1
959538,956693,1
930940,956710,1
904565,956740,1
897825,956789,1
943965,956794,1
922466,956805,2
940495,956987,1
942488,957053,1
941450,957100,1
930591,957106,1
943822,957168,2
941173,957197,1
937466,957277,1
941781,957390,1
937187,957434,1
899663,957479,1
850741,957541,1
931346,957568,1
899834,957726,2
916263,957733,2
915041,957737,1
910081,957769,3
899064,95783,1
942650,957939,1
933643,957948,1
936123,958011,1
925961,958032,1
938932,958049,1
940963,958214,2
921445,958230,1
943742,958241,1
943977,958454,1
930562,958472,1
921603,958477,1
907809,958697,1
914498,958739,1
944014,958743,1
930474,958809,1
929114,959290,1
944017,959379,2
911248,95939,1
897057,959771,1
941044,959781,1
929177,959841,1
925045,959915,1
923200,959975,1
944018,960119,1
939073,960125,4
910072,960160,1
917739,960202,1
924293,960279,1
900895,960293,1
942906,960367,1
944051,96038,1
928607,960423,3
941878,960424,2
899792,960588,1
943740,960640,1
944034,960696,1
944026,960775,2
949545,960882,1
940530,960956,1
931500,960985,1
939221,961098,1
915719,961168,1
934491,961184,1
927601,961186,1
949042,961222,1
953989,961291,1
931380,961591,1
942704,961670,2
944040,96168,1
924244,961735,1
909993,961760,1
927394,961764,2
933997,961805,1
931624,961921,1
935391,961939,1
942029,961945,1
921853,961998,2
944042,962089,1
942631,962112,1
947003,962157,1
935050,962362,2
943411,962511,1
896002,962659,1
907539,962727,1
935167,962753,1
958685,962800,1
921553,96282,1
925807,963012,2
850933,963018,1
939739,96311,2
943933,963124,1
952200,963187,1
943731,963233,1
936094,9633,3
927713,963304,3
940236,963317,1
940538,963443,1
935416,963536,1
942632,963589,1
946961,963692,1
937201,963736,2
942272,963936,1
902944,963971,1
921359,964000,2
897284,964111,1
944071,964115,1
894915,309417,1
894783,309434,1
894916,309442,1
894855,309463,1
894698,309639,1
894858,309675,1
894938,309731,2
894940,309869,1
895014,309962,1
894704,310012,1
895017,310109,1
894707,310115,1
894708,31016,2
894929,310239,1
850613,310338,1
894951,310436,1
895024,310518,1
895250,310785,2
895029,310787,1
895100,310804,1
894958,310809,2
895101,310830,1
895031,310872,1
894960,311014,1
895264,311070,1
895269,31117,1
895109,311312,1
895110,311351,1
895040,311381,1
895111,311389,1
895041,311445,1
895292,311598,1
895116,311615,1
895046,311730,1
895119,311733,1
895313,311927,1
895133,311935,1
953123,311973,1
895052,31198,1
895319,311998,2
895055,312052,1
895329,312085,1
946927,312171,1
895146,312179,1
895339,312234,1
894988,31227,4
895343,312301,2
894990,312398,1
894991,31244,1
895065,312572,1
894994,312598,1
895168,312632,1
895360,312641,1
895364,312724,2
894998,312801,1
894999,312917,1
895181,312978,1
895372,312991,2
895375,313062,1
895006,313288,2
895079,313311,2
947393,313339,1
895007,313342,1
895008,313379,1
895210,313501,1
895086,313685,1
895674,313710,1
895088,313791,1
895225,313797,2
895683,313832,1
952749,313888,1
895695,313980,1
895420,313982,1
895450,314098,2
895706,314136,1
895713,314322,1
851484,314334,1
895717,314399,2
895720,31443,1
895723,314484,1
895490,314836,1
895493,314870,1
896067,315011,1
895943,315054,1
895502,315068,1
895757,315111,1
896073,315116,1
896076,315188,1
955195,315354,1
895772,315515,2
896088,315555,1
952665,315705,1
895540,315724,1
851348,315856,1
896104,316004,1
895991,316016,1
896114,316235,1
895814,316336,1
896011,316353,1
896013,316384,1
895822,316482,2
896128,316626,1
895840,316798,1
896136,316894,1
895606,316914,2
896032,316928,2
896149,317216,1
895868,317274,1
895871,317350,1
896047,317449,2
896163,317548,1
896347,31771,2
895652,317731,2
948629,317788,1
896182,317940,2
896634,317955,1
896361,317964,1
896363,318010,1
896365,318077,1
896190,318078,1
896198,318256,1
896650,318289,1
896652,318322,3
896214,318343,3
896381,318385,1
896656,318452,1
896220,318582,1
896503,318731,1
896397,318813,1
896509,318940,1
959778,318982,1
896514,319154,1
896239,319278,1
896414,319368,1
896519,319370,1
955412,319432,1
896531,319674,1
896255,319816,2
896703,319978,2
896705,320048,1
896261,320049,1
896542,32012,1
896447,320508,1
896280,320616,1
896282,320629,1
896733,320758,1
896734,320797,1
947574,320867,1
896748,321152,2
896477,321248,1
896313,321377,1
896314,321438,1
896487,321444,1
896596,321621,1
896600,321715,1
896330,321998,1
896608,322038,1
896925,322064,1
896610,322075,1
896612,322177,1
896618,322368,1
896941,322453,1
896781,322606,1
896943,322610,1
897190,322621,1
897193,322739,1
897195,322762,1
897044,322874,1
896952,32298,1
897049,322988,1
896953,323011,1
896795,323027,1
895115,323034,1
897051,323050,1
897208,323159,2
896801,323162,1
897058,323190,1
897209,323225,3
897060,32328,1
896958,323359,2
950691,323420,1
897214,323424,1
896962,323454,1
897066,323455,1
896965,323561,1
896813,323598,1
896814,323632,1
896820,323822,1
897079,323867,1
896976,323927,2
896977,323996,1
919015,964167,1
925648,964427,1
933424,964493,1
943353,964510,1
898078,964644,1
943940,964740,1
925275,964790,1
915511,964934,1
956632,965100,1
940696,965168,1
933809,965171,1
911431,965298,1
931762,965358,1
920559,965455,1
920390,965505,1
943368,965506,1
919988,965539,1
927129,965558,1
920759,965649,1
938949,96568,1
915756,965719,1
933996,965754,1
915866,965822,1
932802,965837,1
908188,965857,1
928772,96587,2
920818,965899,3
927441,965903,1
943253,965912,2
917919,965919,2
909124,965922,1
928177,966020,1
944031,966081,1
950745,966129,1
953590,966187,1
916210,966212,1
941343,96623,1
937284,966245,1
920668,966280,1
930709,966292,1
944096,966329,2
923163,966334,1
933540,966348,1
932497,966357,1
944123,966598,1
934022,966625,2
929601,966678,1
930041,966735,1
920925,966823,2
896243,966840,1
921735,966918,1
924927,966924,1
931382,966981,1
949003,967078,1
951384,967104,1
937289,967110,2
934319,967196,1
921310,967232,1
931168,967235,2
953127,967305,1
907024,967385,1
944110,967435,1
944094,967468,1
941242,967479,1
941505,967542,2
903591,967569,1
942540,967580,2
925586,967629,1
944102,967728,2
931444,967772,2
923391,967813,2
946532,967822,1
942725,967880,1
906238,967932,1
946421,967976,2
933056,967995,1
918357,968014,1
915849,968068,2
937226,96811,2
897769,968112,1
921651,968150,1
923823,968185,1
933315,968243,1
952668,968330,1
942783,968381,1
906875,968479,1
913887,96851,1
935701,968520,2
903287,968569,1
930412,968573,1
941524,968584,1
933846,968649,1
937907,968664,1
940650,968671,1
920841,968689,1
925555,968740,2
943879,968948,1
941934,968961,1
934223,968966,2
943285,968998,1
927456,969003,1
927213,969044,1
931482,969072,1
919411,969185,1
943607,969229,1
916914,969289,2
925339,969301,1
897950,969322,1
942729,969360,1
942579,969425,1
944140,96943,1
905492,969604,1
923892,969628,3
898514,969645,1
903447,969682,1
920570,969758,2
926610,969800,1
920703,969882,1
947302,969967,1
914834,970029,2
908776,970086,1
940056,970088,1
944161,970097,1
924239,970191,2
903924,970219,1
934123,970231,1
925334,970323,1
907032,970411,1
940109,970417,1
924976,97046,1
920930,970463,2
942822,970482,1
924134,970493,1
933568,970568,1
924861,970574,1
916345,970612,1
944163,970674,1
926735,970686,1
940634,970697,1
937489,970701,1
938090,970812,1
932738,970825,1
935677,970923,2
958915,971073,1
914169,971103,1
955262,971108,1
905386,971110,1
908930,971112,1
934331,971174,1
940921,971355,1
933489,971357,1
908587,971360,2
929939,971374,2
924152,971482,2
851518,971484,1
943232,971488,1
936203,971508,1
943545,971533,1
922373,971623,3
941300,971682,1
933183,971706,1
939201,971714,2
927292,971769,2
940192,971892,1
940669,971920,2
937833,972230,1
940578,972236,1
909386,972276,1
923834,972323,1
917418,972336,1
939880,972357,2
942845,972362,1
943151,972372,1
919474,972400,1
923550,972565,2
926150,972609,1
930654,972635,1
944149,972910,1
950727,972933,1
916931,973012,1
897631,973266,2
949569,973391,1
928076,973397,2
940165,973414,1
930083,973520,1
933281,973537,1
940084,973558,1
941935,973602,1
949566,973618,1
851179,973776,1
944142,973824,1
896982,324136,1
895131,324431,1
897099,324704,1
949351,324955,1
952105,325353,1
896862,325397,1
897272,325434,2
897274,32549,1
897285,325771,1
897130,325784,1
897292,325949,3
896886,325969,1
897031,325970,1
897298,326111,1
897141,326191,1
896896,326210,1
897446,326489,1
897448,326507,1
897154,326688,1
897454,326730,1
897157,326744,2
897308,326768,1
897715,326840,1
897317,327089,1
897584,327611,1
897590,327754,1
851275,327892,1
897345,327964,1
897597,327976,1
948639,328005,1
949571,328057,1
897351,328221,1
897503,328743,2
897623,328917,1
897564,328924,1
897516,329236,1
897372,329277,1
897635,3293,1
897787,329390,1
897637,329408,1
897530,329731,1
897387,329820,1
897795,329852,1
897391,329928,1
897658,330146,1
897810,330233,1
897812,330285,1
897664,330322,3
897667,330462,1
897561,330504,1
897965,330742,2
897824,330753,1
897428,330872,1
897971,330885,2
897432,330973,2
898240,331050,1
897977,331142,1
897436,331193,2
897982,331372,1
898248,331393,2
897695,33148,1
897835,331521,2
897698,331597,1
898260,331791,2
897845,33191,1
897847,332022,2
897853,332254,1
898009,332296,1
897855,332338,4
952003,332391,1
898021,332578,1
897862,332605,1
898025,332697,1
898026,332735,2
897871,332905,3
898030,332917,1
898144,333157,1
898152,333242,2
897888,333329,2
898159,333442,1
898327,333445,1
898164,333515,1
898336,333621,2
898168,333693,1
898342,333832,2
898060,333874,2
898071,334170,2
898356,334305,2
898187,334355,1
898359,334405,1
898192,334486,1
898366,334679,1
898369,334728,1
950361,334792,1
850870,334800,1
897944,334951,1
895158,335284,1
948621,335473,1
898816,335513,1
898557,335625,1
898831,335848,1
947755,336037,1
898843,336241,2
898582,336273,1
898709,33632,1
898422,336398,1
953342,336670,1
898725,336699,2
898727,336823,1
898435,336865,1
898728,336868,1
898733,337086,1
898620,337244,1
898740,337316,1
898456,337349,1
898746,337400,1
898464,337450,2
898634,337470,1
898885,337505,1
898466,337532,1
898639,33756,1
898470,337640,1
898757,337655,1
898758,337694,1
898648,337790,1
898480,337866,1
898652,337868,2
898655,338036,1
898490,338187,1
898910,338241,1
898663,338304,2
898495,338369,5
898497,338405,2
954190,338647,1
898778,338674,1
896049,338768,1
898680,338812,1
898782,338813,1
898682,33883,1
898785,338861,1
898519,339000,1
898791,339048,1
898955,339212,1
898958,339280,2
899090,339300,2
898531,339441,1
898212,339502,2
898532,339513,1
898970,339546,1
898803,339711,2
898977,339803,1
899234,339846,1
947739,339853,1
898979,339874,1
898809,339881,5
899241,340136,2
898986,340291,1
899253,340437,2
899128,340473,3
899255,340474,1
899130,340532,3
899257,340540,3
899134,340640,1
899000,340769,1
899006,340923,2
947720,340985,1
899147,341045,1
899375,341072,1
899012,341183,1
896756,341383,1
899383,341483,2
899022,341546,1
899024,341679,1
899026,341749,2
899290,341833,1
899400,341968,1
899294,341979,1
899299,342215,1
898579,342359,1
899302,342448,1
899050,342453,1
899194,34248,1
949573,342557,1
898857,342631,3
899060,342726,1
899204,342864,1
899211,343066,1
899443,343314,2
899334,343384,1
899337,343463,1
899220,343513,1
932178,973867,1
914195,974033,1
931971,974101,1
902169,974125,1
949753,974133,1
924089,974148,2
943761,974262,2
942380,974293,2
931865,974368,1
922332,974589,1
944180,974590,1
929941,974765,1
937215,974838,1
931753,97496,2
917947,975062,1
905828,975087,1
917552,975091,1
929658,975195,3
940226,975230,1
937441,975233,1
922431,975252,1
939237,975253,1
940352,975255,1
929628,975261,2
942088,975290,1
950253,975380,1
950981,975422,1
919675,975431,2
926997,975509,1
929410,975543,1
923055,975567,1
933506,975604,1
938497,975704,1
929530,975808,1
937852,975823,2
944184,975882,1
943166,975885,1
895944,975904,1
942759,975907,1
941853,975932,1
951414,976022,1
943716,976134,1
951220,976172,1
908928,976267,1
942246,976293,1
929451,976327,1
933832,976428,1
937281,976449,2
944186,976540,2
943051,976631,2
928513,976641,1
943207,976926,2
910858,976964,1
908899,976971,1
924012,976993,1
938867,977224,1
945294,977547,1
906519,977594,1
943724,977638,1
932112,977741,1
917780,977845,1
920966,977861,2
903220,977867,1
943723,978072,1
914303,978141,2
941888,978152,1
851116,978154,1
946381,978208,1
901607,978217,1
907066,978264,1
930068,978271,1
937567,978317,1
946878,978404,1
926235,978470,1
941871,978675,1
933685,978745,1
942434,978765,1
922268,978782,3
943803,978903,2
940546,979009,1
900773,979031,1
921854,979057,1
914244,979078,2
900618,979084,2
924157,979167,1
947149,979330,1
935510,979402,1
925617,979415,1
903556,979426,1
908179,979569,1
944006,979618,1
908883,979638,1
911835,979710,1
943441,979756,1
942018,979913,1
943973,979949,1
953865,980294,1
950320,980329,1
949099,980406,1
953902,980750,1
954193,980850,1
914267,980913,1
925666,980937,2
922910,981000,1
958733,981059,1
922298,981119,1
932610,98112,2
939448,981132,1
940193,981338,1
936742,981491,1
926813,981591,1
942627,981625,1
908398,981655,1
942176,98172,1
935127,98181,1
950028,981834,1
920061,981859,1
939143,981886,1
851531,981942,1
942057,982019,2
926230,982075,2
939388,982328,2
943772,98241,2
944159,982419,1
935044,982470,2
946062,982593,1
900293,982604,1
896632,98272,1
850856,982809,3
938763,983193,2
952552,983240,1
902091,983298,1
851226,98331,2
943568,983394,2
931788,983560,1
949030,98382,1
902232,983833,1
919597,983839,1
919776,983914,1
942073,984108,1
923589,984115,1
935407,984116,1
942988,984126,1
904369,984269,1
915094,984292,2
935173,98434,1
921348,984426,1
942901,984579,1
923206,984676,2
921104,98476,1
926692,984974,1
937928,984995,2
943960,984996,1
924382,985155,1
944194,985216,1
932973,985308,1
907179,985335,1
942588,985337,1
923544,985611,1
942041,985768,1
917323,985796,1
943191,985809,1
940519,985827,1
940211,985842,1
900402,985892,1
902308,985937,1
932294,985983,1
922395,98610,1
914319,986154,1
929935,986208,1
937820,986307,1
944210,986412,1
938492,986543,1
943990,986573,1
920427,98660,1
939962,986710,2
919274,986904,1
906094,98694,1
920187,987095,1
943642,987352,1
924738,987759,1
939886,987864,2
926918,987906,1
930977,988043,1
899163,988116,1
908916,988117,1
916201,988364,1
942950,988416,1
941139,988564,1
940930,988655,1
902688,988686,1
899338,343547,2
899606,343828,1
899351,343858,1
899873,344144,1
899477,344158,2
946494,34417,1
899617,34420,1
899876,344218,1
899623,344384,1
899885,344440,1
899631,344605,2
899742,344620,1
899890,344633,1
899894,344776,1
899749,344911,1
899754,34505,1
899500,345131,1
899905,345218,2
899760,345271,1
899649,345319,1
899505,345449,1
899913,34552,1
899773,345738,1
899518,345868,1
899666,345917,1
899931,345983,2
899934,346125,1
897984,346530,1
899537,346637,1
899951,346832,2
899804,346929,1
899957,346978,1
899809,347077,1
899960,347160,1
899551,347161,1
899702,347193,2
899964,347348,1
898558,347419,1
850777,347672,1
899818,347760,1
899821,347809,1
899571,347823,1
899824,347869,2
899826,347886,1
899828,347903,2
899990,348199,1
899736,348259,1
900124,348551,1
850705,348615,1
899844,348721,1
900131,348899,1
900133,348984,2
899859,349082,1
900011,349111,1
900385,349137,1
948631,349142,1
900140,349199,1
900016,349362,1
900147,349413,1
900259,349555,1
900400,349652,1
952924,349715,1
900157,349719,1
900404,349731,2
900028,349754,1
900161,349966,2
900412,350048,1
900036,350145,1
900166,350147,1
900276,350151,1
900416,350201,1
900172,350320,1
900284,350395,1
900177,350453,1
900178,350503,1
900046,350523,1
900047,350576,1
900428,350619,1
900189,350708,1
900051,350720,1
900191,350733,1
900302,350766,1
900436,350775,1
851214,350803,1
900059,35082,1
900441,350878,1
900203,350989,2
950922,351041,1
900207,351052,2
850965,351055,1
900317,351177,2
900215,351233,1
949582,351308,1
900088,351383,1
900234,351510,1
900336,351534,1
900338,351625,1
900241,351679,3
900107,351798,2
949359,351844,3
950597,351891,1
900112,351904,1
900625,352021,1
900873,352098,2
850983,352370,2
900493,352493,1
900886,352557,2
900498,352702,2
900893,352842,1
900503,352868,1
900899,352919,1
900777,353350,1
900915,35343,2
949666,353502,1
900783,353555,1
900919,35356,2
900674,353656,2
900925,353779,1
900933,354050,1
900690,354068,1
900802,354204,1
900943,35433,1
900550,354374,1
900944,354442,2
900552,35446,1
900810,354463,3
900922,354476,1
900553,35450,1
900811,354520,1
900946,354610,1
900814,35470,2
896179,354750,1
900948,354762,1
900560,354808,1
851146,354885,1
950090,354928,1
895147,35508,1
900730,355216,2
900968,355302,1
900972,355522,1
900833,355560,1
900590,355701,1
900742,355765,1
900840,355841,1
900986,35597,1
900846,356012,1
900989,35617,1
900604,356171,1
900850,356199,1
900851,356271,1
901264,356274,1
900606,356296,1
900852,356315,1
900611,35634,1
901129,35636,1
901272,356564,2
901141,356686,1
900859,356719,1
901278,35672,1
901149,356923,1
901286,357007,1
901155,357073,4
901290,357193,1
899909,357223,2
901291,357242,1
895428,357281,1
901407,357295,1
901293,357296,1
901163,357309,1
901024,357563,2
901174,357568,1
901304,357580,1
901176,357613,1
901027,357662,1
901029,35771,1
946261,357754,1
898485,357818,2
901429,357834,1
901185,357875,1
901431,357876,1
901433,357917,1
901436,357999,1
901315,358009,2
949302,358031,1
901039,358048,2
895430,358070,1
901323,358146,1
901044,358205,1
897762,358310,2
958918,35868,1
901055,358708,1
901214,358746,1
901341,358778,2
901346,358880,1
901069,359131,2
901405,359280,1
901075,359331,1
901230,359338,2
901372,359566,1
901382,359874,1
901513,360172,2
901393,360227,1
851077,360450,1
901687,360569,1
900456,360620,1
901530,360809,1
901547,360842,1
901702,360945,1
901832,361018,1
901947,361068,1
901956,361332,1
901846,361351,2
901718,361362,1
901849,361486,1
901851,361492,2
901570,361493,1
895151,361855,2
901863,361858,1
901866,361890,1
901870,362046,2
901751,362394,1
901993,362437,2
901597,362459,1
896782,36251,2
953137,362537,1
951817,362842,1
901774,363034,1
945543,363044,1
901903,363068,1
901619,363073,1
956903,363150,1
902020,363195,1
901624,363384,2
902029,363567,1
902038,363760,1
901637,363802,1
901640,363894,1
850871,364007,1
901925,36403,1
901645,364041,2
901805,364084,1
902046,364112,1
901808,36420,1
901810,364277,1
901654,364311,1
901815,364441,1
901943,364641,1
901945,364715,1
947216,364942,1
851468,364959,1
902078,365205,1
902229,365227,1
902080,365327,1
902233,365361,1
902081,365469,1
895302,365548,1
851065,365819,2
902089,365956,1
902090,365974,2
902093,366029,2
902246,366055,1
902484,366062,2
902327,366163,2
902328,366229,1
902492,366486,1
902494,366507,4
902495,366545,1
902260,366599,1
902496,366622,2
902109,36673,1
899953,366769,1
902499,366773,2
902501,366801,1
902352,366943,1
902127,367285,1
902128,367295,1
902277,3673,1
902514,367339,1
902516,367405,1
902279,367453,1
902133,36759,1
902373,367780,1
902142,368092,1
902531,368221,1
902291,368388,1
959259,368456,1
902293,368486,1
901001,368490,1
902155,368536,2
902399,368724,1
902545,368748,2
902401,368824,1
902547,368904,1
954846,368917,1
902549,368974,1
954331,369057,1
902176,369106,1
902412,369108,2
902413,369230,1
902559,369237,1
902188,36939,1
902422,369396,1
902431,369557,1
902586,369758,1
902208,369766,1
902444,369815,1
902844,369888,1
902448,369900,2
902726,37005,1
902730,370206,1
902965,370297,1
902859,370355,1
945752,370372,1
902860,370387,1
902862,370453,1
902864,370534,1
902624,370555,1
902873,370767,1
902754,370806,1
951061,370844,1
902987,370865,2
902879,370882,1
902759,370906,1
902764,370984,1
902767,37105,1
902647,371064,2
903001,371073,2
902886,371091,1
959281,371163,1
903004,371199,1
902774,371230,1
902892,371312,2
898460,371348,2
902655,371471,1
902781,371516,1
902785,371592,2
956652,371603,1
902899,37165,1
950111,371668,1
902900,371671,1
902793,371772,1
902795,371789,1
902910,37190,1
902800,371949,1
897016,372033,2
902679,37211,1
902811,372169,2
903058,37232,1
949918,372334,1
902928,372364,1
902694,372578,1
902696,372610,1
895435,372882,2
902838,372935,1
903080,372974,1
902952,372979,1
902954,373015,1
902955,373061,2
903084,373090,1
903497,373109,1
903373,373297,1
903105,373377,2
903106,37342,1
903510,373487,1
850940,373512,2
903393,373928,1
897959,373938,1
903525,373988,1
903250,374263,1
898613,374315,1
903484,374555,1
903543,374609,1
903265,374642,1
903417,374792,2
896971,374906,2
903424,374989,1
897643,375034,1
903274,375036,1
958927,375073,1
903152,375108,1
903279,375170,1
952644,375173,1
903554,375200,1
900982,375411,2
903439,375454,1
903159,375463,1
903286,375473,1
903160,375513,1
903562,375528,1
903288,375555,1
958465,375613,1
903168,375677,1
903450,375782,1
903172,375866,1
903456,375907,1
903460,37609,1
903464,376238,1
903309,376357,1
902623,376404,1
903587,376435,1
903472,376443,1
903590,376472,1
903314,376505,1
903315,376526,1
903594,376581,1
901914,376598,2
903324,376982,1
958342,377285,1
903211,377422,1
903334,377499,1
903755,377545,1
903759,37773,2
903884,377819,1
949687,377919,1
903350,378114,1
903894,378202,2
895439,378270,1
903625,378657,1
903902,378785,1
959341,378976,1
903781,379009,4
903784,379156,1
904014,379288,1
904018,379443,1
903914,379444,1
897601,379554,1
903654,379560,1
903794,379611,1
904025,379672,1
903920,379821,2
901879,380040,1
903682,380398,1
903686,380499,2
903938,380539,2
851203,380821,1
900522,380871,1
904064,380973,1
903950,380982,1
850804,381178,2
903715,381504,1
903848,381541,1
904084,381610,1
949623,381789,1
903722,381804,1
903726,381890,1
903864,382037,1
903408,382227,2
903985,382310,1
903989,382388,1
903872,382398,1
903741,382519,1
903877,382524,1
904121,382550,1
903879,382571,1
903997,38259,1
903747,382655,1
904282,382670,1
903754,382975,1
904133,383002,1
904538,383070,1
904136,383122,1
904154,383134,2
948675,383278,1
901352,383366,1
904161,383507,1
904146,383511,1
904553,383516,2
954044,383540,1
902993,383563,1
904556,383641,1
904313,383663,1
954319,383763,2
904175,384087,2
904328,384097,1
904177,384150,1
904431,384381,1
904434,384405,1
904187,384421,2
904436,384504,2
904437,384572,1
904439,384590,1
899131,384602,1
904189,384605,1
904529,384623,1
904442,384737,1
904198,384795,1
904445,384818,1
904200,384891,1
904449,384994,1
904207,385009,1
904597,385095,2
904359,385123,1
954237,385190,1
904454,385219,1
904608,385352,2
948677,385416,1
897404,385518,1
904373,385524,1
904462,385538,1
904227,385582,2
904623,385771,1
904238,385855,2
904634,385910,1
904243,385968,1
904395,386076,1
948687,386102,1
904482,386158,2
904250,386173,2
904653,386391,1
904502,386615,2
904378,386683,1
904798,386792,1
904511,386821,1
904804,386847,1
904676,387329,1
904524,387355,1
904678,387365,1
903793,387392,1
905095,387589,1
904959,387824,1
904840,387935,1
905110,387948,1
904700,387955,1
904964,387968,1
904966,388011,1
950110,388081,1
905120,388197,1
904969,388209,1
905122,388213,1
904711,388228,1
899135,388339,1
904858,388442,2
905130,388514,1
959225,388544,1
904721,388562,1
905135,388595,1
904979,388640,1
904727,388745,1
904990,389224,1
904745,389465,1
904889,389498,1
904746,389531,1
904891,389534,1
897649,389614,2
903167,389804,1
901084,389822,2
901056,389969,1
905177,389987,2
904649,390021,1
905184,390143,1
904773,390261,1
904923,390419,1
904926,390515,1
904940,390936,2
895446,391079,1
905034,391103,1
905593,391334,1
905344,391383,2
904791,391405,1
905595,391427,1
946460,391496,1
904315,391765,2
905052,391912,1
905602,391948,2
905356,392043,1
905214,392162,1
905474,392259,2
905612,392404,1
905482,392412,1
905373,392613,2
905379,392685,1
905491,392721,1
850707,392798,1
905384,392837,1
905501,393056,1
905633,393097,1
905506,393180,1
905507,393229,1
905397,393264,1
905511,393329,1
905256,393445,1
905652,393641,1
905519,393674,1
905658,393846,1
905659,393933,1
905528,393957,1
949953,394399,1
905540,394563,1
897030,394626,1
905680,394627,1
905545,394735,1
905302,394970,1
905554,394980,1
905304,394983,1
905451,395186,1
905707,395382,1
905564,39542,1
905314,395434,1
905566,39545,1
905319,395515,1
905327,395642,1
947723,395783,1
905836,395880,2
905727,396213,1
905848,396372,1
905587,396373,1
947623,396434,1
905853,396463,1
905968,396522,1
905969,396555,1
951719,396816,1
898744,396847,1
905751,396884,1
896016,396962,3
905870,396966,1
905877,397225,1
905879,397340,1
900867,397415,1
906123,397433,1
906134,397682,1
905773,397686,1
905900,397812,1
905782,397933,1
947597,397978,1
905909,397991,1
905785,39805,1
905995,398137,1
905922,398352,1
906002,398365,1
906152,398551,1
905801,398849,1
899996,398884,1
906157,398927,2
905934,399027,1
906160,399206,1
905807,399214,1
906015,399227,1
906162,399293,1
905943,399305,2
906163,399318,1
905812,399419,1
906023,399450,2
905813,399489,2
906165,399533,1
901665,399644,1
906170,399736,3
906036,399756,1
906171,399760,1
953829,399908,1
906176,399994,1
906179,400094,1
906051,400270,1
906431,400280,1
906306,400419,1
906307,400490,3
906061,40078,1
906317,400976,1
906567,401244,1
906455,401246,2
906569,401310,1
906460,401505,1
903382,401540,1
906464,401581,1
906467,401760,2
906218,401816,1
906224,402012,2
951072,402019,1
906589,402061,1
906592,402186,1
906352,402303,1
906362,402721,2
901414,402722,1
906612,402723,1
906253,402736,1
899533,402759,1
906619,402890,1
952796,402970,1
905899,403283,1
906388,403331,1
906281,403412,1
906642,403425,1
906285,403573,1
906291,403688,1
906544,403708,1
906292,403724,1
906660,403778,1
906410,403789,1
906666,403859,1
906554,403867,1
899762,403920,1
906300,403932,1
906424,404017,1
906839,404082,1
905938,404093,4
907111,404114,1
947230,404220,2
906716,404240,1
906696,404278,1
907123,404390,1
906869,404575,1
906977,404584,2
906732,404644,1
906736,404733,1
906990,404923,1
906747,405153,2
952171,405226,1
907147,405243,1
907002,405302,1
907151,405309,2
906897,40534,1
906753,405357,1
907155,405445,1
906761,405514,1
906762,405551,1
900230,405596,1
906766,405619,1
907017,405631,1
907166,405667,3
904839,405668,2
907021,405702,3
907170,405839,1
906917,405895,1
906777,405938,1
906779,405997,1
906921,406035,1
907033,406044,3
907183,406148,1
907187,40633,1
907041,406392,1
907043,406459,1
900594,406670,1
907195,406735,1
907055,406743,1
907198,406772,1
906807,406883,1
907062,406931,1
906463,407028,1
906948,407066,1
906952,407216,1
907080,407317,1
907225,407710,1
906961,407721,3
907094,407955,2
907372,408016,1
907374,408121,1
906604,408411,1
904684,408419,1
907386,408546,1
907591,408577,2
895176,408618,1
907489,408645,1
907490,40867,1
907251,408687,1
899875,408780,1
907395,408875,1
907602,408925,1
907500,409239,1
907276,409340,1
907283,409609,2
907626,409697,1
907513,409904,1
900616,410096,1
907423,410108,1
907430,410572,1
943796,988692,1
936852,98879,1
908503,988914,1
952184,988936,1
899289,989001,1
943533,989246,2
901342,989401,1
942443,989435,1
941705,989464,1
936918,989470,1
911700,989667,2
943929,989742,1
933867,989839,1
942242,989909,2
902340,989967,1
942550,990112,1
942132,990229,1
927594,990275,1
901791,990449,2
939587,990602,1
928276,990627,3
939985,990701,2
943797,990726,1
925205,990883,3
925986,991023,1
906573,991114,1
925575,991201,2
943760,991222,1
926718,991227,1
952671,991228,1
921590,991240,2
901300,991394,1
945990,991563,1
901137,991660,2
949050,992002,1
923032,992203,1
944101,992482,1
926438,992492,1
939474,992524,1
928842,992529,1
943639,992537,1
928665,992547,1
908247,992558,1
905462,992705,1
928749,992740,1
921620,992807,2
929319,992876,1
925340,992983,2
944008,993044,2
932339,993171,3
936328,99318,2
943652,993211,1
923597,993384,1
944150,993440,2
901417,993618,1
916292,993672,1
939336,993678,1
930176,993681,1
943903,993745,1
943375,993756,1
940155,993808,1
929080,993860,1
939814,993895,1
905044,993962,1
929475,993981,1
899641,994238,1
925630,994305,1
907783,994428,1
941905,994448,1
928886,994486,1
930365,99449,2
944118,994579,1
944199,994634,1
937957,994757,1
944028,994764,2
943818,994885,1
943644,994891,1
936645,994900,1
920036,994941,2
937115,99500,1
902292,995025,1
943590,995117,2
936427,995182,1
950984,995360,1
947223,995469,1
909673,995500,2
918401,995539,1
943948,995549,1
943875,995570,1
926954,995638,3
939040,995644,1
942437,995705,1
916430,995779,1
937117,995869,1
922578,995870,2
951814,995917,1
901428,995937,2
943400,995951,1
942561,996032,1
936082,996147,1
909756,996181,1
902638,996198,2
949051,996218,1
946500,996228,1
909618,996288,1
940152,996319,1
906703,996324,1
907705,996398,1
931022,996472,1
926824,996734,1
902749,996741,1
851139,996750,2
908644,996881,1
942657,996911,1
934810,996985,2
959694,997036,1
943303,997065,1
922455,997149,1
919672,997161,1
919290,997214,1
940318,997348,1
936717,997357,2
909731,997410,1
903361,997441,1
918824,99748,1
942978,997510,1
935039,99753,2
922306,997914,2
920736,998087,1
947802,998141,1
944175,998160,1
928683,99831,1
920719,998403,1
908591,998413,1
944235,998441,1
923156,998631,1
944124,998648,1
907512,998716,1
938417,998781,1
911628,998830,1
924165,998907,1
938705,998952,2
896521,999182,1
942568,999229,1
944246,999287,1
924019,999543,2
920839,999762,2
942707,999806,1
928812,999985,1
897054,410597,1
907306,410638,1
907311,410865,1
907440,410945,1
907537,411045,1
904153,411277,3
950194,411944,1
907469,412325,1
907673,412361,1
907674,412426,1
902472,412502,1
907826,412613,1
907680,412720,2
947341,412839,1
908091,413016,1
907702,413126,1
902940,413146,2
907837,413194,1
908103,413306,1
907958,413444,1
907961,413539,1
907712,413641,1
907719,413867,1
907851,413900,1
902205,413950,2
907854,413954,2
908117,413983,1
907856,414031,1
907985,414418,1
899903,414433,1
947053,414510,1
902901,414657,1
908139,414694,1
907742,414703,1
903808,414743,1
907995,414787,1
908145,414910,1
896486,415421,1
907760,415500,1
908012,415619,1
907769,416092,1
908170,416152,1
907911,416461,1
907242,416505,1
907912,416507,1
908031,416508,1
907915,416556,1
908181,416573,1
900926,416609,1
945480,416645,1
907929,416893,1
907789,416904,1
905278,417099,1
907943,417148,1
908052,41715,1
908054,417225,1
908210,417320,1
907802,417341,1
906806,417481,1
898487,417526,1
908355,417574,1
907814,417719,1
908065,417736,2
908066,417777,2
903618,417946,1
908221,418001,1
904920,41802,3
908222,418055,1
908223,418110,1
895226,418358,1
907740,418484,1
908637,418512,2
908246,418776,1
948664,418929,1
908515,419017,1
948665,419318,1
908533,419700,1
908275,419704,1
947609,419798,1
955479,419838,1
908539,419906,1
908280,419929,1
908540,419935,2
908431,419981,1
908283,420059,1
908548,420144,2
908287,420174,1
906478,420681,2
908563,420854,1
908567,420993,1
908568,42104,1
901244,421075,1
901245,421076,1
908323,421234,1
908469,421262,1
908325,421354,1
908473,421430,1
908330,421487,1
908579,421519,1
959476,421639,1
908478,421665,1
896653,421666,1
908729,421744,1
908335,421872,1
908732,421979,1
908340,421983,1
908489,421998,2
908603,422376,1
904113,422470,1
909118,422494,2
908865,422525,2
901639,422564,1
908611,422659,1
908872,422749,3
908753,422883,2
908978,422895,1
908756,423028,1
909137,423039,2
898354,423049,1
908764,423127,1
945340,423190,1
908886,423216,2
899555,423363,1
908994,423428,1
909149,423463,1
909150,423493,2
909155,423650,1
908897,423667,1
908782,423726,1
948670,423772,1
946692,42390,1
909158,423906,1
908790,424086,1
851312,424102,1
908914,424173,1
909015,424191,1
909169,424196,1
908917,424265,2
908920,424537,1
908801,424677,1
909023,424684,1
908925,424711,1
908927,424786,1
908806,424894,1
908104,424932,1
901394,425063,1
908939,425107,1
908814,425129,1
908817,425313,1
909191,425374,1
908947,425444,2
908950,425497,1
909196,425505,1
898261,425507,1
909059,425733,1
908961,425763,1
909063,425832,2
959070,425910,1
908830,426084,1
908831,426123,1
908834,426193,1
909213,426328,2
908972,426418,1
909076,426451,1
909221,426538,1
908841,426544,1
908843,426647,1
945614,426686,1
909084,426723,1
909086,426763,2
909228,426767,1
909629,426973,2
909364,42703,1
954164,427284,1
909382,427544,1
909660,427801,1
909263,428038,1
946675,428200,1
909269,428288,1
909410,428332,1
895182,428396,1
909528,428434,1
909529,428473,1
909279,428509,1
909425,428714,2
909685,42880,1
909687,428872,1
909432,428917,1
909695,429074,1
951967,429092,1
909548,429178,1
909560,4298,1
909317,429831,1
909466,430245,1
909335,430423,1
909474,430430,2
909587,430526,1
909590,430596,1
909595,430762,1
901125,43090,2
909598,43091,1
909350,430941,1
909744,431030,1
909355,431084,1
909747,431144,1
909607,431184,1
910120,431293,2
910124,431438,1
909881,431445,1
909763,431448,2
909770,431649,1
945477,431796,1
909775,431927,1
909777,432004,1
910144,432174,1
909896,432185,1
910146,432243,1
910149,432278,1
910002,432300,1
910005,432461,1
910154,43249,1
909902,432522,1
910007,432539,1
910155,432585,1
909904,432709,2
910013,432731,2
909906,432748,1
909908,432793,1
909796,432827,1
909910,432956,1
909801,432958,1
909807,433136,1
910028,433227,1
909815,433423,1
910034,433454,1
946656,433567,1
908728,433682,1
909929,433762,1
910041,433765,1
910192,433767,1
909826,43386,1
908089,433910,2
909829,433913,1
910196,433928,1
909932,433935,1
909831,433943,1
910050,433975,1
895184,433994,1
895321,434049,1
910056,434120,2
910058,434148,1
949859,434187,1
910209,434196,1
909846,434218,1
910063,434226,1
910064,434283,2
909850,434314,1
910220,43439,1
905307,434394,2
953385,434395,1
910228,434530,1
954692,434592,1
898966,434644,1
909966,434652,1
910083,434661,1
909866,434695,1
910085,434739,2
909973,434750,1
909869,434762,1
910243,434794,1
909872,434910,1
910095,435006,1
910250,435073,1
909987,435179,2
949435,435180,1
910260,435237,1
910266,435340,1
910411,435396,2
910647,435413,2
910111,435444,1
945981,435471,1
910274,435493,1
905326,435548,2
910281,435643,1
896339,435717,1
910433,435809,1
910544,435869,2
910545,435912,1
896837,435923,2
910548,435941,1
910549,436013,1
910301,436038,1
910303,436063,1
910305,436100,1
910311,436228,1
910685,436258,1
910687,436322,1
951367,436331,1
953245,436398,1
905711,436466,1
904702,436505,2
910471,436510,1
910696,436523,2
910697,436568,1
910329,436571,1
910479,436676,3
910481,436697,1
953569,436703,1
910580,436747,1
910340,436805,1
910488,43681,1
950696,43683,1
910346,436870,1
910492,43689,1
910709,436932,1
910496,436952,2
910710,436972,1
910600,437017,1
898895,437034,1
910499,437036,1
910356,437065,1
908416,437072,1
910603,437107,1
895232,437152,1
910508,437250,1
910720,437275,1
910364,437282,1
910510,437291,1
910371,437429,1
910727,437567,1
910529,437591,1
910622,437592,1
910626,437721,1
910731,437727,1
910732,437738,1
905904,437753,2
910834,437803,1
900152,437896,1
909423,437945,1
910634,437980,1
910636,438057,1
910964,438058,1
910637,438124,1
899336,43813,1
910844,438137,2
910744,438195,1
910851,438254,1
910971,438267,1
910748,438301,1
910975,438334,1
910859,43836,1
910751,438385,1
911069,438402,1
908967,438405,1
911075,438583,1
910757,438607,1
910985,438636,1
910869,438642,1
910988,438680,1
952909,438695,1
911080,438724,1
896450,438746,1
911082,438753,1
896822,438769,2
911085,438800,1
911087,438860,1
911089,438954,1
910999,438986,2
911092,439006,1
850607,439037,2
905753,439046,1
911003,439053,1
954848,439082,1
911010,439214,1
910777,439219,1
952057,439263,1
910903,439376,1
911017,439392,1
909635,439581,1
910911,439623,1
911117,439632,1
911021,439647,1
911024,43974,2
910794,439816,1
910926,4399,1
910799,440005,1
911137,44014,1
910808,440250,2
910942,440287,1
911144,440289,2
911046,440314,1
910943,440393,1
911047,440449,1
911149,440546,2
911150,440566,1
951366,440690,1
911282,440732,1
910824,440765,1
911284,440772,1
910825,440792,1
911285,440797,1
902428,441046,1
911172,441062,1
911517,441097,2
911523,441225,1
900344,44134,2
911301,441383,1
911180,441399,1
911532,441402,1
911303,441405,1
958498,441499,2
911537,441579,1
911540,44168,1
911409,441800,1
911411,441818,1
898297,441824,1
911548,441833,2
911198,441844,1
911328,442019,1
911204,442128,1
911560,442380,1
948694,442396,1
911569,442665,1
911439,442797,1
911232,442896,1
911356,442948,1
911357,442997,2
895188,443197,1
911584,443233,1
911373,443563,1
850725,443621,1
903866,443770,1
911468,443989,1
899963,444095,1
911266,444221,1
911477,444256,1
949551,444269,1
911391,444377,1
911392,444466,1
911607,444499,1
911273,444530,1
958854,444611,1
911712,444695,1
901954,444802,2
909522,444920,1
911717,444927,1
911616,445067,1
911495,445153,1
911943,445172,1
911497,445236,1
911947,445249,1
911621,445345,1
911623,445356,1
911733,445382,1
911505,445383,1
911952,445412,2
911624,445423,1
911747,445789,1
911965,446049,1
911846,446085,1
911975,446524,1
911645,446866,1
911981,446885,1
911855,446905,3
911983,446944,1
898623,44707,1
911779,447075,2
911662,447272,1
911788,447429,1
911995,447564,1
953536,447575,1
911667,447772,1
910094,44778,1
911800,447832,1
912002,447866,1
906436,447911,2
912005,447932,2
906516,44795,1
911882,447979,1
911674,44802,1
911886,448188,1
911680,448211,1
912013,44825,2
911817,448371,1
911889,448379,2
897356,448511,2
911822,448534,2
911899,448780,1
911695,448888,1
899346,448922,1
912031,44934,1
912128,449343,2
899735,449344,1
912032,449379,1
911917,449465,1
911918,449551,2
911919,449581,1
911920,449719,2
905150,449740,1
912037,449777,1
949818,449890,1
899709,449906,3
912039,449920,2
912139,449981,1
911931,450184,2
912314,45019,1
912048,450261,1
911935,450290,1
912148,450376,2
912149,450414,1
950841,450534,1
898312,450605,1
952733,450663,1
912325,450668,1
912062,45069,1
912228,450720,1
912156,450753,1
912157,450797,1
912330,450859,2
899347,450861,1
950534,450892,1
912159,450898,1
901857,451246,1
912238,451264,1
912074,451331,2
912241,451335,1
912339,45135,1
908264,451374,1
945576,451535,1
908271,451546,1
912078,451552,1
912347,451617,1
912348,45166,1
904566,451715,1
912250,45177,1
953112,451836,1
897863,452091,1
947214,452098,1
959877,452444,1
946998,452458,1
912266,452630,1
945561,452658,1
912374,452744,1
912109,452809,2
912202,452811,1
899043,452864,1
911606,452904,1
912272,452942,1
912274,453007,1
912383,453054,1
912275,45313,1
912282,453463,1
946670,453578,1
912481,453592,1
912397,453665,2
912287,453729,1
912398,453735,1
911573,454326,1
908976,454412,2
912663,454423,1
912304,454469,2
908499,454488,1
953941,454527,1
912671,454616,1
912500,45474,3
912675,454752,1
912422,454760,2
898835,454887,1
912508,455015,1
900598,455088,1
912430,455194,1
908531,455261,1
850759,455262,2
912431,455264,1
912578,455278,1
912688,455441,1
902522,455642,1
908612,455691,2
898094,45581,2
912698,455838,1
912594,455864,1
912446,455929,1
912531,456063,1
850788,456172,1
912601,456196,1
912602,45625,1
898535,456252,1
912606,456413,1
912708,456414,1
908148,456430,1
912609,456529,1
912711,456545,1
912614,456754,1
912718,456842,1
896295,456895,1
912724,45709,1
912624,457130,1
912727,457152,1
912625,457181,2
912559,457214,2
905413,457278,1
912471,457279,1
909006,457415,1
956713,457628,1
912478,457642,1
912739,457697,1
907136,457892,1
904573,45790,2
912641,458040,1
913005,458160,1
851201,458538,1
913012,458557,1
912836,458595,2
912758,458619,1
898403,458660,2
950697,458955,1
912924,45902,1
898951,459058,2
912927,459137,1
912928,459200,1
912931,459343,2
949651,459386,1
912848,459398,1
912850,459451,1
912852,459542,1
912854,459630,1
912855,459753,1
898600,459930,1
912939,459954,2
945634,459976,1
912940,460077,1
901834,460349,1
912945,460449,1
908594,460553,1
913043,460560,4
912866,460564,1
898559,460584,1
912870,460820,2
954195,460932,1
913051,460946,1
908748,460955,2
913053,461072,2
912956,461142,2
913055,461187,1
912793,461198,1
908274,461209,1
912794,461263,1
912880,461321,2
912960,461355,1
912881,461362,1
958997,461507,1
907895,461552,1
908569,461635,2
912800,461637,1
912886,461655,1
912964,461778,1
913062,461950,1
912891,462212,1
912805,462225,1
912893,462327,1
908783,462432,1
912901,462749,1
912809,462756,1
912903,462847,1
912974,462894,2
912913,463207,1
912787,463489,1
913085,463727,1
905287,463801,1
913172,463856,1
912987,463868,1
913175,463948,2
850329,463953,2
913178,464125,1
913094,464399,1
913184,46440,1
913341,464469,1
913000,464571,1
913344,464614,1
946871,464649,1
910377,464668,1
913103,464752,1
913256,46480,1
948683,464855,1
947095,464896,1
913261,465062,1
913110,465090,1
913112,465152,1
913191,465168,1
913271,465355,1
913354,465356,1
913199,465458,1
909843,465467,1
910310,465476,1
948686,465687,1
851365,465707,2
908921,465787,1
898467,466030,1
899041,466189,1
851381,46625,1
913283,466395,1
913129,466405,2
913286,46658,1
913132,466654,1
913372,466829,1
913221,466838,3
913140,467116,1
958470,467121,1
913294,467135,1
913141,467250,1
913381,467283,1
913233,467307,1
950620,467487,1
913388,467765,1
947126,467785,1
913152,467921,1
913310,468033,1
910821,468202,2
913156,468254,1
901548,468277,2
913317,468287,1
913162,468437,2
913320,468447,1
913163,468459,1
897466,468616,1
913587,468696,1
851610,468714,1
951264,468895,1
910841,469120,1
913419,469221,1
913328,469419,1
913603,469424,1
913423,469502,1
945912,469528,1
902773,469628,1
850905,469680,1
913685,469692,1
913609,469739,1
957121,469854,1
907897,469970,1
956786,470003,1
913437,470126,1
913439,470199,1
913620,470345,1
913623,470425,1
913445,470523,1
913702,470533,1
913536,470761,1
958791,470782,1
913705,47084,1
913636,470892,1
913453,471008,1
913542,471078,1
913644,471135,1
910814,471389,2
949669,471563,1
950030,471565,1
945482,471610,1
913553,471642,2
905270,471692,1
913732,471853,1
913736,471959,1
913562,472012,1
913663,472063,2
958510,472074,1
948697,472092,1
913485,472343,1
913573,472357,1
913574,472411,1
913674,472416,1
913488,472433,1
913577,472497,1
913493,472674,1
913682,472807,1
913867,472870,1
913782,472915,1
911633,472958,2
914044,473060,2
911713,473081,1
911006,473128,1
913786,473136,1
914045,47320,1
902060,473228,1
953919,473267,1
913774,473411,1
914056,473591,1
911752,473671,1
913889,473699,1
913955,473748,1
913799,47382,1
905029,473844,1
901148,473877,1
914062,473879,1
914066,474023,2
913808,474103,1
914070,474154,1
913963,474210,1
899452,474297,1
913967,474306,1
914080,474324,2
914082,474367,1
947027,474507,1
947229,474552,1
945914,474554,1
908977,47468,1
913822,474708,1
896162,474832,1
913983,474940,1
912764,474953,1
913917,475026,1
903661,475052,1
851285,475115,1
914097,475147,1
913925,475162,1
913840,475225,1
914104,475278,1
913931,475332,1
914107,475382,1
913845,475384,1
913935,475393,1
906050,475438,1
907244,475482,1
914007,475604,1
914112,475612,1
913849,475615,2
911045,475675,1
914010,47572,1
913943,475794,1
949188,475877,2
914016,475881,1
914020,476014,1
914130,476103,1
908174,476254,1
949207,476289,1
954242,476300,1
914026,476322,1
914369,476488,1
914138,476524,2
914140,476562,1
914377,476765,2
914234,477074,1
914238,477216,2
914153,477244,1
911278,477268,1
913523,477516,1
914397,477602,1
910852,477673,1
897431,477686,1
914165,477689,1
953493,477754,1
914167,477779,1
901928,477947,1
899765,478224,1
914179,478301,1
903139,478332,1
914182,478414,1
914270,478415,1
914184,478514,2
914416,478539,1
904883,47877,2
905915,47891,1
914333,478923,2
914192,478932,1
914334,47899,1
911489,479053,1
914336,479079,1
914339,47929,1
914342,479438,1
914348,479912,1
914431,479930,1
914432,480064,1
914668,480104,1
951565,480125,1
914669,480202,1
914671,480258,1
895546,480289,1
914672,480345,2
914674,480422,1
914439,480563,1
914512,480656,1
914440,480913,2
910586,481073,1
950365,481448,2
914584,481459,1
914447,481476,1
914590,481764,1
954385,481810,1
908946,481845,1
914528,481955,1
959343,482115,1
914596,482154,1
914695,482252,1
914599,482279,1
904317,482297,1
914696,48239,1
959590,482465,1
914701,482887,1
914541,48296,1
914702,483025,1
901177,483133,2
914705,483374,2
914470,483441,1
914615,48347,1
914616,483566,1
914550,483698,1
913494,483759,1
914475,484099,2
914476,484237,1
914557,484287,1
895341,484389,1
914717,484390,1
914480,484459,3
914632,484595,1
911887,484712,2
947800,484813,1
914729,484872,1
914487,484873,2
914573,485021,1
914642,485023,1
900980,485043,2
914737,485470,2
958721,485504,1
914977,485540,1
914820,485746,2
903996,485873,1
914825,48605,1
914659,48610,1
914664,486291,1
951955,486320,3
850589,486566,1
913296,48679,1
914995,486878,1
914908,486909,1
914839,48693,1
914913,48708,1
914915,487184,2
915000,487189,1
915003,487428,1
914921,487635,2
915009,487778,1
915010,488014,1
914781,488395,1
915014,488405,1
850953,488593,2
915018,488613,1
914786,488699,1
915021,488748,1
914933,488873,1
915027,489329,1
915028,489388,1
914868,489396,1
914941,489415,1
914870,489445,1
915033,489511,1
914799,489590,1
914950,489668,2
956887,489769,1
915038,489794,1
914953,489874,1
915044,489958,1
914957,490092,1
914959,490163,1
914961,490249,1
915050,490254,2
914817,490339,1
914818,490404,1
956988,490438,1
946815,490505,1
914965,490525,1
954248,490605,1
915219,490789,1
914969,490834,1
915064,490851,1
915066,49093,1
915225,491022,2
915304,491065,1
915070,491166,1
915229,491178,1
915230,491245,1
959386,49136,1
915143,491391,1
915314,491488,2
915239,491537,1
915316,49158,2
911200,491652,4
915319,491793,1
915086,491866,2
915322,491870,2
851271,492023,1
915326,492037,3
915328,492085,1
915093,492167,1
915250,492244,1
915157,492263,1
905618,492304,1
915284,492453,2
915101,49255,1
915338,49273,1
915168,492746,1
851473,492941,1
915262,492961,1
915264,493058,1
915110,493073,1
915265,493120,2
898864,493565,1
915354,493701,1
915356,493799,1
915126,493827,2
915191,494161,1
951102,494201,1
902276,494265,1
915132,494277,1
915133,494298,1
953241,494299,1
914774,494311,1
896804,494335,1
915197,49441,1
915370,494412,1
915290,494415,1
915141,494671,1
915296,494687,1
915297,494737,2
915373,49481,2
915374,494885,1
915606,49512,2
915380,49518,2
902513,495186,2
915608,495203,1
915381,495220,1
915210,495301,1
899944,49531,1
915385,495440,1
915529,495843,1
915394,49590,1
902086,49599,1
851037,496117,1
914772,496265,1
950498,496282,1
915487,496341,2
915625,496463,1
895245,496571,1
915489,496663,1
906374,496712,1
915491,49674,1
915633,496845,1
915413,496859,1
906188,49697,3
915638,497047,1
915550,497110,1
915419,497221,1
915641,497331,1
915499,497345,1
915556,497346,1
915653,497731,1
915655,497757,3
914281,497875,1
948728,498184,1
902331,498230,2
915444,498825,1
915452,499274,1
910455,499497,1
915675,499561,1
958855,499604,1
915681,499737,1
915842,499757,1
915762,499806,1
954795,499822,1
959511,499959,1
948731,499991,1
914564,499998,2
915599,500014,1
915848,500087,1
915851,500163,2
915602,500188,2
947033,500263,1
955698,500329,1
946929,500353,1
915855,500373,1
915775,500384,1
915700,500514,1
915928,500528,2
915930,50058,2
915776,500589,1
915779,500754,1
915780,500867,1
915781,501095,1
915711,501155,2
915941,501246,2
915783,501252,2
915713,501258,1
915944,501294,1
915785,501300,2
915875,50159,1
915880,501737,2
896899,501787,1
915884,502195,1
915885,502252,1
915728,502297,2
954042,502358,1
915732,502510,1
915967,502573,1
915970,502709,1
949142,502737,1
898544,502838,2
915902,503037,1
915743,503094,1
915746,503279,2
915748,503478,1
915977,503502,1
901603,503610,1
914856,503726,2
915985,503968,1
850904,50418,4
916238,504378,2
916089,50444,1
913969,504485,1
916000,504525,1
916244,504599,1
916093,504667,1
957042,504884,1
916246,504927,1
916163,504983,1
916099,504998,1
952646,505093,1
916250,505177,1
916030,505286,1
916102,505303,2
916257,505682,2
916259,505758,2
897876,505851,1
909925,505864,1
916109,505920,1
916039,50600,1
951493,506046,1
950685,506070,1
916115,506214,2
916117,506251,1
950876,506293,1
912853,506345,1
916046,506350,2
916047,506453,1
904667,50648,1
916048,506514,1
916278,506769,1
916128,507015,1
916129,507044,1
916060,507082,1
916202,507144,1
910317,507188,1
916205,507242,2
916063,507253,2
916289,50730,1
916064,507307,1
901788,507401,1
904219,507673,1
916148,508069,1
916217,508147,1
950044,508186,2
914909,508563,1
916312,508635,1
908347,508664,1
916320,508794,1
907087,508919,1
916408,509103,1
906245,509221,2
916586,50923,2
916231,509362,1
916334,509570,1
916234,50959,2
916339,509810,3
916420,509923,1
916594,509926,1
916340,509966,2
946738,510169,1
916600,510171,1
916346,510193,1
916497,510196,2
946485,51030,1
916434,510452,1
916351,510656,1
947107,510792,1
916506,510820,1
903389,511071,1
916613,511208,1
916517,511578,1
916524,512053,1
948700,512078,1
916525,512119,1
916453,512291,2
910182,512609,1
916382,512798,1
916459,512826,1
896865,512926,2
916637,513177,1
916389,513395,1
916390,513444,2
916649,513735,1
950884,513743,1
916552,513752,1
916553,513826,1
916475,513942,1
916478,514130,2
950986,514327,1
947592,514369,1
851280,514485,1
916568,514608,2
916485,514657,1
916665,514807,2
952555,514896,2
916667,514957,1
916916,515069,1
916670,515112,1
916575,515144,1
916756,515186,1
916758,515209,1
916842,51578,1
916926,515913,1
916767,515942,1
952000,516096,1
916937,516632,1
907199,516692,1
907522,516753,1
916940,516761,1
916689,516816,1
916690,516894,2
916946,517039,1
916859,517091,1
916786,517114,1
916790,517197,1
916863,517205,1
950414,517283,1
916705,517330,1
916793,517340,2
916867,517396,3
916956,517425,2
916708,517545,1
916960,517594,1
916709,517617,1
916802,517699,1
916804,517758,1
916807,517952,1
916882,518218,1
916815,518267,1
950182,518291,1
916817,518404,2
916818,518423,1
916819,518504,1
909624,51851,2
909585,518540,1
916886,518638,1
958434,518920,1
916735,518958,1
910594,519052,1
916896,519056,1
916993,519123,1
905262,519129,1
916837,519153,1
916741,519218,1
915490,519332,2
916746,519417,1
951480,519592,1
916906,519685,1
917005,519747,1
959663,519839,1
897602,51993,1
913988,519967,1
917012,519973,1
917175,519980,3
916913,519988,1
917014,520033,1
917177,520040,1
951459,520187,1
917182,520232,1
917021,520287,2
917252,520398,2
917094,520401,1
917193,520544,1
917197,520763,1
917105,520882,1
917203,520994,1
917268,521056,1
955316,521091,1
917045,521174,1
947086,521280,1
917117,521336,2
917049,52136,1
917275,521395,1
903644,521675,2
917126,521833,1
917285,521904,2
917055,521979,1
949427,521991,1
917220,522031,1
917288,522075,1
917132,522197,1
917133,522247,1
917229,522252,2
917137,522301,1
917297,522327,1
917231,522335,1
917233,522370,1
917067,522401,1
917235,522412,1
917147,52274,1
917309,522801,1
917310,522843,3
917241,522917,2
917314,522951,1
907280,522992,1
917244,523059,2
917317,523061,1
917156,523128,1
917328,523265,2
917158,523278,2
917423,523295,1
917343,523315,1
902815,523350,1
917493,523371,1
898351,523389,1
908858,523448,1
917428,523508,1
917496,523536,1
917430,523592,1
917564,523617,1
917567,523737,1
917358,523925,1
950527,523992,1
905252,523995,1
917509,524283,1
917512,524375,1
917364,524401,1
951807,524406,1
917369,5246,2
917371,524648,2
917517,524667,1
917518,524695,1
917586,524710,2
917519,524730,1
917588,524757,1
949905,524869,5
917524,524876,1
917455,524891,1
917592,524893,1
917380,52491,1
950858,524910,1
917596,525042,1
948708,525155,1
917532,525183,1
917533,525235,1
910160,525298,2
917603,525323,1
917395,525348,1
917467,525378,2
911345,525432,2
917607,525437,1
954280,525461,1
917396,525468,1
917470,525496,1
948709,525504,2
917539,525601,2
917612,52563,2
917615,525723,1
917402,52578,1
895472,525877,1
917619,525885,1
917546,525961,1
917410,526043,1
917621,526061,1
917412,526155,1
917551,526186,2
917486,526211,1
917622,526242,2
917414,526282,1
917554,526310,1
917419,526442,1
904479,526467,1
917778,526611,1
917643,526639,1
917630,526716,1
917784,526848,1
917785,526919,1
917635,527017,1
917648,527123,1
917788,527125,1
896089,527380,1
904870,527404,2
917793,527418,2
917658,527552,2
917795,527555,1
917729,527626,2
895365,527714,3
916215,527716,1
917851,527756,1
948716,528018,3
950136,528234,1
902381,52834,1
899943,528510,1
949955,528856,1
900286,528888,1
897872,528925,1
910894,528984,1
917745,529148,1
917746,529212,3
917689,529418,1
917817,52943,2
917876,529522,1
917819,529553,1
917695,53,1
917696,530113,2
917824,53013,1
917828,530431,1
917757,530492,1
917702,530582,2
917760,530589,1
948724,530719,1
917763,530747,1
917898,530844,1
917899,530917,2
947536,530928,1
917715,531385,2
895369,531699,1
917773,531709,4
918056,531775,3
917907,531821,1
918002,531989,1
917920,532023,2
917921,532126,1
917911,532195,3
918062,532365,1
907339,532366,1
918063,532530,1
918005,532551,1
918140,532896,1
918008,532900,2
911052,532923,1
917937,533017,2
895566,533127,2
918074,53327,1
949254,533540,1
904022,533550,3
899070,533558,1
898797,533565,1
917946,533643,1
946930,533790,1
917954,533980,2
918022,534031,1
850821,534130,2
918024,534214,1
906247,534454,2
917960,534559,1
918028,534733,1
918029,534746,1
918095,534748,1
918173,534761,1
917963,534950,1
918178,535042,1
918106,535186,1
917970,53519,1
918034,535241,1
953119,535328,1
918109,535407,1
917973,535422,2
918036,535474,1
917977,535486,1
901959,535626,1
917983,535698,1
918118,53591,1
918045,536182,1
916973,536426,1
918050,536431,1
918130,536438,1
850723,536444,1
918223,536653,1
950083,536755,1
918342,536775,2
918570,536786,1
918229,536835,1
904087,536959,1
918349,537039,1
901996,537070,2
918243,537201,1
897140,537230,1
918462,537341,1
950138,537420,1
918596,537530,1
918256,537687,1
918471,537768,1
918383,537990,1
918620,538164,1
918279,538196,1
918622,538219,1
918486,538271,1
918625,538324,1
951941,538455,1
918292,538629,1
918634,538667,2
918408,538896,1
910924,538946,1
918411,538949,1
918501,538989,1
915693,539016,1
918416,539053,1
918426,539449,1
918508,539451,1
918427,539464,1
918510,539494,1
918511,539535,1
918430,539555,1
913486,539585,2
918309,539599,1
918648,539698,2
918433,539704,1
850665,539749,1
899287,539757,1
895569,539780,2
954043,539849,1
918653,539931,1
918524,540173,1
918448,540338,1
918528,540347,1
918534,540585,2
918322,540640,1
918537,540661,1
901383,540761,2
903837,540828,1
918798,541090,1
918678,541182,1
906056,541337,1
918804,541397,1
910298,541477,2
919018,54150,1
918562,541505,1
918810,541841,1
918812,541913,1
918707,542009,1
919031,542092,1
918823,542325,3
919039,542427,2
909631,542467,1
903371,542534,1
902073,542591,4
918909,542615,1
959794,542736,1
919045,542748,1
918916,542809,1
918837,542913,1
918732,542994,1
957132,543089,1
918739,543128,1
959958,543253,1
918843,543295,1
918928,543433,1
913608,543467,1
919066,543753,1
918933,543815,1
918854,544036,1
918857,544175,1
919075,544183,1
918944,544200,1
918946,544221,1
918765,544225,1
918948,544241,1
918769,544354,1
918864,544364,1
918952,544365,1
918771,544377,1
918955,544434,3
918870,544532,1
947330,544884,1
918782,544897,1
918879,544913,1
918977,545118,1
918787,545128,1
918978,545136,1
916982,545171,1
919109,545251,1
850604,545537,1
919138,545596,1
919522,545637,1
906223,54568,1
906025,546032,1
919407,546202,1
919539,546237,2
911986,546257,2
919177,546281,1
905015,546352,1
896844,546536,1
919545,546570,1
902824,546606,1
919189,546637,2
905852,546731,1
919200,546821,1
919205,54706,1
919344,547397,1
909153,547433,1
950910,547571,1
899530,547877,2
919350,547892,1
915391,54818,2
919455,548572,1
919581,548632,2
919251,548912,2
919468,549063,2
910040,549281,2
919370,549360,1
919473,549364,1
912962,54960,1
952570,549745,1
915926,549759,1
919383,549836,1
948722,549861,1
919385,549953,1
919386,550048,1
903412,550136,3
919275,550209,1
904400,550581,1
903671,550710,2
919616,550725,3
919287,550921,1
915876,55106,1
906901,551097,2
910773,551225,1
919626,551276,2
919747,551456,1
919957,551538,2
919634,55161,1
919960,551741,1
919757,551918,1
956766,552003,1
919964,552041,1
909609,552306,1
919850,552309,1
919971,552479,1
919981,552800,1
919772,552878,1
919982,55292,1
919659,553054,1
919660,55315,1
919777,553201,1
919664,553266,2
907169,553283,1
919780,553379,1
919870,553418,2
919782,553530,1
919787,553786,1
919790,553817,1
919793,553934,1
919678,553981,1
919883,554129,1
919684,554132,3
920016,55415,1
959602,554167,1
919806,554276,1
850824,554576,1
919897,554586,1
953963,554931,1
850849,555025,2
919906,555060,1
910812,555226,2
915445,555312,1
900865,555352,1
915327,555427,1
919714,55578,1
897368,555875,1
920056,555935,2
919718,555952,1
920058,556016,1
949088,556064,1
919722,556161,1
919929,556180,1
919730,556649,1
920076,557004,1
919735,557007,1
920207,557086,1
920545,557188,1
906309,557491,1
920562,557710,1
920090,557842,1
920221,557865,1
920092,557925,1
920093,558056,1
920225,558095,1
920226,558261,1
897027,558331,1
920579,55847,1
920230,558585,1
920369,558721,2
920112,559064,1
954933,559192,1
895481,559464,1
914052,559674,1
959634,559936,1
920242,559970,1
909658,560066,1
920243,56008,1
920618,560084,1
920250,560459,1
920624,560479,2
920415,560677,1
920634,560810,1
920421,560831,1
920263,560867,1
920136,560944,1
903849,560992,1
920270,560994,1
904001,561198,1
916645,561657,1
920295,561803,1
952077,561856,1
920464,562119,1
920473,562479,1
920693,562496,1
947439,562513,1
920177,562676,1
920718,562844,1
920343,563019,1
920499,563034,1
920728,563302,3
901965,563352,1
920730,563389,1
920927,563482,2
916534,56352,2
919935,563567,1
921296,563599,1
920740,563688,1
920533,563789,1
921305,563827,1
948741,563931,1
905202,564008,2
921127,56407,1
921133,564170,2
920953,564194,1
920888,564298,1
920772,5644,1
920781,564538,1
957006,564557,1
920975,564602,3
920979,564643,1
920990,564931,1
921158,564968,1
921349,564982,3
921357,565202,1
920805,565214,1
921169,565230,1
920808,56528,1
919731,565557,1
921370,565568,1
920822,565576,1
921372,565650,1
920826,565700,1
902061,565838,2
921381,565922,2
947328,565983,1
921048,566057,1
920861,566341,1
921395,566368,1
850645,566397,1
909028,566485,1
921224,566790,1
921405,566791,1
920879,566801,1
921082,566822,1
921226,566827,1
921406,566861,1
904444,567029,1
952554,567033,1
920889,567038,1
904347,567061,2
921250,567306,1
902683,567334,1
920908,567396,1
920910,567441,1
948744,56748,1
921261,567507,1
921433,567626,1
921267,567678,1
912709,567754,1
921601,567762,1
913375,567774,1
921610,568043,1
921779,568047,1
921787,568201,1
921290,568217,1
914897,568395,1
921929,568425,1
921624,568446,4
921933,568467,2
921625,568494,3
921467,568611,1
916611,568633,2
921638,568740,1
921944,568754,1
921641,568797,1
904992,568831,2
921952,568924,2
921818,569044,1
921492,569064,1
921962,569125,1
921965,569185,1
921824,569194,2
921967,569300,1
946200,569363,1
921669,569378,2
921513,569459,1
921836,569505,1
904924,569765,1
921526,569883,1
952213,56990,2
911494,569956,1
957287,569974,2
921990,569982,1
904413,570011,1
949591,570144,1
921699,570215,1
921994,570337,1
921997,570398,1
922002,570640,1
921543,570701,1
922013,571066,1
896270,571139,2
907072,571294,1
921881,571299,2
904164,571302,1
922021,571388,1
922023,571423,2
921887,571465,1
922026,571514,1
922038,572105,1
922045,57241,3
950680,572414,1
922048,572446,1
922051,572593,2
921596,572713,2
897943,572957,1
905513,572964,1
922065,573032,1
905517,573042,1
922073,573244,1
922075,573357,1
922397,573373,3
922400,573547,1
922104,573598,1
919185,573607,1
920265,573669,1
919508,573674,1
956633,573889,1
922114,573940,1
922531,573950,1
922535,574167,1
903219,574284,1
922425,574667,1
904119,574862,1
922295,574886,1
910170,575019,2
922553,575055,1
901556,575260,1
895276,575562,1
917123,575571,1
901804,575584,1
922153,575618,3
905883,575626,1
922447,575804,1
922314,576128,2
922315,576172,1
898956,576192,1
897507,576211,2
922575,576324,1
904393,576450,1
922171,576460,1
922173,576769,1
922467,576955,2
922324,577010,1
922177,577215,1
922473,577386,1
922181,577412,1
922593,577556,1
922480,57767,1
922190,57788,1
948751,578335,1
920893,578825,1
922014,578922,1
945377,578958,1
922353,579030,1
922211,579146,1
922620,57924,2
949972,579323,1
922624,579356,2
909181,579759,2
922374,580101,1
923090,580397,1
950148,580516,1
910970,580527,1
922790,580537,1
923095,580554,1
907764,580636,1
923100,580654,1
921540,580756,1
923105,580868,1
922674,581015,1
922652,581083,2
922806,581260,1
950285,581267,1
922097,581467,2
922679,581471,1
922814,581587,1
898483,581823,1
919878,581844,1
923125,581907,1
919393,581924,1
922690,582046,1
923135,582249,1
923140,582576,1
946126,582778,1
899094,582931,1
922705,582940,1
922709,583149,1
921984,583172,1
952890,583180,1
922859,583477,1
910560,58360,1
954861,583733,1
917882,583808,2
901847,583838,1
922730,583924,1
920453,583948,1
921989,583988,2
922735,584112,1
923006,584417,1
922886,584523,1
957128,584603,1
922750,584696,1
923021,584739,1
923023,584851,2
923024,584978,1
923194,585007,1
923026,585031,2
923196,585036,1
923029,585062,1
923031,585137,2
909362,585565,1
922764,585594,1
923047,585810,1
922770,585835,2
900619,586313,1
923384,586583,1
923664,586924,1
923390,586982,1
907375,587080,1
923257,587166,1
923417,588035,1
923697,588205,1
922256,588218,2
923533,588224,1
923081,588239,1
923287,588391,2
948768,588415,1
923426,588523,1
920956,58855,1
923706,588558,1
923547,588831,1
921645,588867,1
923716,588897,1
923442,588975,1
908545,589015,1
923304,589080,1
923723,589131,1
923725,589208,1
923560,589301,1
923453,589367,1
923312,589442,1
923456,589492,1
923313,589580,1
923458,589609,1
923316,589686,1
923572,589724,1
923464,589750,1
923735,589785,1
923322,589786,1
923577,589794,1
898318,589804,2
900322,589850,1
923329,589894,1
923474,589929,2
923707,589947,1
923746,589978,1
907492,590092,1
949880,590289,1
923601,590326,1
923603,590455,1
923757,590457,1
923609,590597,2
923496,590728,1
909018,590755,1
913588,590888,1
958514,590948,1
923357,590983,1
901179,591086,2
923507,591164,1
903493,591177,1
923776,591225,2
923931,591236,2
923780,591333,1
913414,591353,1
923939,591414,2
923629,591448,1
923639,591661,1
946022,591714,1
920261,591717,1
923643,591737,1
946403,591832,1
923957,591889,2
956776,591957,1
924057,592032,2
907085,592185,2
924242,592278,1
923969,592311,1
924064,592318,2
923817,592324,1
895587,592439,1
923974,592449,2
924254,592455,1
923978,592531,1
924076,592633,1
923830,592796,2
923835,592945,3
920991,593104,1
924286,593172,2
923845,593295,1
923852,593388,1
850776,593406,2
955283,593541,1
923857,593560,1
924005,593579,1
899384,593698,1
905998,593755,1
923240,59381,1
924310,593922,1
924113,593970,1
923874,593991,1
923531,594037,2
924022,594063,1
924321,594121,1
923879,594132,1
901004,594149,1
924124,594220,2
923884,594289,1
924333,594345,1
959599,594372,1
904450,594450,1
924035,594469,1
924133,594568,2
924347,594623,1
924041,594663,1
924143,594802,1
924155,595008,1
923909,595066,1
945515,595095,1
921015,595159,1
954141,59518,1
946369,595229,1
923918,595374,1
915542,59543,1
953120,595548,1
952230,595629,1
924742,595653,1
913196,595661,1
924396,595800,1
909392,595843,1
924567,595925,1
924410,596440,2
924585,596578,2
924876,596707,1
901598,596805,1
923843,596813,1
924429,596845,2
913936,596887,2
924887,596895,1
924891,596957,2
919356,597144,1
924442,597151,2
924445,597194,1
923028,597206,1
924625,597238,1
904868,597406,3
918533,597435,1
899434,597568,1
923362,597591,1
922657,597652,1
924642,597671,1
924477,598031,1
899488,598141,3
910130,598144,1
924827,598255,1
924958,598258,3
924489,598272,1
924828,598280,1
948773,598766,1
924973,598800,1
903449,599100,2
950783,599146,1
924516,599188,1
924519,599350,1
924991,599406,1
900675,599594,2
924996,599672,1
921206,599777,1
924708,600012,3
925014,600215,1
924867,600380,1
924729,600612,2
925066,600932,1
925447,601034,1
925450,601106,1
925039,601130,1
850945,601255,1
905112,601275,1
925053,601328,1
925463,601412,1
851411,601427,1
925465,601432,1
907771,601629,1
925094,601641,1
925468,601643,3
925583,601645,1
925100,601797,1
925473,601814,1
925285,601846,1
925480,601977,1
925481,602194,1
910968,602287,1
925602,602300,1
911480,602314,1
925606,602434,1
925492,602682,1
925310,60272,2
925122,602988,1
851184,603003,1
955510,603381,1
946464,603433,1
895278,603547,1
895391,603801,1
908269,60386,1
925152,603877,1
925651,603932,1
924573,603956,1
925521,603978,1
904178,604067,1
920892,604100,1
850722,604104,2
911698,604165,2
925357,604191,2
951013,604270,1
925365,604342,1
925367,604387,1
916237,604486,1
900916,604546,1
951002,604597,1
904642,604796,1
922233,604909,2
925685,605008,1
925203,605096,2
904830,605111,1
906048,605442,1
925213,605446,1
904073,605882,1
923520,605884,4
913252,605916,1
925706,605961,1
913154,60603,1
925755,606656,1
925762,60684,2
925767,606966,1
925744,607110,1
850331,607587,2
922338,607634,2
922550,607714,1
905543,608138,1
912049,608147,1
913459,608390,1
923632,608432,1
907287,608482,1
925957,608573,2
924047,608679,2
922271,608728,1
926140,608756,1
906276,608938,2
925819,609111,1
903438,609132,2
925823,609165,1
915823,609169,1
916344,609229,1
921255,609467,1
925829,609598,1
949585,609618,1
925991,609645,1
909715,609711,1
926287,609915,1
926000,609955,1
924848,610193,3
926181,610413,1
919297,610556,1
850647,610709,1
925853,610762,1
926318,610819,1
926319,610870,1
925861,611203,1
926335,611506,1
911942,611578,1
926206,611725,1
917136,611844,1
896830,612024,1
926217,61204,1
946536,612099,1
925896,612193,1
925769,612222,1
926060,612304,1
926366,61267,1
914814,612792,2
926370,612894,1
926572,613135,1
926405,613252,1
926577,613270,1
926589,613636,2
926593,613752,2
926418,613830,1
922563,613966,2
908361,614168,1
926748,614385,1
926975,614545,1
896806,614826,1
906719,614860,1
926984,614930,1
922566,614958,3
926769,615007,1
905873,615143,3
926630,615212,1
926999,615258,1
926779,615294,1
926463,615516,1
927014,615556,2
922949,615585,1
926474,615713,1
926476,615762,1
926477,615775,1
926659,615917,1
926808,615960,1
926661,615975,1
909830,616006,1
922804,616018,1
926135,616189,1
954124,616299,1
903986,616392,1
921301,616410,1
897543,616426,1
927054,616454,1
926510,616502,1
918514,616545,2
926517,616597,2
915371,616610,1
921356,616767,1
922042,616780,1
926853,616821,1
904982,616934,1
926864,617007,1
927082,617053,1
926842,617169,1
926540,617196,1
905662,617302,1
927090,617332,1
926545,617343,1
926892,617662,2
927116,617929,2
951206,618002,1
926907,618023,2
927429,618063,1
957034,618159,1
926915,618269,1
923698,61842,1
927460,619194,1
927463,619315,1
927628,619395,1
907437,619425,1
927634,619596,1
927637,619699,1
927167,619961,1
948764,619968,1
927305,620112,1
924193,620231,1
906889,620243,1
927176,620418,2
924994,620440,1
927513,620737,1
927668,620779,1
927671,620886,1
927181,620898,1
927517,621004,1
925451,621173,1
927526,621188,1
927535,621518,1
927195,621598,1
952769,621646,1
927693,621649,1
954590,621674,1
949478,621688,1
927344,621697,1
918415,621859,1
927210,621862,2
927557,621871,1
927703,621885,1
927214,621954,1
927361,621994,1
927222,622071,1
927577,622323,1
921292,622622,1
907884,622638,1
927408,623085,1
924579,623111,1
927914,623293,1
928206,623388,1
927922,623501,1
902606,623511,1
916668,623556,1
928214,623627,1
928086,623660,1
927533,623707,1
908072,623763,1
920915,623768,1
945488,623855,1
922360,623948,2
928102,623978,1
919320,624049,1
927945,624094,1
927946,624142,3
927794,624216,1
959504,62428,1
927796,624289,1
928243,624302,1
927949,624315,2
927955,624451,1
928127,624502,1
927805,624560,1
919758,624599,1
928136,624871,1
928268,625012,1
927827,625055,1
928272,625087,2
928150,625194,1
959234,625225,1
901442,625370,1
926688,625420,1
928283,625422,2
928289,625533,1
928167,625570,1
911153,62559,1
904956,625626,1
927856,625905,2
928019,626217,1
928187,626242,1
928313,626245,1
928021,626263,1
928325,626730,1
921864,626870,1
908299,626872,1
928329,626941,2
928331,626980,1
928334,627048,1
928655,627390,1
925087,627449,1
908491,627892,1
928373,628138,1
896963,62822,1
928379,628310,1
928670,628442,1
927208,628497,1
928674,628610,1
928388,628613,1
928675,628686,1
928541,628993,1
907801,629001,1
928391,629003,1
922714,629086,1
928680,629175,1
954948,629443,1
928395,629449,1
928554,629451,1
928802,629463,3
928397,629500,1
919204,629667,2
928697,629815,1
908604,630220,2
923937,630256,1
928432,630825,1
928595,631533,1
954825,631544,1
921570,631600,3
928849,63171,2
928859,631968,1
897792,63202,1
904233,632076,1
948785,632078,1
928460,632152,1
928753,632178,1
928042,632500,1
928758,632518,1
911293,632526,1
950722,632685,1
928634,632695,2
923295,633273,1
929352,633332,1
929093,633365,1
929355,633659,1
929097,633674,1
928937,633832,1
929111,634350,1
908099,634379,1
954358,634420,1
929229,634431,1
951861,634514,1
898282,634525,2
907479,634551,1
928962,634668,1
907749,634774,1
929382,635040,1
909334,635148,1
929248,635290,1
948789,635442,1
927058,635914,1
913993,636087,1
929002,636292,1
929005,636384,1
929008,636429,2
897955,636437,1
908915,63671,2
929174,636717,1
928994,636802,1
929023,636912,1
929186,636980,1
929026,637043,2
910546,637146,1
929192,637164,1
929303,637195,1
929038,637333,1
929310,63743,2
922615,637608,2
929450,637702,2
920646,637723,1
958610,637825,1
902462,637932,1
896884,637971,2
929070,63802,2
907694,638409,1
929337,638475,1
929340,638540,1
912240,638644,1
928364,638716,1
922145,638804,1
850823,638812,4
952649,638821,1
929347,638878,1
929617,639170,2
919354,639397,1
905144,639442,1
929838,639563,1
924156,639667,1
927846,639696,3
929840,639737,1
929845,639855,2
902970,640050,1
929760,640093,1
929853,640175,1
929858,640343,1
929646,640369,1
897400,64048,1
900248,640673,1
929864,640720,1
929775,640730,2
929672,641650,1
952650,641702,1
951744,641752,1
902421,641815,1
929799,641826,2
929895,641947,1
929800,641952,1
918381,641963,2
912335,641969,1
927944,641977,1
929694,642056,1
920128,642082,1
929901,642132,1
946818,642192,1
929902,642197,1
929573,642218,1
954837,642286,1
954770,642447,1
851207,642500,1
929706,642530,1
929815,642558,1
945353,643109,1
921626,643240,1
930062,643387,1
928236,643389,1
929927,643399,2
926706,643511,4
903016,643669,1
914078,643754,2
908326,643755,1
927505,643874,1
930078,643894,1
926694,643926,1
927132,644122,2
851132,644127,1
922344,644291,2
924162,644303,1
929971,644421,1
930207,64447,1
922352,644556,1
930103,644802,1
907293,644899,1
929987,644903,1
922279,644936,1
949965,644959,1
903876,645144,1
919762,645183,1
930230,64528,1
928780,645281,1
930002,645413,1
924802,645422,1
930133,645548,1
946206,645774,1
923204,645777,1
930136,645886,1
906343,64595,1
924937,646174,1
930383,646263,1
930262,646318,1
930387,646336,1
930267,646579,2
952576,646768,1
930400,646777,1
907344,646779,1
923099,646928,1
950649,646971,1
930284,646999,1
930287,647096,1
922533,647173,1
913438,647256,1
930522,647360,1
930682,647531,2
910831,647580,2
850766,647664,1
910145,647686,1
912910,647714,1
930685,647814,1
930435,647873,1
902806,648027,1
930454,648055,1
930692,648095,1
930694,648161,1
930456,648196,2
903681,648266,1
914540,648488,1
946192,648521,1
919765,648571,2
930546,648603,1
927366,648607,1
910862,648687,2
930613,648745,1
930466,648788,1
930551,648928,2
930617,649011,1
930469,649020,1
930710,649129,1
930473,649369,2
930718,649412,2
930720,649556,1
930475,649600,1
930568,649654,1
924107,649754,1
930633,649843,2
930577,649984,1
929324,649993,1
895501,650048,1
930734,650246,1
918608,650355,1
924465,650428,1
917115,650467,2
916673,650501,1
930646,650585,1
930648,650640,1
930045,650648,2
959488,650785,1
930588,65081,2
930589,650949,2
923000,65095,1
927374,650983,1
930590,650986,1
930500,651253,1
928000,65156,2
923242,651881,1
909270,651941,1
946717,652011,1
930768,652057,1
930769,652204,1
920459,652342,1
930771,652426,2
930907,652442,1
930675,652505,1
930976,652516,1
950674,652533,1
930775,652582,1
930910,652623,1
906521,652657,1
930778,652936,1
950736,652990,1
930983,653051,1
924580,653184,1
909313,653223,1
930985,653262,1
920026,653496,1
908356,653500,2
925456,653531,1
926226,653537,1
930929,653789,1
899789,653815,1
926303,654005,1
928135,654065,1
930847,654087,1
921272,654264,1
930790,654318,1
925519,654354,1
928770,654371,1
909262,654373,1
930939,654467,1
923077,654488,4
930854,654509,1
930856,654584,1
897191,654867,1
904963,654969,1
930949,654991,1
904557,655013,1
911435,655045,1
895506,655408,1
948804,65545,1
926625,655688,2
907467,655826,2
930871,655997,1
930956,656008,1
919338,656062,1
931021,656146,1
930819,656327,2
931025,656361,1
910368,656424,1
931027,656470,2
930961,656507,1
930962,656582,1
930823,656587,1
948805,656658,1
930966,656764,2
956676,656799,1
930884,656849,1
909230,656965,1
922606,657038,1
931039,657170,1
931041,657400,2
926605,657493,2
945295,657633,1
930892,657688,1
914087,657724,1
930893,657726,1
930420,657869,1
931110,657954,1
931055,657956,1
931057,658032,1
931200,658202,1
900407,658547,1
931061,658602,1
931253,658627,1
909007,658633,1
931063,658648,1
910642,658830,1
898157,658845,1
958880,658921,1
931070,659406,2
931126,659451,2
902946,659504,2
931265,659626,1
955495,659655,1
931131,659746,1
911781,659800,1
931215,659867,1
931269,659912,1
931217,660060,1
898023,660286,2
925879,660304,1
931219,660306,1
905284,660461,1
931220,660484,2
959389,660497,1
923412,660804,1
905767,660816,2
929172,660880,2
920625,661007,1
926214,661284,1
897725,661336,1
925452,661577,2
912770,661615,1
931096,661624,1
918615,661656,1
931099,661732,1
907388,661765,4
921557,661790,1
922912,661840,3
931165,661882,2
923637,661979,2
919490,66206,1
931245,662281,1
950392,662347,1
926783,66246,1
900386,662498,1
927604,662525,1
931559,66253,1
931308,662646,1
931180,662676,1
931411,662832,1
931313,662852,1
931413,662997,2
931566,663064,1
931569,663241,1
947489,663366,2
931337,663386,2
909235,663501,1
930767,663524,1
931422,663590,2
926416,663646,1
931342,663647,1
931490,663702,2
921973,663772,2
927224,663800,1
918124,663815,1
922150,663984,1
909606,663998,1
922477,664136,1
904677,664161,1
931354,664232,2
931360,664517,1
930982,66465,1
931587,664710,1
931515,664932,1
922721,665005,1
920441,665069,3
930458,66507,1
931454,665259,1
931378,665273,1
931379,665333,1
931455,665435,1
931457,665615,1
931387,66566,3
926905,665698,1
911742,665792,1
931613,665821,1
931462,665851,1
903363,665950,2
958399,665977,1
931467,665980,1
905334,666000,2
931622,666004,1
931626,666169,1
931627,666224,1
931472,666226,1
903259,666270,2
895416,666420,1
931711,666461,1
931548,666539,2
918652,666606,2
907005,666612,2
926046,666624,1
931720,666629,1
931871,666640,1
931636,666641,2
931722,66665,1
931872,666683,1
946000,666698,1
918172,666935,2
904614,666997,2
929348,667061,2
919111,667201,1
958753,667307,1
947032,667398,1
931651,667458,1
909276,667460,1
919452,667463,1
923571,667474,1
931883,667489,2
953916,667540,1
931741,667589,2
914436,66763,1
900632,667706,1
931655,66771,1
918308,667730,1
930060,667825,1
896905,667861,1
924575,667891,1
945681,667909,1
931752,667914,1
931888,667964,1
926607,667982,2
931891,668032,1
926188,668035,1
931813,668111,3
931817,668238,2
919859,668243,1
955459,668333,1
924099,668520,2
931771,66856,1
948782,668561,1
928488,668573,1
931906,668588,1
931833,668711,1
895614,668791,1
931776,668865,1
931837,668867,1
907137,669024,2
931780,669070,1
956770,669088,1
931845,669223,1
931920,669247,2
931848,669299,1
931689,669432,3
925990,669495,2
911914,669625,2
931695,669681,2
906606,669691,1
911729,669732,1
947392,669766,1
931701,669971,1
924965,670083,2
931109,670103,1
932016,670136,1
932019,670247,2
958811,670302,1
923059,670338,1
913476,670458,1
931953,670538,1
932168,670586,1
951201,670640,1
931955,670644,1
924926,670654,1
908383,670664,2
922710,670671,2
932175,670819,1
953607,670860,1
932039,670883,1
928128,670888,1
931699,671122,1
932096,671125,1
928424,671160,1
932044,671212,1
932047,671377,1
959270,671605,1
932191,671614,1
923584,67170,1
932109,671753,1
926582,671756,1
918580,672002,1
895507,672262,1
932209,672282,1
920824,672304,1
932211,672310,2
915513,672508,1
932066,672658,2
958327,672746,1
932216,672767,1
932218,67290,2
931979,672947,1
932220,672987,1
921472,673094,1
928410,673104,1
954411,673196,1
932129,673207,1
927852,673285,1
932136,673483,1
901697,673657,1
932233,673660,1
909034,673695,1
932142,673700,2
920787,673707,1
946989,673710,1
931999,673776,1
932309,673793,2
948787,673816,1
932149,674094,1
905163,674149,2
929968,674409,1
911977,674457,2
851209,674775,1
921160,674808,1
959349,674946,1
932452,674983,1
920863,675019,2
947278,675022,2
932327,675024,1
932453,675127,1
904080,675233,1
911719,675274,2
932330,675372,1
896045,675376,1
932269,675440,1
932460,675734,2
907953,675770,1
915815,675805,1
949349,675818,1
901167,675826,1
932396,67583,1
925396,675831,1
932275,675837,1
932463,676112,1
926563,676193,3
932464,676244,1
927039,676250,2
932466,676313,1
932346,676487,1
932470,676532,1
909651,676572,1
917247,676578,1
931171,676647,1
932403,676653,2
932349,676695,1
930163,677015,1
922986,677104,1
953650,677257,1
932297,677288,1
911898,677671,1
932303,677759,1
932413,677775,1
905335,677853,1
932417,678198,1
932370,678215,1
932567,678413,1
932423,678488,1
927197,678575,1
902697,678640,1
932427,678648,1
926384,67868,1
932505,678754,1
922559,678835,1
932508,678844,2
905889,678991,1
917868,679062,1
932711,67908,1
919461,679089,1
924611,679113,1
923564,679147,1
932715,679327,1
927351,679453,1
932582,679801,1
932722,679825,1
895424,679891,1
932723,679906,1
932520,679916,1
932724,679948,1
932524,680120,1
946739,680146,1
850333,680195,1
932527,680265,1
900328,68029,1
932530,680426,1
949856,680740,1
917526,680937,1
926733,680981,1
932601,681071,1
914806,681245,1
948801,681248,1
932541,681297,1
932740,681361,1
932655,681397,1
932545,681549,1
932742,681562,1
922458,681649,1
932605,681848,2
948802,681868,1
898530,681916,1
932746,681966,1
932747,682081,1
932555,682331,1
932752,682364,1
932614,682407,1
953326,682444,1
932617,682585,1
950937,682591,1
932618,682638,1
932753,682681,1
932621,682795,2
925914,682825,1
932679,682905,1
932763,683214,1
921497,683220,1
932758,683231,1
932685,683461,1
932970,683707,1
915376,683768,1
932908,683793,1
907396,683890,1
932773,683970,1
932697,684193,1
932777,684402,1
927549,684551,1
930552,684554,1
951780,684615,1
932924,68473,1
908379,684770,1
949886,684773,1
918134,684831,5
932997,685129,2
901301,685348,1
932851,685368,1
932794,685602,1
932856,685642,1
923143,685823,1
948808,685826,1
933014,685832,2
950836,685841,2
910870,686001,2
907234,686027,2
908936,686056,2
927005,68634,1
932941,686507,1
932942,68654,1
958889,686543,1
909636,686567,1
931083,68658,1
932873,686604,1
920084,686679,1
921038,686760,1
914164,686958,1
932949,68707,1
914828,687126,1
927485,687167,1
933035,687187,1
932824,687245,1
926741,687475,1
922774,68756,1
921677,687561,1
933041,68761,1
948809,687658,1
933042,687703,3
920968,687768,1
933045,687829,1
932893,687893,1
932895,687936,1
953519,687978,1
932964,688003,1
933052,688050,2
932966,68808,1
930476,688211,1
933059,688417,1
948810,688533,1
926698,688559,2
947175,688564,1
933063,688586,1
901623,688604,1
923211,688674,1
911291,689022,1
919888,689368,2
933290,689373,1
933216,689450,1
898742,689604,1
897776,689609,1
929814,689628,2
912937,689721,1
933302,689843,1
933087,68986,1
922439,689914,1
933222,689965,1
933091,689985,1
933177,690015,1
851327,690030,1
923389,69007,1
933094,690081,1
896440,690100,2
933180,690178,1
903816,690242,1
952110,690413,1
911916,690469,1
933187,690480,2
895656,690799,2
913692,690804,1
931902,690931,1
933236,690967,1
898223,691030,1
933327,691264,1
925883,691274,1
928218,691291,2
925315,691359,1
933328,691395,1
950036,691681,1
933133,691721,1
933206,691740,1
947177,691813,1
930370,691899,1
933349,692068,1
933340,692091,1
919113,692169,1
895512,692232,1
933345,692282,1
933425,692284,1
929481,692328,2
931567,692421,1
926200,692574,1
897933,692893,1
851195,692905,1
924669,692941,2
908191,693027,1
933433,693028,1
954393,693168,1
920633,693575,2
933525,693682,1
896490,693772,1
946715,693878,1
907635,694054,1
915085,694092,1
897006,694164,1
926317,694177,2
954315,694222,1
947148,694226,1
926539,694233,2
928790,694320,1
927559,694326,1
933454,694350,1
933543,694472,6
933625,694473,1
933546,694481,1
933466,694564,1
902094,694646,2
933402,694728,1
933409,695050,1
933412,695150,1
929314,695259,1
931514,695333,1
931059,695366,1
930739,695392,1
929947,695437,1
933487,695550,1
933571,695595,1
920897,695741,1
933492,695772,1
923450,695839,2
948823,695859,1
912058,696011,1
933649,696047,1
933651,696120,1
921022,696328,1
930142,696354,1
915587,696376,1
933510,696380,1
933652,696388,1
946702,696581,1
902975,6966,1
899718,696800,1
902178,697066,1
933656,697143,1
898853,697144,2
933775,697199,1
933657,697202,1
933659,697369,1
933778,697406,1
933779,697473,1
933781,697501,1
933842,697584,1
933666,697708,1
933670,697812,1
933736,697822,1
913236,697912,1
916188,697944,2
933791,697962,2
933674,698113,1
923224,698183,1
925273,698254,2
947517,698325,1
929342,698339,2
908337,698493,2
929625,698497,1
918984,698524,1
933856,698782,1
927824,698865,1
918328,698877,1
916014,698882,1
933747,698944,1
933808,69907,1
902622,699386,1
925252,699398,1
933865,699442,1
930106,699571,1
917411,69962,1
949365,699765,2
933816,699789,2
927593,699870,1
958764,700084,1
912534,700108,1
933821,700141,1
933878,700160,1
930711,700163,2
910255,700185,1
933695,700545,1
933883,700712,1
914031,700713,1
899764,700754,1
933884,700778,1
933765,700877,1
895621,701062,2
926058,701098,1
897750,701109,1
933830,701116,1
924586,701133,1
933888,701147,1
916629,701259,1
933833,701268,1
933975,701291,1
933976,70135,1
933978,701430,1
933895,701464,1
934114,701493,1
912908,701637,1
918414,701641,1
904627,701822,1
899189,701828,1
921170,701932,2
930350,702078,1
934040,702109,1
910101,702158,2
934041,702237,1
933993,702315,1
934121,702344,1
915624,702358,1
933408,702374,2
933908,702401,2
950302,702455,1
925031,702473,1
934046,702500,1
934125,702645,1
933914,702797,2
926541,702852,2
934005,702964,1
934129,702977,1
928428,703169,1
921609,703308,1
945996,703346,1
922646,703443,2
934061,703546,1
924968,703571,2
952372,703677,1
934066,703682,1
922966,703757,1
903143,703790,2
902262,703892,1
850743,703972,1
914441,703999,1
924010,704016,1
907356,704076,1
954646,704150,2
918320,704245,1
903418,704246,1
905102,70428,1
934079,704385,1
933939,704494,1
934030,704971,1
915317,705170,1
934161,705254,1
933953,705267,1
921426,705371,1
922798,705383,1
933957,705387,1
929635,705392,1
909175,705463,1
934036,705559,1
950452,705608,1
924383,705636,1
929241,705653,1
925200,705669,1
949444,705753,1
895624,705979,1
958795,706122,1
909026,706260,1
934245,706294,1
905067,706364,1
934106,706403,1
934394,706406,1
958490,706496,1
934110,706502,2
934251,706806,2
934191,706820,1
906408,706898,1
934254,706980,1
934193,707163,1
918290,707183,1
933882,707223,1
930015,707242,1
850793,707257,1
929786,707305,2
920777,707361,2
932628,707451,1
919152,707491,2
934263,707524,1
934409,707581,1
934203,707714,1
922193,707816,1
850907,708086,1
928626,708096,1
934415,70816,1
929579,708222,1
896698,708335,1
934280,708372,1
934347,708377,2
926212,708406,1
903702,708425,2
947742,708430,1
934419,70858,1
895627,70869,1
934220,708690,1
950336,708691,1
934356,708749,1
903378,708809,1
931748,708908,1
909087,708971,1
934426,709002,1
934230,709156,1
934363,709157,1
953177,709206,1
934231,709231,1
912980,709263,2
928436,709446,1
934370,709463,1
934239,709507,1
934372,709554,1
920773,709657,1
920714,709672,1
934501,70969,1
934503,709814,1
924739,709843,1
934154,709878,1
934382,709898,1
920359,709932,1
906142,709984,1
934440,709993,2
920034,710001,1
934441,710009,1
934384,710072,1
929985,710094,1
932710,710236,1
934443,710243,1
931423,710282,1
934445,710352,1
928324,710439,1
934549,71055,1
934603,710710,1
903209,710723,1
934555,710766,1
909205,710781,1
927889,710790,1
917611,710805,3
930322,710965,2
911900,710990,1
926238,711015,1
932589,711103,1
897318,711116,3
922800,711180,1
934460,711247,2
895629,711286,1
934462,711332,1
898273,711350,1
934465,711535,1
910222,711551,1
934616,711576,2
934469,711611,1
922955,711682,1
934472,711781,1
933574,711923,1
959116,712060,1
928027,712101,1
929276,712110,1
934478,712177,1
934480,712237,1
934535,712245,1
921021,712295,3
920166,712312,1
934625,712358,1
934249,712367,2
906259,712402,1
903459,712544,1
947345,712576,1
929428,712592,2
915890,712692,1
907399,712697,1
934541,712766,1
934633,713325,1
850808,713336,1
919364,713337,1
915158,713340,2
908254,713393,1
933715,713410,1
959702,713471,1
928363,713521,1
928612,713539,1
921833,713765,1
927524,713818,2
924130,713959,1
934657,714092,2
930246,714099,1
908532,714116,2
934692,714175,1
925176,71443,1
901738,714630,1
934663,714633,1
927237,71464,1
903166,714657,1
931321,714744,1
934285,714880,1
934748,714907,1
934749,714931,1
934799,71517,1
921955,715235,1
933499,715524,1
958292,715613,1
906350,715644,1
910062,715673,1
949749,715674,1
934674,715727,1
934806,715775,1
934676,715958,1
934715,716004,1
932827,716110,1
934717,716230,1
934718,716280,1
958493,71629,1
934768,716319,1
934814,716335,1
954609,716387,1
929417,716404,2
955436,716424,1
934816,716537,2
934817,716595,1
945407,716707,1
957083,716712,1
934681,716769,1
934683,716823,1
934684,716856,2
925306,716863,1
948824,716864,1
907850,71691,2
934821,716928,1
954671,716951,1
934822,716962,1
925821,717064,1
907677,71717,1
922025,717204,1
934829,717322,1
911039,717355,1
900947,717362,1
934918,717479,1
934883,717543,1
945490,717552,1
934782,717588,2
914230,71760,1
930925,71766,1
951505,717783,1
934925,717826,1
934833,717864,1
918712,717932,1
951277,717937,1
927097,718036,1
911401,718088,1
934930,718136,1
896598,718160,1
924167,718224,1
923946,718286,1
923594,718348,1
918671,718354,1
920723,718375,1
934842,718445,1
934935,718536,1
934898,718587,1
925259,718701,1
934981,718704,1
934900,718737,1
934942,718744,1
923025,718858,2
920539,718862,2
934983,718871,1
908129,718990,3
950038,719152,1
934906,719179,2
934947,719191,1
934850,719200,1
924608,719368,1
934853,719397,1
934992,719440,1
934854,719466,1
926725,719534,1
934910,719568,1
950442,719573,1
918867,719666,2
913868,719780,1
934861,719874,2
927263,719890,1
923020,719995,1
934960,720038,1
934963,720160,1
934866,720225,1
923573,720251,1
923514,720422,1
906999,720436,1
934872,720515,1
928650,720569,1
931887,720598,1
921108,720631,1
935017,720670,1
915563,720671,2
904796,720685,1
920872,720690,1
951522,720714,1
930637,720746,1
951492,720765,1
935108,720877,1
930707,720991,1
924509,721047,2
917290,721065,1
935026,721217,1
918567,721266,1
935073,721282,1
931590,721320,1
951076,721328,1
935075,721378,2
935030,72145,1
935077,721481,1
935117,721482,2
914597,721527,1
935120,721605,1
935123,721710,1
956606,721712,1
933927,721716,1
922512,721845,1
935085,721893,1
901837,721958,1
895516,721967,1
935087,721985,1
935180,722002,1
919062,722034,2
935042,722193,1
850684,722224,1
935182,722227,1
935130,722252,1
911358,722265,1
906835,722434,1
901458,722486,1
907741,722503,1
935135,722566,1
959637,722636,1
935189,722638,2
932549,722667,1
919199,722692,2
934733,722700,1
927860,722727,1
935193,722729,1
935104,722749,1
935140,722752,1
949593,722772,1
903292,722852,1
935198,722901,1
935199,722952,1
923454,722964,1
930787,723115,1
935150,723152,1
935151,723169,1
925075,723202,2
935335,723215,1
930824,723217,1
914308,723380,1
935262,723395,1
906411,723515,1
935294,723671,2
902043,723696,1
929377,723714,1
948837,723767,1
955152,723806,1
907184,723809,2
935353,723907,1
927595,723908,1
935268,723917,1
907405,724081,1
923623,724117,1
929359,724272,1
935226,724401,1
906378,724460,1
919621,724486,2
932284,724494,1
929184,724523,1
905604,724585,1
903834,724773,2
935277,724826,1
935310,724827,1
902121,724857,2
934438,724909,1
921391,725125,1
930436,725128,2
929788,725232,2
935240,725365,1
935241,725395,1
898334,725404,1
935320,725407,1
928995,725421,1
921410,725462,1
935374,725506,2
913498,725554,1
919117,725631,1
935245,725710,1
935324,725720,1
921521,725758,1
935247,725863,1
946668,725885,1
935431,725890,1
913655,725904,3
935433,725989,1
935469,725999,1
921064,726181,1
921678,726288,1
935524,726359,1
935475,726365,1
935439,726406,1
902432,726459,1
930398,726473,1
850892,726638,1
948840,726687,1
925358,726733,1
895867,726777,1
915080,726859,1
931735,726904,2
935446,726910,2
925517,726911,1
935396,726918,1
920492,726954,1
900673,726962,1
901719,727061,1
945687,727089,1
932240,727292,1
949736,727327,1
935540,727432,1
930486,727437,2
921765,727498,2
931178,727535,1
904453,727539,1
901322,727626,1
935497,727666,1
955327,727731,1
923466,72785,4
918588,727857,1
932861,727882,1
915484,728003,1
933151,728142,1
935460,728200,1
935555,728202,1
950017,728218,2
935409,728233,2
922046,728277,1
924297,728295,1
935410,728378,1
935463,728391,1
951762,728436,1
935412,728529,1
921829,728574,1
950429,728599,1
935414,728604,1
895525,728623,1
935561,728686,1
910082,728707,2
935415,728709,1
935564,728770,1
921198,728832,1
935215,728844,1
935519,728913,1
925779,728920,1
920354,728946,1
953157,728970,1
934412,729113,1
935690,729133,1
935692,729221,1
916338,729240,1
935636,729246,1
935574,729254,1
923563,729264,1
900731,729352,1
935583,729360,1
935640,729467,1
935696,729499,1
935642,729537,1
901777,729559,1
922944,729770,2
921643,729789,1
923244,729890,1
934014,729927,1
931409,729949,1
935648,730000,1
935759,730017,2
910793,730052,1
851578,730059,1
909523,730114,1
924350,730220,1
959392,730247,1
915334,730301,2
935655,730389,1
928420,730412,1
921532,730474,1
850761,730557,1
904435,730629,2
935716,730642,1
956897,730732,1
935720,730826,1
935722,730923,1
934019,731023,2
909764,731274,1
911937,731313,1
934303,731461,1
933844,731475,2
953980,731547,1
935676,731583,1
933604,731661,1
925299,731665,3
935625,731667,1
920217,731670,1
934087,731688,1
917608,731748,1
921505,731840,1
914988,731843,1
900750,731902,1
907277,731924,1
935743,731928,1
935630,731955,1
924727,731993,2
912859,732000,1
935684,732131,1
922294,732155,1
935748,732254,1
935796,732303,1
911744,732328,1
911192,732433,1
935750,732462,1
935689,732523,1
916718,732542,1
933049,732578,1
921209,732599,1
906943,732603,1
935916,732677,1
935793,732686,1
935917,732756,1
935209,732818,1
935803,73285,1
910463,732875,1
935885,733009,1
926584,733027,1
930815,733066,1
933188,733094,1
935922,733357,1
934074,733422,1
935924,733470,1
901089,733561,2
911933,733701,2
921151,733723,1
934723,733774,1
935893,733933,1
935810,73394,1
935853,733969,1
935811,733980,1
935895,734020,1
850814,734072,1
935896,734151,1
935814,734154,1
935855,734158,1
953264,734173,1
918398,734176,1
935858,734275,1
949702,734290,1
935937,734387,2
918289,734484,1
926968,734565,1
929339,734570,1
954326,734677,1
948852,734746,1
904042,734756,3
933874,734787,1
935862,734814,1
921309,734883,2
902254,734981,1
935832,735236,1
935865,735241,1
956924,735339,1
927419,735405,2
921067,735552,1
935909,735579,2
906450,735847,1
928972,735880,2
920275,735977,2
899133,736102,2
935947,736177,1
918698,736230,1
899143,736305,1
896607,736426,1
911395,736486,1
936118,736644,1
928777,736680,1
936057,736747,1
935958,736899,1
936065,737092,2
935048,73715,2
912655,737182,1
935965,737389,1
936128,737450,1
935967,737460,1
931119,737469,2
898520,737477,1
926739,73766,1
936134,737693,2
935969,737704,3
912004,737743,1
936075,737744,1
947338,737883,1
908730,737902,1
936017,738003,1
935975,738136,1
936145,73843,1
936084,73845,1
936021,738479,2
914956,738486,2
936147,738618,1
906730,738875,2
906201,738962,1
923893,739053,1
918447,739064,1
899527,739165,1
917838,739176,1
850620,739263,1
925230,739278,1
936043,739512,1
905381,739625,1
918149,739687,1
907737,739712,1
936236,739762,1
901392,73978,2
930542,739912,1
851352,739942,2
928504,739997,3
936288,740076,1
921878,740100,2
936243,740190,2
923116,740212,1
951022,740222,1
936291,740245,1
936179,740286,1
929156,740561,1
905395,740664,1
904116,740693,1
954868,740772,1
924680,740832,1
926792,740864,1
959378,740976,1
936258,74098,1
936358,740997,2
946517,741079,1
909745,741083,1
934700,741237,2
936262,741251,1
936362,741265,1
936363,741296,1
925264,741382,1
936266,741494,2
936313,741516,1
927229,741526,1
936207,741574,1
923811,741583,1
946657,741734,1
927233,741764,2
936275,741890,1
936215,741904,1
900421,742025,1
936218,742036,1
936281,742079,1
918983,742116,1
933593,742180,1
936284,742310,1
909490,742359,1
910598,742456,1
936570,742472,2
923975,742701,1
929448,742902,1
896303,743005,4
850701,743198,1
931727,743285,1
851137,743298,3
936584,743507,1
936585,743537,1
922849,743556,2
898237,743595,1
936405,743618,1
947007,743702,1
959107,743721,1
936589,743733,1
936455,743805,1
916520,74384,1
915710,744125,1
929404,744156,1
936526,744163,1
936529,744281,1
928248,744321,1
919812,744342,1
958520,744368,1
912227,744470,1
936597,744555,1
902165,74463,1
899503,744642,2
959928,744802,1
936535,744915,1
932454,744932,1
932501,745010,2
933168,745015,1
947391,745097,1
903042,745300,1
936543,745307,1
936428,745387,1
936616,74548,1
954866,745594,1
923267,745612,1
936431,745701,1
936622,745703,1
936325,745757,2
902285,745759,1
915193,745794,1
936625,745811,1
929712,745850,1
936629,746017,2
912082,746206,1
936441,746328,1
936502,746392,1
932674,746469,1
936567,746494,2
957113,746495,1
936443,746497,1
922086,746544,1
936445,746642,1
936503,746676,1
934159,746681,1
936838,746876,1
926123,746941,1
925824,747073,1
929882,747089,1
949912,747126,1
936770,747290,1
921109,747385,2
935165,747489,1
936845,747514,1
911611,747555,1
936727,747654,2
896385,747851,1
920659,748158,1
902464,748184,2
911541,748204,1
936853,748205,2
936651,748274,1
936794,748311,1
949553,748314,1
902778,748497,1
936657,748505,1
903542,748770,1
936664,748937,1
936804,748972,2
936866,748979,2
901496,749037,1
899036,749110,1
933890,749334,1
933362,749359,1
936668,749401,2
911470,749451,1
911256,749655,2
914385,749675,2
936755,749753,1
936758,749820,1
935781,749843,1
917520,749924,1
927540,750082,1
906534,750224,1
936683,750288,1
928508,750390,1
900818,750427,1
921443,750441,1
936829,750461,1
936890,750482,1
936898,750588,1
903713,750616,2
901049,750661,1
930388,751144,1
924514,751159,1
934156,751267,3
928415,751293,1
953268,751406,1
925198,751547,2
950790,751575,1
936959,751599,1
910908,751600,2
936912,751814,2
936737,751898,2
902575,752193,1
937013,752195,1
936922,752235,1
912783,752350,2
935842,752467,1
934696,752504,2
926556,752657,1
901782,752659,1
936972,752833,2
936973,752914,1
935686,753060,2
932248,753111,1
937084,753150,1
936937,753162,1
936939,753189,1
917597,753225,1
937085,753248,1
936980,753382,1
927941,753431,1
937087,753489,1
919511,753560,1
905063,753675,1
936949,753846,1
936993,753976,1
927853,754254,1
936955,754255,1
936956,754283,1
948865,754291,1
936997,754346,2
924847,754428,1
929013,754500,1
929650,754538,2
937046,754585,1
925801,754821,2
937048,754843,2
933129,754865,1
917091,754883,1
921571,754909,1
937207,755003,2
919828,755140,1
929772,755156,1
922286,755261,1
937213,755336,1
924304,755394,1
927152,755523,2
896244,755613,1
916752,75571,1
949611,755771,2
910322,756009,1
923655,756109,1
933579,756123,3
928807,756287,1
918598,756295,1
937157,756323,1
931997,756443,2
931576,756454,1
937272,756670,1
928007,756686,2
922500,756782,2
937162,756875,2
937237,756925,1
922916,756981,1
895878,757046,1
898841,757059,1
920882,757070,1
927415,757104,1
922398,757157,1
937241,757280,1
937173,757311,1
937286,757367,1
946048,757401,1
926601,757545,1
930498,757625,1
900960,757626,1
905293,757650,2
919547,757687,1
925937,757735,2
937185,757891,1
937246,757925,1
923013,757926,1
954284,757942,1
923355,757965,2
927561,758031,1
925245,758131,1
937250,758135,1
937251,758160,1
927940,758211,1
922644,758395,1
908372,758483,1
926300,758543,1
927291,75856,2
924339,758635,1
929234,758650,1
903578,758669,1
946170,758702,1
937203,758758,1
928095,758759,1
913470,758801,1
937304,758803,1
923732,758814,1
904719,758845,1
924844,758977,2
937363,759074,1
937310,759190,1
937423,759200,1
937477,759321,1
945692,759375,1
910012,759425,1
917194,759440,1
910391,759476,1
951979,759529,1
955372,759576,1
896547,759589,2
928993,759616,1
937372,759634,1
919325,759685,1
930313,759804,1
930705,759928,1
909848,760100,1
925499,760275,1
937387,760310,1
919736,760338,1
921495,760355,2
905091,760376,1
937338,760429,1
910487,760527,1
937394,760589,1
927250,760598,1
937455,760621,2
932441,760624,1
937502,760709,1
950873,760739,1
937507,760859,1
910504,761034,1
937516,761093,1
900551,761106,1
897333,761174,1
923019,761197,1
953465,76120,1
927324,761245,2
920352,761260,1
896603,76129,1
932849,761329,1
937520,761350,1
937521,761365,1
914542,761382,2
937529,761405,1
905806,761576,1
937528,761590,2
926953,761752,1
945379,761827,1
937721,761967,1
900762,761977,2
937615,761981,1
937541,762043,1
920656,762131,1
908004,762139,3
910335,762161,1
930511,762187,1
937670,762267,1
922789,762292,1
948858,762299,1
895880,762375,1
937551,762393,1
913309,762407,1
920548,762511,1
925945,762515,1
937627,762580,1
932977,762621,1
921351,762721,1
931505,762753,1
899393,762807,1
937635,76287,1
947688,762893,1
927612,763055,2
937571,763062,2
937744,763148,2
905279,763152,1
902082,763173,1
937696,763187,1
921589,763203,2
949169,763230,1
928630,763247,1
910410,763305,1
937747,763319,1
925619,763367,1
917869,763444,1
932996,763489,1
937655,763532,1
948862,763542,1
937758,763578,2
937751,763598,3
923694,763654,1
906287,763682,1
937706,763704,1
922902,763709,1
934572,763710,1
922872,763711,2
913535,763738,3
927475,763768,1
937711,763802,2
937859,763803,1
932262,763850,1
923414,763872,1
937908,763907,1
949976,763914,1
929595,763919,1
914374,763942,1
920322,763962,2
937770,763963,1
907037,764063,1
952041,764139,1
901377,764210,1
937915,76427,1
919201,764311,2
937810,764340,1
935526,764556,1
895536,764596,1
926995,764600,1
910122,764608,1
937873,764621,1
945332,764644,1
898127,764739,1
929366,764748,1
937821,764771,1
918766,764791,3
937822,764796,1
905315,764829,1
946613,764857,1
945406,764921,1
956876,764938,1
959509,764940,1
937881,764960,1
937882,764989,2
932245,764992,1
937930,765070,1
910664,765270,1
937795,765287,1
958345,765358,1
937937,765451,1
935230,765461,1
937657,765476,1
909472,765490,1
912296,765574,1
924260,765613,1
931174,765637,1
924782,765651,1
937797,765694,1
937893,765700,1
929780,765727,1
937800,765861,1
937849,765912,1
937961,765946,1
914607,766004,1
934236,766011,1
937962,766069,1
937901,766093,1
921869,766166,1
920793,766167,1
937853,766176,2
902021,766203,2
918233,766205,1
909934,766295,1
938105,766470,1
933889,766504,1
937973,766563,1
922740,766664,1
937975,766736,1
938026,766738,2
923154,766787,1
938068,766814,1
938069,766902,1
936920,766903,1
910245,766960,1
921798,767012,4
906001,767087,1
921376,767124,1
925729,767130,2
938075,767175,1
907960,767332,1
921748,767374,1
950744,767409,2
938077,767455,1
905499,767474,2
930913,767498,1
921860,767529,1
917865,767552,1
910661,767594,1
937458,767630,1
927817,767840,2
905504,768067,1
938135,768282,1
922246,768528,2
928909,768596,1
925951,768622,1
929827,768626,1
909957,768684,1
910788,768839,1
901610,768930,1
938014,769003,2
927389,769004,2
915605,769034,1
938093,769037,1
936005,769056,2
926834,769174,4
938146,769195,1
952198,769208,1
932847,769325,1
938148,769366,1
938102,769548,1
935249,769649,1
920564,769664,1
907739,769730,1
922895,769978,2
917587,770028,1
895882,770174,1
934386,770225,1
928982,770255,1
936634,770376,1
934094,770457,1
917934,770492,1
938291,770525,1
850467,770592,1
925768,770641,1
899874,770723,2
920569,770785,1
938296,770792,1
937942,770876,1
899511,770883,1
934430,770904,1
938202,770946,1
938249,771023,1
932836,771040,1
932631,771050,1
945491,771064,1
908151,771081,1
905521,771118,1
923111,771248,2
896675,771325,1
951432,771457,1
938316,771668,1
928004,771704,3
938318,771711,1
920814,771743,1
909960,771794,1
926550,771833,1
936887,771839,1
907065,772036,1
955096,772072,1
933194,772125,1
948882,772232,1
938269,772251,2
938226,772290,1
923994,772373,1
938228,772451,1
951083,772496,1
935158,772503,1
937543,772792,1
895884,772795,1
938059,772797,1
905715,772844,1
911341,773001,2
938273,773061,1
938333,773168,1
913415,773218,1
938276,773363,2
906890,773364,2
938394,773378,1
930042,773390,1
935559,773404,1
915558,773501,1
930171,773534,1
929084,773544,1
901894,773579,1
924452,773589,1
913604,773688,1
929224,773711,2
905434,773839,1
924337,773915,1
951262,773921,1
921611,773985,2
904128,774067,1
906866,774173,2
911859,774176,2
938408,774302,1
938458,774381,2
938504,774473,1
938347,774645,2
912014,774717,1
918770,774738,1
938465,774816,1
938466,774958,2
904057,775011,2
922446,775036,1
952166,775108,1
937010,775138,2
919456,775215,1
936254,775224,1
946853,775248,2
850470,775418,1
938360,775438,1
928797,775572,1
938472,775593,2
936071,775608,1
936212,775632,3
938519,775660,1
938430,775691,2
895654,775732,1
938369,775773,1
933148,775777,1
904717,775854,1
904254,775873,1
916887,775894,1
918616,775990,1
953949,776048,1
938375,776105,1
921138,776120,1
938376,776157,1
951519,776230,1
934151,776275,1
938378,776306,1
938527,776336,2
950198,776353,1
938311,776360,1
938528,776371,1
938379,776417,1
938442,776444,1
899308,776549,1
929905,776580,1
947524,776693,1
938446,776696,1
928732,776754,2
938490,776786,1
905766,776864,1
921002,776879,1
938594,777064,1
919445,777166,1
922380,777264,2
896346,777281,1
938631,777320,1
932217,777429,2
959583,777459,1
922528,777476,1
935024,777576,1
920828,777628,1
938684,777653,2
938549,777657,1
949431,777677,1
938550,777679,1
938551,777701,1
933440,777759,1
938606,777781,1
930215,777784,1
931667,777811,1
938688,777820,1
923349,777850,1
920663,777900,1
925810,777946,1
938556,778015,1
938692,778025,1
915138,778047,1
936856,778185,1
903049,778188,1
938616,778191,1
938697,778280,1
938566,778283,1
936860,778324,1
904099,778431,1
936732,778473,1
922460,778557,1
938703,778571,1
938622,778582,1
938658,778648,1
938571,778789,1
901845,778889,1
936225,778986,1
951225,779023,1
938574,779077,1
950439,779156,1
930553,779159,1
945492,779194,1
931625,779196,1
938664,779197,1
932716,779201,1
920847,779238,2
938666,779244,1
937430,779315,2
929806,779335,1
901617,779386,1
905862,779398,1
956727,779426,1
953701,779441,1
931977,779464,1
938671,779504,1
938713,779511,1
895885,779677,1
904998,779785,1
909622,779797,2
938721,779814,1
895887,779830,1
900313,779891,1
919469,779892,1
950780,779954,1
938766,779963,1
923683,780077,1
938770,780169,2
950644,780191,1
938854,780195,1
899029,780237,1
938725,780307,1
938773,780377,1
938813,780412,2
953915,780436,1
922317,780566,1
938857,780658,1
913403,780753,1
938860,780799,2
919052,780842,2
945570,780976,1
938863,780999,1
938738,781170,1
895687,781177,1
916421,781219,1
915217,781455,1
938787,781585,2
959573,781598,1
904769,781720,1
953353,781851,1
931176,781855,1
938746,781896,1
938750,782040,1
938793,782134,2
903795,782153,1
938829,782203,2
923947,782284,1
938753,782346,1
925611,782435,1
938883,782466,1
929704,78259,1
938758,782646,1
926408,782713,1
933564,782816,1
925911,782855,2
938887,782861,1
938760,782868,2
903700,782924,1
850484,782934,1
907823,783014,1
916166,783023,1
915838,783042,2
915945,783044,3
948876,783098,1
954747,783104,1
956601,783106,1
928376,783315,1
938847,783417,1
913033,783518,1
935549,78353,1
938890,783589,2
938804,783607,1
937108,783618,2
918706,78363,3
938891,783655,1
950895,783674,1
938806,783731,1
929361,783747,1
925594,783805,1
949904,783853,1
936355,783956,1
916135,78396,2
938903,784052,1
919332,784158,1
946703,784243,1
903729,784422,1
938910,785014,1
897137,78502,2
913680,785062,1
926213,785171,3
932357,785195,2
938790,785210,3
939046,785232,1
939047,785430,1
908183,785670,1
929333,785718,1
939055,785788,1
897832,785880,1
939059,785917,1
938926,786087,1
939062,786146,1
950546,786178,1
937568,786204,1
916380,786350,1
928360,786387,1
930731,786474,1
903753,786486,2
921285,786487,1
929794,786547,1
933964,786616,1
939072,786642,1
909240,786779,1
953863,786852,1
901145,786927,2
938968,786979,2
919704,787075,1
939078,787095,1
907188,787145,1
850487,787211,2
938937,787289,1
938166,787383,1
937515,787400,1
939084,787412,1
912461,787453,1
920885,787461,1
935161,787467,1
916457,787536,1
938983,787683,1
924936,787707,1
903926,787708,1
948881,787768,1
939148,788155,1
937713,788208,1
926773,788291,2
911626,788337,1
939233,788528,1
939189,788636,1
939234,788647,1
899813,788736,1
925024,788869,1
939158,788894,1
938516,788915,1
937243,788921,1
921718,788929,1
939161,789078,1
939240,789136,1
903828,789160,3
898380,789189,2
937428,789247,1
959658,789274,1
939194,789313,1
906210,78958,3
926797,789627,1
925935,789760,1
952283,789768,1
939171,789769,1
939113,789876,2
927574,789929,1
933074,790002,1
939115,790077,1
926801,790196,1
906252,790478,1
936541,790589,1
939123,790620,1
939211,790749,1
946891,790754,1
897342,790863,1
939259,790870,1
939126,790881,1
908307,790921,3
927254,791110,1
927915,791306,1
902858,791416,1
939410,791689,1
936317,791756,1
938783,792119,1
934735,792155,1
928169,792362,1
939412,792382,1
931162,792429,1
958762,792449,1
939313,792509,1
959110,792552,1
910076,792611,1
952318,792618,1
914460,792656,1
921627,792688,1
939373,792713,1
899946,792714,1
930595,792739,1
930657,792903,1
938406,793023,1
903513,793035,1
950370,793135,1
931853,793190,3
934556,793248,1
934941,793284,1
939271,793352,2
939272,793389,1
929609,793494,1
916491,793679,1
918512,793707,1
939332,793740,1
931414,793785,2
939426,793823,1
921185,793842,2
929515,793859,1
939428,793907,1
928294,794101,1
929399,794102,1
939337,794104,1
912183,79412,1
939338,794129,1
958797,794261,1
921081,794540,1
930721,794607,1
952605,794653,1
907325,794661,1
929381,794725,1
907063,794834,1
850491,794847,1
939345,794951,1
850492,794971,1
939443,795062,1
937960,795071,1
928783,795113,1
908047,795213,1
939291,795217,1
937443,795234,1
939395,795338,1
939398,795522,2
939297,795608,1
913717,795619,1
908816,795663,1
897118,79575,1
939402,795756,1
937205,795760,1
926806,795807,1
938040,79590,1
908231,796010,1
939306,796185,1
898957,796191,2
937933,796242,1
927302,796628,1
903861,796654,1
913894,796677,1
921167,796848,2
949233,796904,1
948889,796911,1
939458,796978,2
896170,797025,2
949754,797061,1
927080,797073,1
925234,797104,1
931954,797201,1
933273,797206,1
939496,797217,1
936859,79736,2
929271,797429,1
923272,797446,1
939586,797529,2
895953,797893,2
959699,797946,1
939592,798108,1
903173,798111,1
901211,798187,2
937603,798210,1
939468,798307,3
938233,798377,1
934210,798383,1
927247,798397,1
850498,798421,2
924711,798584,1
939556,79859,1
914090,798610,1
900462,798759,1
921930,798845,3
937193,798885,1
939514,798889,1
926313,798934,1
923476,798943,1
925478,798955,3
939515,798977,1
939604,799090,1
936135,799164,1
923766,799274,2
939482,799432,1
939612,799573,1
924581,79962,1
938436,799753,2
916330,799939,2
910393,799972,1
937572,800089,1
939569,800154,1
939528,800167,1
939570,800183,1
922154,800301,2
939533,800450,2
925997,800487,1
924603,800508,1
938531,800822,2
939577,800848,1
912020,800874,1
895892,800907,1
950021,800950,1
912747,801077,1
911428,801194,1
900219,80128,1
923649,801299,2
924303,801350,1
939815,801390,2
922396,801412,2
907206,801456,1
939735,801501,1
923071,801557,1
936776,801568,1
927887,801673,1
925244,801695,1
939740,801717,1
939006,801909,1
920766,801917,1
939824,802094,1
937682,802238,2
927714,802251,1
939670,802304,1
939704,802422,1
932290,802653,1
958944,802660,1
926109,802738,2
926053,802740,1
902157,80276,1
929662,802856,2
948884,802879,1
939834,802880,2
947024,802901,1
939710,802950,1
919426,802961,1
907370,803013,1
952937,803058,1
939682,803101,3
951426,803182,1
896575,803187,2
850503,803350,1
932206,803365,2
934338,803410,1
950347,803444,1
931316,803713,2
939944,803767,1
912585,803948,2
939951,804004,1
939912,804036,1
922780,804062,2
947085,804114,1
945658,804149,1
939785,804178,1
930004,804191,2
927806,804199,2
902005,804334,2
939863,804373,1
920500,804486,1
922227,804493,2
939960,80452,1
925355,804539,2
904264,80467,1
930194,804721,1
895957,804723,2
939871,804821,2
926578,804860,1
949699,804879,1
939917,804906,1
939877,805046,1
946272,805097,1
898478,805115,1
939966,805186,1
913803,805189,1
929836,805289,2
939969,805293,1
919135,805405,1
923525,805423,1
939808,805616,1
936464,805625,1
939809,805659,1
936714,805672,4
913315,805723,1
909113,805745,1
934988,805784,1
939900,805785,1
929464,805801,1
956735,805850,1
939890,805934,1
939942,806020,1
919087,806106,1
921031,806111,2
902405,806287,2
939991,806313,1
932492,806380,1
933390,806500,1
909388,806558,2
928815,806650,1
940083,806693,1
940035,806703,1
939995,806760,1
953567,806799,1
940136,806821,1
939996,806934,1
939998,807109,1
922106,807150,1
940091,807180,1
904217,807217,1
945659,807278,1
905990,807306,2
940094,807328,1
928941,807460,1
912558,807644,1
924437,807708,2
928953,807907,2
940145,807921,1
940007,807962,3
917545,807965,1
900148,808034,1
920598,808047,2
940147,808084,1
911308,808154,1
940050,808172,2
939551,808391,3
940054,808455,1
930154,808465,1
940151,808492,1
940057,808593,1
920959,808725,1
940062,808821,1
914034,80884,1
921200,808900,2
914065,808908,2
900297,808919,1
939691,808957,1
940113,809052,1
940027,809070,2
916701,809139,1
929526,809243,1
935634,809375,1
940159,809382,1
901783,809404,1
930366,809427,1
929403,809461,1
934189,809590,1
850508,809650,1
940074,809659,1
906740,809737,1
950579,809745,1
933514,809747,1
940124,809824,1
935613,809886,1
940170,809954,2
940172,810030,2
932295,810093,2
935629,810154,1
940322,810293,1
940175,810299,1
933751,810318,1
945985,810360,1
932292,810367,1
897102,810493,1
930776,810505,1
940212,810845,1
920434,811016,1
939253,81104,1
940328,811069,1
940266,811112,1
940268,811142,1
938785,811176,2
931710,811299,1
908239,811423,2
953058,811647,1
915315,811653,1
911406,811804,2
911507,81187,3
908514,811998,1
927111,812025,1
940188,812078,1
940331,812131,1
940229,812548,2
940337,812579,1
940294,812840,2
940227,812872,1
940296,812953,1
940342,812983,1
951713,813060,1
952656,813152,1
940241,813218,1
903083,813238,1
940200,813346,1
916694,813354,1
954081,813399,1
926191,813407,1
940239,813473,1
940247,813600,1
850512,813654,1
920823,813689,1
937725,813732,1
922771,813758,1
940250,813882,1
935874,813888,1
921335,813942,2
935386,814023,1
940357,814242,1
938044,814255,1
900708,814264,1
937086,814329,1
908607,814366,2
929525,814447,1
923744,814457,1
938507,814460,1
920043,814478,1
933375,814647,2
909517,814876,1
932670,814979,1
947273,815083,1
940457,815166,1
932943,815445,1
935445,815454,1
923291,815473,2
922327,815548,1
920455,8156,2
940418,815687,1
940463,815691,1
930610,815716,1
939116,815828,1
908633,815881,1
940381,816005,1
900732,816090,1
906963,816122,1
920497,816144,1
940383,816149,1
850513,816204,4
918530,816208,1
925978,816242,1
940426,816250,1
928681,816312,1
940390,816364,1
940429,816493,1
940526,816536,1
940392,816542,2
939461,816630,1
936119,816712,1
908652,816843,1
917708,816876,1
940111,816951,2
921961,8170,1
940536,817102,3
904272,817266,1
947571,817328,2
940403,817372,1
901366,817374,1
940545,817379,1
940297,817416,2
907297,817426,1
920147,817450,2
899359,817566,1
899966,817588,1
940550,81789,1
904912,817917,2
940554,817943,1
917224,818009,1
940556,818087,1
937954,818090,1
928171,818135,1
909286,818165,1
936613,818175,1
948905,818345,1
940635,818539,1
940602,818580,2
940603,818650,1
916479,818658,3
931404,818740,1
924501,818757,1
952497,818811,1
908715,818819,3
905081,818911,1
922502,818915,1
895895,818984,1
921849,818987,1
912354,819017,1
898528,819030,1
937473,819040,2
945536,819093,1
940642,819103,1
931084,819118,2
940643,819160,1
895961,819161,1
916880,819192,1
940679,819205,1
937702,819380,1
897717,819415,1
940571,819433,2
954726,819497,1
940648,819533,1
920989,819541,2
895696,819548,1
938126,819550,1
956656,819553,1
940614,819668,1
940186,819687,1
939269,819689,1
899767,819735,1
922775,819775,1
928341,819835,2
919910,819956,2
934807,819964,1
959937,820152,1
939219,820184,1
934033,820219,2
929602,820252,1
952021,820393,1
931495,820528,3
940582,820580,2
940625,820631,1
940626,820728,2
909443,820739,2
898508,820819,2
946115,820822,1
922071,820862,1
895697,821186,2
940695,821364,1
922080,821456,1
948916,821573,1
940703,821580,2
923084,821641,1
931536,821662,1
902727,821894,1
931541,821931,1
927800,821998,1
940783,822033,1
940701,822087,1
933011,822140,1
921636,822304,1
933292,822382,1
936406,822489,2
916970,822518,1
928143,822523,1
923728,822535,1
956668,822590,2
946138,822667,1
954438,822690,1
935638,822775,1
932537,822782,2
940795,823028,1
936102,823086,1
922278,823198,3
913427,823353,1
940721,823356,2
924451,823437,1
932382,823465,2
940649,823470,1
933270,823481,1
923775,823486,2
899825,823514,1
916192,823648,1
940841,823714,1
925055,823729,2
923189,823780,1
930835,823820,3
896983,823823,2
940806,823960,1
901313,824033,3
911989,824038,1
910677,824122,1
928322,824144,1
922488,824399,1
949121,824529,1
940851,824556,1
940811,824559,1
929278,824573,1
940766,824693,1
905216,824704,1
919100,824953,1
906840,824958,2
929122,825033,2
934542,825088,1
954025,825140,1
940771,825231,1
930022,825236,1
898592,825265,1
940743,825268,1
940734,825286,1
959038,825313,1
922630,825390,1
940646,825395,1
924939,825450,1
916808,825471,1
919584,825507,1
906122,825557,1
850520,825724,1
923781,825748,1
923958,825771,1
938900,825840,2
940914,825845,2
939847,826109,1
929932,826165,2
940781,826167,1
895804,826231,1
933769,826246,1
941041,826254,2
940871,826282,1
904419,826543,1
950294,826605,1
932566,826622,1
898045,826859,1
902918,826968,1
925766,827125,1
941045,827132,1
925703,827165,1
940965,827236,1
954729,827329,1
959318,827356,1
940927,827466,1
937449,827537,1
925859,827658,1
933570,827762,1
941050,827830,1
938628,827881,2
896052,828135,1
939542,828237,2
907855,828239,1
936703,828302,1
938897,828339,1
937065,828369,1
925932,828463,1
940319,828770,1
940895,828808,1
951895,828823,1
941064,828835,1
921379,828850,2
898614,828939,1
922062,829025,1
911482,829083,2
895805,829161,1
922865,829244,2
940947,829275,1
930248,829291,2
931659,829465,1
936607,829565,1
940952,829602,1
912198,829665,1
938704,829675,1
910208,829729,1
932765,829853,1
932286,829889,1
897105,829895,2
928778,829949,2
940956,829955,1
932515,830022,1
925250,830033,1
936694,830166,1
910169,830255,1
922166,830276,1
932476,830299,1
929414,830572,1
941001,830589,1
941003,830746,1
926703,831028,1
948919,831198,1
941169,831421,1
922847,831462,1
941127,831466,1
941171,831471,1
953025,831609,1
935009,831772,1
918216,832100,1
941131,832164,1
941011,832361,1
941098,832448,1
924243,832489,2
951586,832692,1
919839,832876,1
941177,833032,1
931077,833150,1
934213,833213,1
927130,833308,1
906618,833446,1
941179,833851,1
941021,833927,1
940686,833956,1
950619,834070,1
931882,834246,1
941181,834256,1
941111,834430,1
923956,834447,1
949356,834639,1
941029,834846,1
941115,834935,1
930132,835150,2
932146,83531,1
934902,83540,1
928239,835458,1
941120,835471,1
941186,835484,2
941148,835526,1
923877,835584,1
932193,835627,1
926028,835731,1
924144,835877,1
949991,835889,1
923980,835896,1
940773,835972,1
941196,836130,1
955098,836153,1
941158,836261,1
909841,836274,1
925384,836376,2
911504,836470,1
917930,83672,1
927001,836744,1
941163,836745,1
941165,836865,1
941276,836998,1
922404,837007,1
936945,837025,1
941250,837183,1
930140,837205,1
900232,837214,1
932678,837353,1
938743,837355,1
932226,837446,1
921727,837476,1
922047,837479,1
955228,837501,1
927848,837521,1
938665,837524,1
909825,837878,1
935932,837938,3
917209,837997,1
905254,837998,2
949222,838057,1
932616,838158,1
941285,838159,1
920875,838212,1
954304,838290,1
941314,838443,1
940755,838479,2
949135,838505,1
850529,838744,1
907044,838925,1
904299,838941,1
850530,838954,1
940636,83902,1
941228,839225,1
928296,839276,2
946810,839684,1
935730,839738,1
918000,839794,1
939457,839810,1
919224,839903,1
927834,840028,1
941320,840057,1
941270,840232,1
952115,840285,1
850532,840292,1
959485,840319,1
941321,84034,1
899947,840379,1
931394,84054,1
933545,840627,2
913180,840706,1
941303,840713,1
930441,840792,1
941304,840985,1
951003,841007,1
920429,841141,1
935657,841355,1
954531,841463,1
926281,841476,1
925629,841518,1
939086,841526,1
907134,841637,1
939768,84167,1
910815,841692,1
921966,841769,1
941429,841929,1
902612,842109,1
922143,842289,1
930072,842414,2
941398,842457,1
939560,84246,1
939423,842502,1
911315,842751,2
941348,842780,1
939690,842881,2
941349,842898,1
923434,84295,1
931570,84305,1
928013,843120,2
929861,843138,1
933719,843213,1
941354,84324,1
928123,843290,1
933962,843485,1
935170,843488,1
939958,843635,1
941385,843982,2
934510,844014,1
941442,844146,1
950713,844260,1
941387,844273,1
937592,844299,1
933054,844499,1
930417,844636,1
937668,844655,1
922994,844661,1
933511,844808,1
958564,844813,1
954681,844847,1
941414,844871,1
897024,844958,1
941449,844965,1
912588,845007,1
941451,845136,1
924689,845138,1
941453,845160,1
941006,845205,1
941517,845413,1
949963,845556,1
938828,845601,1
924569,845660,1
926604,845662,1
937126,845668,1
925217,845709,1
923927,845793,1
941462,845843,1
918368,845903,1
927124,846063,1
946353,846066,1
901729,846096,1
951249,846131,1
905196,846132,1
908363,846202,1
920183,846334,1
935543,846383,1
941467,846437,1
941493,846440,1
930258,846492,1
920622,84650,2
938655,846524,2
941523,846568,1
905755,846665,1
899651,846747,2
941495,846848,1
916529,846933,1
918764,847011,1
941498,847124,3
941531,847263,1
928751,847355,1
925625,847365,1
938833,847389,1
898210,847434,1
920285,847463,1
940365,847469,1
940362,847578,1
910412,847651,1
950290,847767,1
941504,847795,1
941557,847801,1
932266,847823,1
896357,847831,1
937469,847835,1
938214,847853,2
941561,847855,1
930732,847860,1
926524,847939,2
933306,847943,1
917161,848048,1
941511,848049,3
897282,848093,1
920245,848109,1
941565,848130,1
904480,848140,1
941052,848141,1
933360,848159,1
905176,848160,2
940966,848208,2
937325,848218,1
898462,848258,1
938012,84829,1
941566,848318,1
922440,848325,1
929162,848400,1
916557,848463,1
939734,848539,1
938870,848543,1
901722,848562,1
920827,848612,2
935708,848675,1
941573,848700,1
909097,848732,1
941654,848805,1
926602,848839,1
926746,848914,1
949115,848943,1
941599,848959,2
941630,848981,1
941579,849110,1
941603,849122,1
940794,849134,1
900459,849181,1
919061,849190,2
936019,849223,1
916664,849248,1
941604,849270,1
932511,849309,1
919334,849362,3
941608,84945,2
896686,849456,1
941038,849465,2
908449,849474,1
940066,849483,1
936352,849524,2
929880,849535,1
938046,849566,1
947550,849574,1
941641,849635,1
932487,84966,2
941615,849757,1
941676,849882,1
951410,849917,1
958856,849976,1
946510,84998,1
927255,850014,2
932637,85002,1
941713,850089,1
947712,850114,1
901271,850220,2
926752,850286,1
940999,850338,1
900549,850425,1
955213,85047,1
935817,850498,1
926113,850517,1
927569,85057,1
930124,850571,1
928698,850580,1
899481,850593,2
907530,850704,1
946757,850815,1
904789,850837,1
923739,850851,2
907289,850875,1
941791,850931,1
929993,851000,1
934990,851056,1
938151,85119,1
949517,851221,1
928671,851315,1
948918,851359,1
895812,851391,2
923186,851392,1
911562,851397,2
919996,851428,1
923347,85147,1
939851,851483,1
941207,851493,1
941768,851513,1
900319,851568,3
955147,851580,1
949212,851613,1
941740,851640,1
941771,851709,1
927633,851929,1
920983,851944,1
898227,852136,1
933512,852182,1
940021,85219,3
941810,852210,2
932754,852217,1
905858,852259,2
941812,852268,1
905363,852442,1
926076,85260,1
910049,852669,1
918621,852710,2
941919,852713,1
927287,852717,1
927072,852742,1
958606,852755,1
941824,852812,1
912513,852822,2
941825,852835,1
902239,852837,1
934109,852864,2
927107,852901,1
927091,852949,2
935535,852953,1
930509,852964,1
941829,852972,2
934565,853000,1
941855,853015,1
937539,853031,1
951527,853033,1
932900,853048,1
940925,853057,1
914327,853064,2
941858,853205,1
923104,853206,1
903311,853327,1
895813,853450,1
937612,85357,1
920574,853594,1
925529,853631,1
941860,853633,1
896476,853666,1
934097,853746,1
937889,853908,1
951653,853913,1
930825,853918,2
926667,854033,1
941944,854166,1
895904,854214,2
910358,854243,2
901254,854244,3
939490,854274,1
919823,854298,1
941875,854417,1
941958,854427,1
934508,854438,1
941876,854488,1
941911,85450,1
922339,854505,1
941914,85463,1
903779,854661,1
922309,85474,1
941915,854751,1
941966,854848,1
941998,854919,1
931582,854959,2
915476,854965,1
942027,855006,1
936968,855092,1
926245,855125,1
905901,855142,1
933247,855174,1
942002,85519,2
942069,855280,1
939921,855289,1
936936,855293,1
923334,855334,1
850539,855350,1
942030,855403,1
930252,855429,1
901860,855453,2
920684,85547,1
933460,855511,1
930256,855546,1
950160,855617,1
921132,855759,1
941978,855767,1
942037,855964,1
940309,856055,1
920812,856117,3
923789,85627,1
938215,856637,1
919599,856677,2
941850,856680,2
941984,856713,2
942079,856725,1
951911,856784,1
953236,856868,1
941402,856892,1
942082,857024,1
907773,857075,1
910241,857119,1
941990,857148,1
925185,857182,1
897123,857352,1
942019,857549,2
937552,857574,1
923319,857590,2
933557,857773,1
942054,857943,1
942056,858170,1
924799,858255,1
900485,858279,1
942090,858952,2
942127,859135,1
939956,859608,2
942128,859852,1
942171,859952,2
923604,860005,1
950244,860007,1
959115,860033,1
924999,860320,1
937388,860368,1
938922,860485,1
942147,860581,1
918543,860600,1
942103,860833,1
902283,860890,1
905303,861024,1
942053,861046,1
929474,861305,1
942152,861312,1
923278,861344,1
926042,861351,1
942107,861385,1
909202,861406,2
907425,861410,1
915811,861490,1
925475,861640,2
929510,861664,1
926265,861670,1
942184,861765,1
940014,862097,1
926518,862153,1
908288,862199,2
942134,862311,3
913582,862562,1
908040,862761,2
937722,862765,1
915124,862770,1
942156,862937,1
942192,862947,2
933641,863016,1
934656,863182,1
925705,863206,2
942137,863243,1
921121,86328,2
938098,863470,1
933397,863535,1
952044,863601,1
929300,863704,1
923615,863720,1
908623,863827,1
942200,863895,1
850547,863945,1
908860,863991,2
897185,864046,1
937018,86413,1
931128,864196,1
921586,864255,1
940086,864390,1
934943,864424,1
945402,864493,1
906843,864696,1
928892,864742,1
910819,864759,1
895727,864814,1
900688,864991,2
940204,865097,1
926499,865139,1
942211,865256,1
938079,865289,1
945810,865299,1
901043,865360,2
941822,865443,1
941647,865488,1
938970,865521,1
948959,865605,1
942332,865645,1
942243,865745,1
942278,865788,1
955192,865876,1
959437,865974,1
930218,866063,1
909642,86614,1
908042,866173,2
910242,866193,1
934219,866243,1
942222,866301,1
850551,866333,1
913118,866360,1
901937,866551,2
928435,866563,1
934018,866567,1
928170,866773,1
946624,866797,1
930627,866832,1
925181,866840,1
932892,866850,1
919288,866906,1
942228,867030,1
917318,867087,1
951278,867138,1
936781,867173,1
897570,86723,1
959308,867378,1
850556,867474,1
942298,867570,1
937831,867786,2
941864,867926,1
942266,867944,1
942260,867999,1
918822,868010,2
936324,868029,1
939241,868045,1
942304,86813,1
933344,868249,1
903923,868261,1
942058,868369,1
937107,86842,1
924428,868440,1
942435,86846,1
933654,868524,1
942392,868751,1
934113,868825,1
948944,869140,1
926173,86915,2
925887,869181,1
942076,86923,1
925320,869403,1
938295,869666,1
942381,869852,1
956803,870064,1
942449,870103,1
932368,870364,1
942378,870432,2
939124,870485,1
933301,870512,1
959108,870944,1
942270,870956,1
897951,870999,2
901672,871202,1
920729,871240,1
942386,871266,1
936932,871445,1
920477,871457,3
899840,871703,1
931296,871778,1
915104,871816,2
850570,871817,1
936800,871864,2
904620,871869,1
916901,872010,1
923566,872029,1
942430,872215,1
942533,872335,1
942470,872439,1
932153,872689,4
925842,872723,1
906080,872761,1
939857,872891,1
942229,872898,1
937775,872908,1
929597,872941,1
920599,872956,1
942478,872983,1
910185,872997,1
850571,873007,2
947790,873064,1
940448,873113,2
930229,873307,2
932318,873387,1
945384,873447,1
908282,873485,1
959781,873549,1
939290,873867,1
940836,873885,2
948948,874044,1
927767,874174,1
908516,874181,1
941275,874253,1
942590,874318,1
930671,874401,1
910827,874453,1
958758,874573,1
949832,874714,1
895729,874740,2
941671,874756,3
932534,874861,1
903183,874897,1
921673,875080,1
907726,875100,3
930071,875181,2
942157,875184,1
925047,87524,1
942456,875263,1
946033,875361,1
953910,875390,1
942501,875437,1
942556,875463,1
923554,875483,1
928897,875491,1
928327,875507,1
919271,875524,1
934767,875555,1
942639,875627,1
942642,875781,1
930927,875835,1
935557,875940,1
950049,875978,1
904639,87607,2
908429,876181,2
942574,876197,1
921919,876294,2
924375,876309,1
925975,876484,2
913073,876496,1
956793,876584,1
942354,876588,1
919210,876620,2
932143,876690,1
924065,876718,2
941474,876760,1
941475,876796,1
926422,876801,1
897407,876845,1
931965,877039,1
942682,877042,1
942094,877093,1
901657,87713,1
942282,877139,1
903570,877381,1
919312,877443,1
902214,877456,1
898538,877501,3
940785,877827,2
905033,877854,1
941639,877884,1
906584,877940,1
927919,878073,1
948967,87815,1
952140,878201,1
922034,878203,2
936913,878376,1
939417,878394,1
933898,878437,1
901612,878501,1
904987,878503,1
942747,878519,1
942748,878560,1
850574,878698,1
895731,878747,2
903040,878818,3
916721,878826,1
942675,878829,1
942698,878832,2
947692,879088,1
926320,879240,1
920868,879291,2
942664,879309,1
928092,879392,2
932793,879567,1
933823,879600,1
920588,879615,1
906102,879662,1
948970,879748,1
939361,87984,1
928035,879843,1
942761,879927,1
942730,879963,1
939870,880196,1
914537,880286,1
945859,880492,1
925474,880719,1
929701,880763,1
926229,880992,2
901406,881023,2
920314,881036,2
957077,881200,1
898433,881312,1
942816,881376,2
942849,881378,1
927938,881502,1
898599,881667,1
952684,881890,1
958628,882102,1
930517,882119,1
923819,882124,1
942771,882358,1
937640,882466,1
942856,882560,1
947259,88257,1
937814,882807,1
928437,882835,1
942060,883384,1
945908,883544,1
917213,88364,1
942374,883927,2
942781,883946,1
923921,883986,2
940727,884264,1
957112,884292,1
909421,884712,1
950246,884756,1
900365,884773,1
939488,885121,1
949643,885311,1
942832,885398,1
953845,885446,1
940485,885839,1
922222,88591,2
910431,885936,1
895737,885969,1
928141,885996,1
929654,886248,2
942840,886717,1
933473,886733,1
958547,886734,1
941479,886820,2
926940,886919,1
942809,886941,2
908367,887014,1
942919,887072,1
929449,887233,2
909776,887252,1
911313,88733,1
942878,887445,1
931013,887882,1
939797,88796,1
908602,888075,2
952457,888529,1
953535,888575,1
938074,88872,1
946046,888887,1
924151,888925,1
931773,888959,1
941089,889030,1
942884,889089,1
929392,889111,1
942931,889213,1
941060,889236,1
942634,889241,1
906481,889271,1
942957,889423,1
899601,889529,1
916321,889765,1
938187,890595,2
942966,890661,1
907092,890664,1
904965,890714,1
942577,890847,1
898888,890865,1
896062,890874,1
942850,890893,2
905174,891126,1
906966,891169,1
898919,891200,1
942969,891204,1
942607,891310,1
939838,891601,1
942943,891668,2
942945,891930,1
922365,892019,1
941709,892617,3
952767,892718,1
905895,892769,1
921352,892907,1
921218,893022,2
895914,893283,1
943025,893345,1
943026,893430,1
939520,89351,1
922534,893761,1
850336,894011,1
942982,894089,1
920496,894105,2
919707,89411,2
938426,894282,1
942984,894283,1
937646,894350,1
923503,894639,1
925362,894859,2
943013,894888,1
943031,894966,1
901515,895319,1
943032,895366,1
912723,895408,1
896031,89570,2
940568,895808,1
907613,896095,1
908096,896171,1
942963,896218,1
942991,896250,2
942790,896340,1
943064,896403,1
940329,89643,1
941519,896580,1
926178,896635,1
941272,896636,1
914582,896659,2
933924,896862,1
953524,897244,1
941820,897286,1
940547,897550,1
908319,897649,1
939294,897886,1
948933,897931,1
918968,897932,1
850585,897949,1
943075,898021,1
932745,89828,1
943076,898431,1
927757,898483,2
942108,898496,1
907167,898523,2
926169,898539,1
951649,898555,1
945785,898606,1
943094,898733,1
932606,89879,1
933994,89882,2
932210,898864,1
936998,898878,1
898739,899006,1
907060,899037,1
940088,899110,1
952082,899306,1
942974,899405,1
942923,899620,1
936103,899890,1
901257,900139,1
953911,900140,1
850587,900206,1
943083,900226,1
941716,900396,1
934732,90049,2
943084,900723,1
851556,900740,1
940351,90092,1
925000,900981,1
916043,901163,1
939425,901216,2
929999,901232,1
901644,90124,1
912424,901331,1
913672,901358,1
943086,901390,1
902583,901391,1
942996,901568,1
948943,901573,1
918435,901695,1
942450,901828,1
930938,901865,1
943159,902239,1
941530,902248,1
943142,902286,1
938778,902294,1
902366,90231,1
916286,902423,1
943091,902506,1
925868,902642,1
935307,902652,1
924978,902677,1
914446,902723,1
943161,902904,1
928060,902935,1
918690,903271,1
905116,903491,1
924869,903651,2
933757,903657,1
942205,903658,1
941010,903664,1
939751,903666,1
943171,903697,1
919230,903727,2
932095,903731,1
936487,903736,1
933986,903757,1
938807,903896,2
921418,903933,1
897990,903965,1
914876,90427,1
920130,904529,1
943189,904825,2
895828,904865,1
941216,904879,3
937225,904896,1
942055,904914,1
943190,904981,1
955156,905218,1
918828,90529,2
930389,905402,2
950735,905434,1
897761,905446,1
940748,905617,1
939436,905856,1
936104,906052,1
937270,906124,1
937059,906135,1
897966,906200,1
938196,906256,1
926522,906288,1
941986,906347,1
923870,906361,1
947354,906386,1
940130,906427,1
924918,906481,2
943154,906599,1
942744,906603,1
942457,906674,1
941369,906754,2
923777,906778,1
902992,906869,1
952229,906932,1
937101,906945,2
902852,907017,2
931463,907018,1
911856,907083,2
943186,907137,1
943224,907171,1
943187,907176,1
898527,907464,2
940563,907465,1
950095,907468,1
932009,907474,1
943226,907485,1
958608,907499,1
935332,907516,1
939825,907598,1
928788,907614,1
942106,907635,1
915349,907680,2
919943,907706,1
925316,907791,2
942972,907806,2
931202,907963,1
902715,908017,2
924775,908021,1
918445,908127,1
938198,908138,1
920103,908139,2
913709,908177,1
941971,908225,1
937324,908262,1
949995,90832,1
899594,908379,1
851412,908457,2
956975,908569,1
920484,908611,1
923076,908639,1
922345,908706,1
938624,908716,1
935944,908767,1
953573,908846,1
904110,908896,1
932720,908904,1
905738,908907,2
937746,909134,1
920895,909144,2
943326,909170,1
922442,909304,1
925682,909321,3
935468,909358,1
921259,909365,2
920758,909383,4
915100,909407,2
943329,909451,1
958302,909482,1
943330,909526,2
924025,909629,1
954873,909639,1
929666,909719,1
896799,909871,1
943291,909874,1
907027,910032,1
897116,910123,1
943296,910329,1
905160,910474,1
932132,910510,2
906055,910571,1
939453,910621,1
943319,910634,1
953172,910660,1
938542,910688,1
934228,910697,1
933076,910712,1
943321,910762,1
953890,911180,1
918665,911186,1
921283,911195,1
904936,911213,1
922923,911242,1
921058,911291,1
928399,911295,1
926290,911339,1
897879,911385,2
943374,911387,1
936796,911452,1
952398,911469,1
941567,91150,2
919992,911552,1
922108,911574,1
922980,911639,1
943396,911650,2
943376,911676,1
933723,911729,2
926485,911752,1
922921,911761,1
954332,911809,1
922084,911824,3
908575,911827,3
898119,911836,1
919401,911856,1
949920,911896,1
897022,911941,2
943350,911983,1
939202,912026,1
912230,912066,1
943382,912154,1
939330,912166,1
933930,912180,2
941307,912301,1
942020,9124,2
941386,912416,1
943354,912455,1
943355,912502,2
896818,912581,1
940884,912641,1
937079,912660,1
946780,912669,1
947733,912757,1
943386,913154,1
924691,913203,1
937209,913324,1
948985,913377,1
913435,913403,1
926107,913415,1
918754,913462,1
941817,913583,1
906095,913586,1
942701,913606,1
953287,913636,1
943393,913654,1
911274,913668,1
929957,913704,2
926167,913720,1
919436,913796,1
932374,913864,1
950230,913881,1
938058,913930,1
922960,913937,2
940814,913941,1
943372,913964,1
948988,913974,1
931799,914079,1
922443,91408,1
943215,914160,1
946028,914197,1
943373,914207,1
901198,914283,1
937075,914307,1
935999,914313,1
933352,914325,1
910711,914372,2
898873,914522,1
919161,914538,1
916648,914553,1
923721,914646,1
942684,914655,1
943430,914718,1
906563,914725,1
911322,914782,3
943419,914818,2
945541,914820,1
942776,914832,2
926926,914836,1
902162,914870,1
933364,914930,1
929067,914954,1
942306,914987,3
913424,914996,1
921846,915004,2
942372,915005,1
943434,915047,1
943223,915078,1
940894,915181,1
930661,915236,1
938191,915444,1
951453,915449,1
895989,915632,1
943451,915644,1
943424,915725,1
949931,915838,1
946447,916049,1
921026,916077,2
941040,916157,1
943438,916305,1
896279,916308,1
926560,916388,1
917020,916434,1
931433,916481,1
953471,916482,1
943469,916494,1
924873,916561,1
938356,916637,2
927143,916804,1
923801,91687,1
941203,916917,2
943471,916998,2
938111,917012,2
931546,917154,1
922200,917199,1
905700,917212,1
928929,917245,2
943479,917471,2
926709,917730,1
935283,917732,1
943494,917735,1
943526,917741,1
954181,917778,1
929136,917852,1
943482,917921,2
946293,917940,1
943495,917987,1
932897,917995,1
927313,918107,1
935234,918128,1
928819,918184,1
943509,918279,1
937540,918281,1
939190,918397,1
926159,918430,1
918529,918558,1
910087,918585,1
942539,918655,1
913687,918765,1
926417,918804,1
943270,918824,1
948962,918852,1
932828,91894,1
942731,919090,2
943531,919091,1
938086,919133,1
937864,919223,1
911330,919235,1
942680,919304,1
937411,919425,1
939695,919477,1
899870,919479,1
936653,919552,1
925973,919581,1
949689,919634,1
928284,919642,1
895990,919683,2
943499,919699,1
925062,919736,1
922607,91991,2
905594,919971,1
942787,92000,1
939470,920008,1
943538,920038,1
943539,920236,1
933984,920264,1
939552,920272,1
948964,920284,1
911793,920493,1
930089,920563,1
901150,920671,1
941673,920699,1
938593,920756,1
942677,920776,2
956990,920843,1
939644,920880,1
947738,920909,1
942541,920948,2
913921,92099,1
942602,921187,1
946280,921243,1
921122,921438,1
915282,92146,1
937493,921669,1
900671,92186,1
929679,922025,1
943548,92210,1
918672,922276,1
930951,922277,1
938848,922282,1
942295,922322,1
931592,922384,2
929141,922435,1
943336,922485,1
923981,922550,1
954708,922581,1
912176,922671,1
906499,922678,1
943468,922744,1
943440,922762,1
902365,922799,1
904034,922803,1
926387,922822,1
942081,922868,1
927749,922888,1
929105,922985,1
934909,923122,1
895921,923551,1
943564,923554,1
922786,923640,1
921168,923665,1
939906,92377,1
913463,923834,1
936978,924015,1
940231,924203,1
943222,924211,1
941929,924223,1
943213,924374,1
921253,924406,1
942247,924841,1
945840,924877,1
946661,924931,1
936924,924952,1
939599,925232,1
943561,925507,1
906155,925576,1
903316,925578,1
943577,925592,1
926658,925678,1
955015,925782,1
925944,925833,1
934067,926054,2
940367,926058,3
851143,926166,1
920666,926221,1
948996,926248,1
925721,926342,1
909024,926431,1
941187,926579,1
943604,926586,1
942302,926673,1
942303,926739,2
955481,926770,1
928756,926784,1
910115,927195,1
928582,927451,1
952437,927628,1
926429,928026,2
953733,928102,1
943611,928200,1
940820,928220,1
929830,928334,1
941833,928602,1
900223,928625,1
909012,929064,3
942275,929191,1
939868,929218,1
943283,929282,2
943292,929682,2
933355,929685,1
917599,929858,1
935100,929930,1
928835,930039,1
923630,930125,1
907835,930354,1
924127,930393,1
920948,930413,3
933704,930441,1
936825,930486,1
920653,930490,1
922016,930523,1
946973,930594,1
943136,930753,2
936296,930828,1
927518,930856,2
941805,930957,1
929189,931203,1
941218,931268,1
936849,931296,1
940832,931307,1
929734,931326,1
943673,931347,1
942508,931392,1
921903,931456,1
938562,931523,1
941057,931618,1
907528,931684,1
905599,931786,1
943687,931799,1
958993,931814,1
937642,931826,1
901578,931861,1
905502,931863,1
908446,932112,1
939104,932125,1
943677,932142,1
943726,932307,1
943320,932370,2
940199,932379,1
920600,932389,1
926239,932441,1
941847,932465,2
929797,932489,1
937637,932499,1
932975,932538,2
943096,932549,1
897881,932680,1
937318,932726,1
904324,932760,1
940993,932795,1
921534,932878,1
916318,932897,1
943727,932992,1
943728,933211,1
935545,933284,1
910383,933322,1
906746,933370,1
945334,933466,1
936451,933479,1
939098,933500,2
918390,933664,1
904685,933754,1
939507,933819,2
917228,933830,1
918226,933897,1
935128,933908,2
931980,933965,1
920692,933996,1
928571,934158,1
942095,934524,1
925806,934657,1
946479,934659,1
943735,934693,1
896392,934740,1
917429,934772,1
922918,934821,1
959092,934852,1
940936,934879,1
937392,935006,1
955313,935014,1
943738,935209,2
926158,935270,2
942291,935279,1
942894,935294,1
932263,935386,2
958328,935569,1
941629,935620,1
942504,935784,1
896327,935837,1
932100,935899,1
907874,936232,1
927428,936267,1
896351,936325,1
898406,936340,1
937129,936345,2
925751,936418,1
943442,936540,2
921741,936619,1
943752,93665,1
936901,936799,1
926184,936915,1
850338,936959,1
939850,937006,1
937050,937010,1
948993,937064,1
934038,937069,2
927160,937097,1
909065,93741,2
943176,937445,1
933773,937567,1
923318,937687,1
929545,937993,1
948995,938011,1
942420,938040,1
921635,938163,1
932239,938348,2
941338,938502,1
937151,938703,1
913976,938954,1
930121,938974,1
952780,939057,1
938552,93911,1
931263,939139,2
927611,939209,1
942195,939395,1
930518,939578,1
923256,939601,1
940312,939642,1
924628,939654,1
940316,93968,1
927384,939704,1
943071,939706,1
943804,939943,1
942422,939999,2
927490,940055,1
943806,940223,1
937328,940431,1
941610,94044,1
942623,940443,1
956981,940497,1
933759,940533,1
922483,940551,1
915111,940684,1
925600,940948,1
903136,940999,1
914292,941011,1
941520,941141,1
943807,941176,1
953740,941241,1
929671,941242,1
956898,941254,1
938724,941425,2
897343,941479,2
943788,941741,1
941371,941746,1
929546,941767,1
941246,941788,1
942946,941789,2
921631,94190,1
942586,942041,1
914899,94218,2
908428,942251,1
943487,942324,1
928747,942489,2
939103,942513,1
947144,942573,1
935523,942574,1
939680,942627,1
943830,942667,1
936444,94270,1
898131,94272,1
899786,942804,1
903675,942893,1
947650,943112,1
930268,943146,1
943623,943233,1
943831,943330,1
937772,943354,1
943832,943647,1
907316,943984,2
950515,943998,1
902361,944027,1
922568,944083,1
905410,944160,1
943449,94417,1
932004,944639,1
929004,944726,1
937955,944757,1
851460,945265,2
938736,94529,1
911725,945490,1
926022,945750,1
940120,945789,1
940723,945930,1
943849,945941,1
925258,945964,2
922898,946237,2
941946,946249,2
939205,946269,1
850668,946337,1
926435,946340,1
922837,94635,1
899999,946509,1
903474,946556,1
937752,946851,1
943863,946879,1
931001,947035,1
898912,947105,1
946359,94720,1
943891,947231,1
951095,947310,1
901503,947529,2
934499,947913,1
943867,948143,1
942385,948392,2
921100,948437,1
942438,94846,1
936963,948500,1
943882,948513,1
943854,948580,1
930356,948632,1
941657,948768,1
933831,948881,1
927248,948997,2
942340,949127,1
931855,949241,1
939400,949278,1
940284,949513,1
895841,949527,1
943930,949582,1
920749,949648,4
932778,949742,2
943815,949768,1
941945,949930,1
943671,95025,1
912030,950329,1
952584,950604,1
943945,95078,1
942693,950812,1
943918,95083,2
920833,950842,1
943946,950864,1
941525,950865,1
923350,950875,2
921244,951044,1
951364,951081,1
921103,951132,1
927704,951356,3
850934,951376,2
945374,951540,1
942559,951666,1
943212,951667,1
923532,951671,2
955294,951684,1
919609,951757,1
943120,951859,2
941149,95193,1
942599,951947,1
918970,951965,1
901140,951988,1
941170,952000,1
901014,952157,1
919064,952273,1
942663,952337,1
920469,952544,1
941538,952819,1
920677,95285,1
897578,952871,1
942330,953008,1
940942,953026,1
850847,953114,3
926017,953117,1
941663,953336,2
895842,953512,1
930623,953553,1
943936,953756,1
932289,953773,1
943334,953817,1
925406,953840,2
943953,953868,1
929707,954042,2
934008,954261,1
929011,954269,1
955280,954306,1
949038,954466,1
951422,954478,1
937584,954514,2
942770,954627,1
942865,954650,1
897925,954653,1
915670,954741,1
938998,954827,1
943992,954845,1
943981,954860,1
928132,954918,1
932378,955027,1
911776,955425,1
904355,955571,1
931544,955651,1
908851,955727,1
909827,955735,1
917847,955737,2
920710,955822,1
928709,955875,1
926934,955967,2
943823,956041,1
937267,956078,2
943963,956121,1
921763,956214,1
931585,956254,1
903253,956372,1
941976,956389,2
935973,956390,1
936720,956417,1
934818,956434,1
925974,956515,1
933377,956523,2
931396,956744,1
911972,956788,1
943966,95685,1
918356,957002,1
942110,957038,1
903441,957245,1
922541,957320,2
942705,957361,1
940477,957511,1
913277,957787,3
895844,957810,1
943909,958170,1
917329,958188,2
924423,958334,1
951914,958450,1
942105,958678,1
952380,958718,1
944044,958722,1
904158,958755,2
940384,958957,1
902861,958978,1
942466,959194,2
938042,959286,1
935498,959305,1
896083,959342,1
919759,959387,1
943047,959403,1
942572,959541,1
943931,959611,1
944029,959613,1
939069,959645,1
942136,959835,1
908923,959853,1
941199,960007,2
954697,960019,1
947409,960098,1
921856,96014,1
915330,96015,1
934259,960225,2
922680,960381,1
921563,960425,1
932162,960426,1
897692,960435,1
851497,960452,1
956935,960619,1
936520,960642,1
958309,960644,1
936429,960692,2
916825,960718,1
940791,960968,1
944056,961183,1
904813,961198,1
944015,961215,1
945988,961234,1
942026,961259,1
923235,961411,1
946137,961495,1
927108,961536,1
941082,961554,1
922915,961886,1
949508,961932,1
942861,961965,1
940844,961992,1
943202,961996,1
933096,962078,1
902447,962111,2
952137,962143,1
915043,962150,1
938039,962273,1
941694,96233,1
918321,962375,2
942902,962398,2
942122,962466,1
920855,962473,1
910449,962475,2
909282,962537,2
943970,962579,1
921242,962581,1
905718,962687,1
943968,962701,1
920635,962789,3
898679,963057,1
927823,963097,1
906653,963154,2
943971,963291,1
932404,963414,1
921537,963540,1
910737,963560,1
944073,963583,1
949875,963593,1
943904,963664,2
925012,963680,1
940623,963752,1
907358,963816,1
959424,963822,1
904388,963838,2
941918,963844,1
930728,963905,1
951242,963910,1
934958,963917,1
934172,963967,1
942061,963989,1
940826,964135,1
919778,964143,1
922962,964204,1
897615,964271,2
929675,964279,1
918469,964297,1
897262,964317,2
936397,964336,2
909308,964378,1
950731,964388,1
959153,964418,1
921550,964424,1
936151,964444,2
935867,964629,1
897081,964666,1
949001,964695,1
935818,964741,1
940758,964823,1
916406,964911,1
905436,96494,1
951436,964990,1
901028,965106,1
947013,965206,1
936349,965290,1
851560,965401,1
927602,965441,1
950655,965483,1
956871,965535,1
928957,965554,1
953561,965598,1
944105,965756,2
923703,965784,1
937911,965866,1
904848,965870,1
915772,965880,1
950794,965943,1
935807,965974,1
942370,965986,1
928526,965997,1
950718,966013,1
943624,966017,1
953627,966056,1
942981,966123,1
905248,966192,1
904111,966199,1
934174,966218,1
944121,966221,1
929185,966402,1
930240,966481,1
920706,966533,1
949141,966555,1
943764,966582,1
939260,966604,1
929216,966630,1
943895,966644,1
930903,966672,1
950063,966680,1
899554,966744,3
938509,966784,1
922247,966803,1
942562,966885,1
950803,966938,2
909101,966977,1
925580,966990,1
918773,966996,2
921402,96706,2
926882,967068,1
940586,967091,1
926486,967158,1
920373,967161,2
925949,967224,2
941026,967292,1
944093,967447,1
949004,967471,1
934875,967509,1
943553,967530,2
955012,967549,1
949005,967577,1
925379,967638,1
958707,967732,1
939707,967746,1
932839,967754,1
941528,967771,1
923246,967774,1
921959,967778,1
955537,967781,1
943967,967905,1
911650,967928,1
925833,967939,2
944025,967982,1
924661,968003,1
932653,968154,1
932419,96818,1
932708,968197,1
956631,968238,1
936081,968395,1
930108,968410,1
942879,968423,1
949110,968506,1
939134,968568,1
932743,968632,1
941571,96865,3
949509,968651,1
943256,968748,1
919256,968822,1
911763,968853,2
918695,968881,1
901344,968916,1
907767,969004,1
919020,96901,1
939282,969015,1
929085,969054,1
947067,969064,1
905316,969078,1
942870,969090,2
921848,969179,1
937446,969183,1
941584,969191,1
938565,969230,1
914098,969241,1
934396,96926,1
927957,96928,1
918679,969327,1
936999,96936,1
938037,969370,1
943955,969437,1
936009,969487,2
922259,969505,1
949008,969558,1
922033,969577,1
928070,969600,2
921612,969614,1
924397,969694,1
928745,969697,1
932123,969949,1
912603,969950,1
926112,969962,1
940731,970016,1
925603,970034,1
942444,970063,1
947198,970117,2
944170,970213,1
898345,970312,1
925460,970355,1
955358,970360,1
914866,970361,2
928840,970391,1
943514,970429,1
930564,970498,1
953576,970548,1
917688,970569,1
942096,970570,1
920957,970607,1
931035,970628,1
909894,970664,1
926678,970711,1
937989,970717,1
926817,970735,1
906896,970869,1
932930,970902,3
943618,970971,1
921430,970984,1
936416,971051,1
898882,971316,1
909032,971320,1
941269,971381,1
896007,971429,1
905749,971456,1
896482,971679,1
921957,971710,1
935500,971737,1
898182,971742,1
932529,971782,1
919076,971783,1
947661,972096,1
944171,972143,1
921315,972153,1
955320,972167,1
920171,972208,2
927150,972273,2
930986,972302,1
935772,972321,1
905330,972356,1
943934,972379,1
932769,972465,2
910198,972542,3
933032,972764,1
850977,972902,1
938694,972926,1
936708,972935,1
952326,973022,1
943684,973211,1
942232,973356,1
953142,973360,1
899152,973490,1
950380,973529,1
943951,973700,1
935825,973721,1
929205,973811,2
944035,973845,1
941259,973928,1
920126,973947,1
920317,973963,1
933836,974051,2
941192,974075,1
955376,974098,1
900504,974188,1
911182,974194,1
895940,974318,1
940542,974406,1
906434,974476,1
929997,974573,1
939162,974577,1
947601,974600,1
930174,974615,1
920246,974619,1
944119,974720,1
944182,974819,1
930217,974893,1
943987,974916,1
910901,974977,1
905234,974985,2
931983,975074,1
930704,975089,1
944063,975115,1
908359,975237,1
912134,975242,1
942636,975249,1
921615,975451,1
929872,975579,1
911913,975705,1
915398,975839,1
928847,975884,1
950313,975887,1
959760,975900,1
929270,976056,1
942254,976260,1
944030,976277,1
939578,976360,1
939296,976421,1
951129,976426,1
914633,976447,1
928944,976497,1
944158,976520,1
944013,976562,2
938535,976567,1
922717,976569,1
923953,97658,1
938444,976687,1
935742,976820,1
943135,976914,1
944092,976939,1
901215,977072,1
949808,977142,1
925059,977223,1
899637,977628,1
954354,977691,1
944189,977805,1
929594,977815,1
944187,97784,1
941432,977965,2
925134,977997,1
942645,978288,1
939548,978358,1
907510,978367,1
900796,978411,1
944190,978567,1
941702,978657,1
918064,978747,1
902048,978751,1
942365,978958,1
902590,978971,1
931101,979012,1
908160,979022,1
928139,979034,1
851493,979037,1
942587,979045,2
942034,979101,1
901859,979123,1
937689,979139,1
938767,979495,1
946482,979533,1
947466,979729,1
943661,979742,1
955135,979906,1
944196,979923,2
905761,980053,2
850991,980076,2
901452,980084,1
900405,980152,2
900628,980317,1
923850,980353,1
926876,980442,1
899515,980476,1
918213,980558,1
930138,980626,2
930311,980673,1
943302,980696,1
949027,980697,1
933108,980808,1
934621,980840,1
942649,980861,2
944164,980888,1
944200,980929,1
943676,980978,1
921811,981111,1
939174,981315,1
950929,981589,1
929655,981633,1
936030,981689,1
944206,981701,1
925211,981826,1
949028,981972,1
931737,981976,1
920725,982133,1
941436,982282,1
941642,982334,1
908981,98254,1
932068,982563,1
902877,982590,1
944193,982695,2
944032,982810,1
929687,982851,1
942164,982854,1
944104,982950,1
909278,983023,1
923812,983149,1
920577,983263,1
934314,983316,2
955442,983381,1
923923,983446,1
952689,983539,1
933636,983542,1
925881,983623,1
900167,983664,1
903394,983725,2
920614,983979,2
943756,984264,1
955216,984327,1
918868,984416,1
942949,984421,1
918716,98448,1
952734,984635,1
941591,984847,2
912825,984953,1
952985,984977,1
895776,985015,1
902570,985084,1
943792,985205,1
937707,985223,1
947483,985227,1
936850,985247,1
943517,985309,1
939355,985320,1
915235,985470,1
926127,98569,1
943979,985885,1
941857,985971,1
902515,98599,3
942910,986062,1
909339,986087,1
902209,986207,1
939024,986261,1
929018,986417,1
947560,986758,2
947365,986792,1
907363,986876,1
931846,987154,1
897633,987175,1
937990,987341,2
920531,987465,1
899655,987517,1
949526,987593,1
943794,987648,1
930188,987795,1
949269,987851,1
955154,988000,1
923622,988031,1
943569,988050,2
921574,988092,1
944111,988145,1
931768,988271,1
942067,988276,1
925993,988277,1
943795,988574,1
942624,988575,1
912322,988653,2
938435,988816,1
941760,988822,1
938283,988869,1
930357,988934,2
946693,989018,1
944021,98916,1
952056,989351,1
956910,989523,1
924512,989548,1
905046,98957,1
951081,989616,1
938461,989746,2
908114,989759,1
954566,989798,1
920045,989832,1
929923,989848,1
944128,989925,1
926126,990013,1
919237,990086,1
940961,990142,1
904503,990287,2
943828,99034,1
955201,990477,1
926818,990528,1
940500,990635,1
942394,990653,1
922438,990886,1
905156,990985,1
941838,991008,1
910519,991038,2
937887,991049,1
921595,991071,2
941708,991073,1
943504,991074,1
907460,991095,1
946872,991108,1
935591,991302,1
941326,99138,1
938653,991497,1
934856,991597,1
947673,991662,1
943746,991705,1
943017,991783,1
941763,992071,1
940528,992118,1
941736,992135,1
949341,992163,2
942967,992204,1
942074,992214,1
929575,99223,1
932333,992327,1
925681,992497,1
920055,992572,1
933079,992619,1
928254,992679,1
903524,992903,1
936869,992944,1
945674,993065,1
936129,993083,1
933341,993351,1
939745,993415,1
944177,993486,1
943394,993556,1
928676,993560,1
938401,993577,1
906117,993714,1
943485,993785,1
929442,993799,2
939500,993815,1
954978,993855,1
921203,993866,2
943721,993900,1
928369,993920,1
953051,994259,1
938354,994327,1
940566,994453,2
941356,994529,1
937285,994594,3
944070,994597,1
949134,994607,1
920629,994661,1
908529,994676,2
942558,994681,1
944185,994787,1
851378,994810,1
944245,994920,1
937406,994937,2
921197,994979,2
936563,995017,1
923587,995084,1
922803,995116,1
903547,995138,1
940469,995515,2
941856,995594,2
940114,995630,1
907869,995649,1
922842,995670,1
925789,995727,1
943426,99584,1
904458,995846,1
910079,995857,2
940808,995918,1
850820,99605,2
944060,99615,1
958749,996222,1
943240,99638,1
941478,996479,1
941268,996480,2
929603,996653,1
949052,996758,1
938929,996846,1
924280,997000,2
899210,997088,1
944229,99709,1
942563,997118,1
932073,997159,2
944249,997185,1
936935,997195,1
922005,997197,1
938521,997221,1
850860,997245,1
850618,997251,2
925088,997273,1
903383,997361,1
928336,997497,1
935747,997731,2
924584,99781,1
931687,997857,1
941527,997952,1
943000,997963,1
940435,997970,1
921269,99801,1
950796,998043,1
943168,998060,1
935962,998069,1
909455,998130,1
906012,998348,1
930831,998419,1
904895,998424,1
939281,998475,1
851546,998566,1
939204,998574,1
943034,998726,1
935765,998911,1
900090,999042,1
919404,999101,1
905069,999161,2
943942,999427,1
942516,999441,1
943859,999495,1
896765,99956,1
922082,999590,1
914146,999619,2
943340,99965,1
943778,99967,1
900007,999732,1
917823,99977,1
939389,999964,2
